10
A          0.0000000 0.9010434 0.9212141 0.7637850 0.8921569 0.7043207 0.8733300 0.6726255 0.6147891 0.6247160 
B          0.9010434 0.0000000 0.9611506 0.7276072 0.9165030 0.6227639 0.7479515 0.6656112 0.5802294 0.5434878 
C          0.9212141 0.9611506 0.0000000 0.7339929 1.0893622 0.7052191 0.8760812 0.7687379 0.7158203 0.7039733 
D          0.7637850 0.7276072 0.7339929 0.0000000 0.6602624 0.5184523 0.6486420 0.5225301 0.4157078 0.4195647 
E          0.8921569 0.9165030 1.0893622 0.6602624 0.0000000 0.6269797 0.6988326 0.5726798 0.5211295 0.5034486 
F          0.7043207 0.6227639 0.7052191 0.5184523 0.6269797 0.0000000 0.4892361 0.4336708 0.3581520 0.3525276 
G          0.8733300 0.7479515 0.8760812 0.6486420 0.6988326 0.4892361 0.0000000 0.4994333 0.4314971 0.4298318 
H          0.6726255 0.6656112 0.7687379 0.5225301 0.5726798 0.4336708 0.4994333 0.0000000 0.3420340 0.3456072 
I          0.6147891 0.5802294 0.7158203 0.4157078 0.5211295 0.3581520 0.4314971 0.3420340 0.0000000 0.2493742 
J          0.6247160 0.5434878 0.7039733 0.4195647 0.5034486 0.3525276 0.4298318 0.3456072 0.2493742 0.0000000 
