10
A          0.0000000 0.7039673 0.7715096 0.6031695 0.8921786 0.6136299 0.6996623 0.6221456 0.5416473 0.5340098 
B          0.7039673 0.0000000 0.7910433 0.4706719 0.8045166 0.4642859 0.5988345 0.4727290 0.4355977 0.4324330 
C          0.7715096 0.7910433 0.0000000 0.6382729 0.8144616 0.5546848 0.6342373 0.5628752 0.5716068 0.5570079 
D          0.6031695 0.4706719 0.6382729 0.0000000 0.6538731 0.3965094 0.4806348 0.3865618 0.3320238 0.3288885 
E          0.8921786 0.8045166 0.8144616 0.6538731 0.0000000 0.6234736 0.7426644 0.6976260 0.5951937 0.6028061 
F          0.6136299 0.4642859 0.5546848 0.3965094 0.6234736 0.0000000 0.3861229 0.3703433 0.2748872 0.2738939 
G          0.6996623 0.5988345 0.6342373 0.4806348 0.7426644 0.3861229 0.0000000 0.4621151 0.4001096 0.3519141 
H          0.6221456 0.4727290 0.5628752 0.3865618 0.6976260 0.3703433 0.4621151 0.0000000 0.3272826 0.3569332 
I          0.5416473 0.4355977 0.5716068 0.3320238 0.5951937 0.2748872 0.4001096 0.3272826 0.0000000 0.2348077 
J          0.5340098 0.4324330 0.5570079 0.3288885 0.6028061 0.2738939 0.3519141 0.3569332 0.2348077 0.0000000 
