10
A          0.0000000 0.7632684 0.9323545 0.6934302 0.7530030 0.5699488 0.6567819 0.6098649 0.4882456 0.4941992 
B          0.7632684 0.0000000 0.8249372 0.6634740 0.7788393 0.5423594 0.6404443 0.6502019 0.4935005 0.4752696 
C          0.9323545 0.8249372 0.0000000 0.7737869 0.7804945 0.6258708 0.7014167 0.6924953 0.5841487 0.5597381 
D          0.6934302 0.6634740 0.7737869 0.0000000 0.6520067 0.4262788 0.5319833 0.4323302 0.3771827 0.3761248 
E          0.7530030 0.7788393 0.7804945 0.6520067 0.0000000 0.4935064 0.5970114 0.5586604 0.4609688 0.4920839 
F          0.5699488 0.5423594 0.6258708 0.4262788 0.4935064 0.0000000 0.4105494 0.3814150 0.2657636 0.2780199 
G          0.6567819 0.6404443 0.7014167 0.5319833 0.5970114 0.4105494 0.0000000 0.4821657 0.3962619 0.4187750 
H          0.6098649 0.6502019 0.6924953 0.4323302 0.5586604 0.3814150 0.4821657 0.0000000 0.3123795 0.3352015 
I          0.4882456 0.4935005 0.5841487 0.3771827 0.4609688 0.2657636 0.3962619 0.3123795 0.0000000 0.2179754 
J          0.4941992 0.4752696 0.5597381 0.3761248 0.4920839 0.2780199 0.4187750 0.3352015 0.2179754 0.0000000 
