10
A          0.0000000 0.8906165 0.9817794 0.7495140 0.9651317 0.6573901 0.8880121 0.8404305 0.7308449 0.7321285 
B          0.8906165 0.0000000 1.0330634 0.6748025 0.8329841 0.5825004 0.6346204 0.6365546 0.5264241 0.4926969 
C          0.9817794 1.0330634 0.0000000 0.7672171 1.2055739 0.7165462 0.8936332 0.7676946 0.7528969 0.7451030 
D          0.7495140 0.6748025 0.7672171 0.0000000 0.8292694 0.5235389 0.6912365 0.6400882 0.5052889 0.4671674 
E          0.9651317 0.8329841 1.2055739 0.8292694 0.0000000 0.6483670 0.7462019 0.7541316 0.6282049 0.5913642 
F          0.6573901 0.5825004 0.7165462 0.5235389 0.6483670 0.0000000 0.5346086 0.4317472 0.4073901 0.3638844 
G          0.8880121 0.6346204 0.8936332 0.6912365 0.7462019 0.5346086 0.0000000 0.6011791 0.4764065 0.4450670 
H          0.8404305 0.6365546 0.7676946 0.6400882 0.7541316 0.4317472 0.6011791 0.0000000 0.3975397 0.4023652 
I          0.7308449 0.5264241 0.7528969 0.5052889 0.6282049 0.4073901 0.4764065 0.3975397 0.0000000 0.3019139 
J          0.7321285 0.4926969 0.7451030 0.4671674 0.5913642 0.3638844 0.4450670 0.4023652 0.3019139 0.0000000 
