10
A          0.0000000 0.8181667 0.9637296 0.7526088 0.8657561 0.6683205 0.7479858 0.7462683 0.6466791 0.6253967 
B          0.8181667 0.0000000 1.0047627 0.6748599 0.6372641 0.5606643 0.7453790 0.6176062 0.5277240 0.4557801 
C          0.9637296 1.0047627 0.0000000 0.7408410 0.7713407 0.6429231 0.7721420 0.6843640 0.6326001 0.5801073 
D          0.7526088 0.6748599 0.7408410 0.0000000 0.5936500 0.4542241 0.5772570 0.4794792 0.3695686 0.3565628 
E          0.8657561 0.6372641 0.7713407 0.5936500 0.0000000 0.4731516 0.5756198 0.5255487 0.4575025 0.4049902 
F          0.6683205 0.5606643 0.6429231 0.4542241 0.4731516 0.0000000 0.4451506 0.3791095 0.2950967 0.2608546 
G          0.7479858 0.7453790 0.7721420 0.5772570 0.5756198 0.4451506 0.0000000 0.5107399 0.4135213 0.3833222 
H          0.7462683 0.6176062 0.6843640 0.4794792 0.5255487 0.3791095 0.5107399 0.0000000 0.3224381 0.3116405 
I          0.6466791 0.5277240 0.6326001 0.3695686 0.4575025 0.2950967 0.4135213 0.3224381 0.0000000 0.2218468 
J          0.6253967 0.4557801 0.5801073 0.3565628 0.4049902 0.2608546 0.3833222 0.3116405 0.2218468 0.0000000 
