10
A          0.0000000 0.8532914 0.9303539 0.7114199 0.8814038 0.6961692 0.8019093 0.6691351 0.6197869 0.6278806 
B          0.8532914 0.0000000 0.9079807 0.6833129 0.9006423 0.6286752 0.7887464 0.6584776 0.5586514 0.5714407 
C          0.9303539 0.9079807 0.0000000 0.7966444 0.8360551 0.6461414 0.7708152 0.7296188 0.6112055 0.6185054 
D          0.7114199 0.6833129 0.7966444 0.0000000 0.7386091 0.4431386 0.6221164 0.5255234 0.3989687 0.4171777 
E          0.8814038 0.9006423 0.8360551 0.7386091 0.0000000 0.5847220 0.8175344 0.6756790 0.5360314 0.5752791 
F          0.6961692 0.6286752 0.6461414 0.4431386 0.5847220 0.0000000 0.4766613 0.3930541 0.2864080 0.2936251 
G          0.8019093 0.7887464 0.7708152 0.6221164 0.8175344 0.4766613 0.0000000 0.6156863 0.4177906 0.4652454 
H          0.6691351 0.6584776 0.7296188 0.5255234 0.6756790 0.3930541 0.6156863 0.0000000 0.3610574 0.3732490 
I          0.6197869 0.5586514 0.6112055 0.3989687 0.5360314 0.2864080 0.4177906 0.3610574 0.0000000 0.2325031 
J          0.6278806 0.5714407 0.6185054 0.4171777 0.5752791 0.2936251 0.4652454 0.3732490 0.2325031 0.0000000 
