10
A          0.0000000 0.7770719 0.8069657 0.6872721 1.0093125 0.5959610 0.6940253 0.7386401 0.6051282 0.5807464 
B          0.7770719 0.0000000 0.8352013 0.5936154 0.7581380 0.5622170 0.6400116 0.6251499 0.4600349 0.5185969 
C          0.8069657 0.8352013 0.0000000 0.6054654 0.8200794 0.5752476 0.5766613 0.6206953 0.5309493 0.5444026 
D          0.6872721 0.5936154 0.6054654 0.0000000 0.6679081 0.3856387 0.4603098 0.4754767 0.3898505 0.3972922 
E          1.0093125 0.7581380 0.8200794 0.6679081 0.0000000 0.5993120 0.6814985 0.6721533 0.5827618 0.5778472 
F          0.5959610 0.5622170 0.5752476 0.3856387 0.5993120 0.0000000 0.3915704 0.3900611 0.3072477 0.3237271 
G          0.6940253 0.6400116 0.5766613 0.4603098 0.6814985 0.3915704 0.0000000 0.4485338 0.3556694 0.3909005 
H          0.7386401 0.6251499 0.6206953 0.4754767 0.6721533 0.3900611 0.4485338 0.0000000 0.3560984 0.3663683 
I          0.6051282 0.4600349 0.5309493 0.3898505 0.5827618 0.3072477 0.3556694 0.3560984 0.0000000 0.2683053 
J          0.5807464 0.5185969 0.5444026 0.3972922 0.5778472 0.3237271 0.3909005 0.3663683 0.2683053 0.0000000 
