10
A          0.0000000 0.7726930 0.9452444 0.6353345 0.7632334 0.5887548 0.7515903 0.7923593 0.5680015 0.5011421 
B          0.7726930 0.0000000 0.8485251 0.6037805 0.7483217 0.5454208 0.7161501 0.7009411 0.4869180 0.5189001 
C          0.9452444 0.8485251 0.0000000 0.7380830 0.8904583 0.6908715 0.7434479 0.7939466 0.6010384 0.6181381 
D          0.6353345 0.6037805 0.7380830 0.0000000 0.6051380 0.4485933 0.5613084 0.5000950 0.3649742 0.3309512 
E          0.7632334 0.7483217 0.8904583 0.6051380 0.0000000 0.5525072 0.6566522 0.6433683 0.4875987 0.4752715 
F          0.5887548 0.5454208 0.6908715 0.4485933 0.5525072 0.0000000 0.5285626 0.5175260 0.3214640 0.3096012 
G          0.7515903 0.7161501 0.7434479 0.5613084 0.6566522 0.5285626 0.0000000 0.6179871 0.4713744 0.4522618 
H          0.7923593 0.7009411 0.7939466 0.5000950 0.6433683 0.5175260 0.6179871 0.0000000 0.4073406 0.3857738 
I          0.5680015 0.4869180 0.6010384 0.3649742 0.4875987 0.3214640 0.4713744 0.4073406 0.0000000 0.1988353 
J          0.5011421 0.5189001 0.6181381 0.3309512 0.4752715 0.3096012 0.4522618 0.3857738 0.1988353 0.0000000 
