10
A          0.0000000 0.8275415 0.9841774 0.7505741 0.8532509 0.7039217 0.7938403 0.7096566 0.5977121 0.6172955 
B          0.8275415 0.0000000 0.8808197 0.6570546 0.6921070 0.5013333 0.7020807 0.5771965 0.4554975 0.4696351 
C          0.9841774 0.8808197 0.0000000 0.7893344 0.8565313 0.6690689 0.8631336 0.7979869 0.6557417 0.6021552 
D          0.7505741 0.6570546 0.7893344 0.0000000 0.6321946 0.3832788 0.6185467 0.4709619 0.3822424 0.3503656 
E          0.8532509 0.6921070 0.8565313 0.6321946 0.0000000 0.5409927 0.7473239 0.6212366 0.5011362 0.5016466 
F          0.7039217 0.5013333 0.6690689 0.3832788 0.5409927 0.0000000 0.5483218 0.3784054 0.2604812 0.2644225 
G          0.7938403 0.7020807 0.8631336 0.6185467 0.7473239 0.5483218 0.0000000 0.5552265 0.4717036 0.5107342 
H          0.7096566 0.5771965 0.7979869 0.4709619 0.6212366 0.3784054 0.5552265 0.0000000 0.3430693 0.3531750 
I          0.5977121 0.4554975 0.6557417 0.3822424 0.5011362 0.2604812 0.4717036 0.3430693 0.0000000 0.2308532 
J          0.6172955 0.4696351 0.6021552 0.3503656 0.5016466 0.2644225 0.5107342 0.3531750 0.2308532 0.0000000 
