10
A          0.0000000 0.8020529 0.9020476 0.7608195 1.0289892 0.6074265 0.7419790 0.7926158 0.6065467 0.7661577 
B          0.8020529 0.0000000 0.9138639 0.6141849 0.8280033 0.5696936 0.6474360 0.6084287 0.5639008 0.5542695 
C          0.9020476 0.9138639 0.0000000 0.6364804 1.0462410 0.6352309 0.7878902 0.8238182 0.6585148 0.7304543 
D          0.7608195 0.6141849 0.6364804 0.0000000 0.7320417 0.3592658 0.5350024 0.5270403 0.3950631 0.5130164 
E          1.0289892 0.8280033 1.0462410 0.7320417 0.0000000 0.6164272 0.7765499 0.8244463 0.6477560 0.7447021 
F          0.6074265 0.5696936 0.6352309 0.3592658 0.6164272 0.0000000 0.4370608 0.4244244 0.3202487 0.3649414 
G          0.7419790 0.6474360 0.7878902 0.5350024 0.7765499 0.4370608 0.0000000 0.5762899 0.4403955 0.5424884 
H          0.7926158 0.6084287 0.8238182 0.5270403 0.8244463 0.4244244 0.5762899 0.0000000 0.4135838 0.4676461 
I          0.6065467 0.5639008 0.6585148 0.3950631 0.6477560 0.3202487 0.4403955 0.4135838 0.0000000 0.3196023 
J          0.7661577 0.5542695 0.7304543 0.5130164 0.7447021 0.3649414 0.5424884 0.4676461 0.3196023 0.0000000 
