10
A          0.0000000 1.0690750 1.0781129 0.8766439 1.0922534 0.7596979 0.9272676 0.9101565 0.6955808 0.7554171 
B          1.0690750 0.0000000 1.0601583 0.7873913 0.8590496 0.5955004 0.7102764 0.6886483 0.5003689 0.5263631 
C          1.0781129 1.0601583 0.0000000 0.8920573 1.0277075 0.7282480 0.8297355 0.7888370 0.6742609 0.7037915 
D          0.8766439 0.7873913 0.8920573 0.0000000 0.7542243 0.4918500 0.7386579 0.6814696 0.5099796 0.5397238 
E          1.0922534 0.8590496 1.0277075 0.7542243 0.0000000 0.6851410 0.8961683 0.7153827 0.6379389 0.6481394 
F          0.7596979 0.5955004 0.7282480 0.4918500 0.6851410 0.0000000 0.4975833 0.4941845 0.3384566 0.3349059 
G          0.9272676 0.7102764 0.8297355 0.7386579 0.8961683 0.4975833 0.0000000 0.5899404 0.4352244 0.4956396 
H          0.9101565 0.6886483 0.7888370 0.6814696 0.7153827 0.4941845 0.5899404 0.0000000 0.3979689 0.3774576 
I          0.6955808 0.5003689 0.6742609 0.5099796 0.6379389 0.3384566 0.4352244 0.3979689 0.0000000 0.2236922 
J          0.7554171 0.5263631 0.7037915 0.5397238 0.6481394 0.3349059 0.4956396 0.3774576 0.2236922 0.0000000 
