10
A          0.0000000 1.1376186 1.2433254 0.8537625 1.1092736 0.9006138 1.0774046 1.0177540 0.8952492 0.9080213 
B          1.1376186 0.0000000 0.9993156 0.7644693 0.7883522 0.5915522 0.6281308 0.6083489 0.4841150 0.5361576 
C          1.2433254 0.9993156 0.0000000 0.9274919 0.9765121 0.7835517 1.0927420 1.0436704 0.8028643 0.8371606 
D          0.8537625 0.7644693 0.9274919 0.0000000 0.8423655 0.5267799 0.7138627 0.6537067 0.5705824 0.5857853 
E          1.1092736 0.7883522 0.9765121 0.8423655 0.0000000 0.6042467 0.7854032 0.8164119 0.5662825 0.6302303 
F          0.9006138 0.5915522 0.7835517 0.5267799 0.6042467 0.0000000 0.5643028 0.5106547 0.4126302 0.4200359 
G          1.0774046 0.6281308 1.0927420 0.7138627 0.7854032 0.5643028 0.0000000 0.6222554 0.4510878 0.4862736 
H          1.0177540 0.6083489 1.0436704 0.6537067 0.8164119 0.5106547 0.6222554 0.0000000 0.3577419 0.3548652 
I          0.8952492 0.4841150 0.8028643 0.5705824 0.5662825 0.4126302 0.4510878 0.3577419 0.0000000 0.2387243 
J          0.9080213 0.5361576 0.8371606 0.5857853 0.6302303 0.4200359 0.4862736 0.3548652 0.2387243 0.0000000 
