10
A          0.0000000 1.0648035 1.0120139 0.7813377 1.0970351 0.7659300 1.0164323 0.8403051 0.7737874 0.7508325 
B          1.0648035 0.0000000 0.9346690 0.5927029 0.9817191 0.5642158 0.7440862 0.6375373 0.5179178 0.5284448 
C          1.0120139 0.9346690 0.0000000 0.7026591 0.9684651 0.6713876 0.9386893 0.7271982 0.6332087 0.7034924 
D          0.7813377 0.5927029 0.7026591 0.0000000 0.6507662 0.4080190 0.5575597 0.4750023 0.3285908 0.4019095 
E          1.0970351 0.9817191 0.9684651 0.6507662 0.0000000 0.6277104 0.7307222 0.6804413 0.5479720 0.6297016 
F          0.7659300 0.5642158 0.6713876 0.4080190 0.6277104 0.0000000 0.5564667 0.3751312 0.3004405 0.3331770 
G          1.0164323 0.7440862 0.9386893 0.5575597 0.7307222 0.5564667 0.0000000 0.5829220 0.4910577 0.5550437 
H          0.8403051 0.6375373 0.7271982 0.4750023 0.6804413 0.3751312 0.5829220 0.0000000 0.3732848 0.3653933 
I          0.7737874 0.5179178 0.6332087 0.3285908 0.5479720 0.3004405 0.4910577 0.3732848 0.0000000 0.2844425 
J          0.7508325 0.5284448 0.7034924 0.4019095 0.6297016 0.3331770 0.5550437 0.3653933 0.2844425 0.0000000 
