10
A          0.0000000 0.5124045 0.6195791 0.6423282 0.6852793 0.5815046 0.6136344 0.3866268 0.6951174 0.5090770 
B          0.5124045 0.0000000 0.7312302 0.6892652 0.8079940 0.6503342 0.6547516 0.4751568 0.8037274 0.6354922 
C          0.6195791 0.7312302 0.0000000 0.7657911 0.8093879 0.7106595 0.8145801 0.5199664 0.8913646 0.6702700 
D          0.6423282 0.6892652 0.7657911 0.0000000 0.9573718 0.7248284 0.7198703 0.5482382 0.8853545 0.7099209 
E          0.6852793 0.8079940 0.8093879 0.9573718 0.0000000 0.7830471 0.8491075 0.5491894 1.0893941 0.6437683 
F          0.5815046 0.6503342 0.7106595 0.7248284 0.7830471 0.0000000 0.7620994 0.5294542 0.9210444 0.6065476 
G          0.6136344 0.6547516 0.8145801 0.7198703 0.8491075 0.7620994 0.0000000 0.5528016 0.8578670 0.6707793 
H          0.3866268 0.4751568 0.5199664 0.5482382 0.5491894 0.5294542 0.5528016 0.0000000 0.7027770 0.4421052 
I          0.6951174 0.8037274 0.8913646 0.8853545 1.0893941 0.9210444 0.8578670 0.7027770 0.0000000 0.8299985 
J          0.5090770 0.6354922 0.6702700 0.7099209 0.6437683 0.6065476 0.6707793 0.4421052 0.8299985 0.0000000 
