10
A          0.0000000 0.4879010 0.6531336 0.5816983 0.8151391 0.5311223 0.6367530 0.3319664 0.7789298 0.4815500 
B          0.4879010 0.0000000 0.6996120 0.5920155 0.8014873 0.6208036 0.7520304 0.3548636 0.8081937 0.5625442 
C          0.6531336 0.6996120 0.0000000 0.7170205 0.9419866 0.7016148 0.8098966 0.4779761 0.9601130 0.6378689 
D          0.5816983 0.5920155 0.7170205 0.0000000 0.8632972 0.6010059 0.8143216 0.3845840 0.8921526 0.5751924 
E          0.8151391 0.8014873 0.9419866 0.8632972 0.0000000 0.8207327 0.8823711 0.5949514 0.9588942 0.8292573 
F          0.5311223 0.6208036 0.7016148 0.6010059 0.8207327 0.0000000 0.7115587 0.3692959 0.8298262 0.5583079 
G          0.6367530 0.7520304 0.8098966 0.8143216 0.8823711 0.7115587 0.0000000 0.5247227 1.1002240 0.7039406 
H          0.3319664 0.3548636 0.4779761 0.3845840 0.5949514 0.3692959 0.5247227 0.0000000 0.6075698 0.3538357 
I          0.7789298 0.8081937 0.9601130 0.8921526 0.9588942 0.8298262 1.1002240 0.6075698 0.0000000 0.8130181 
J          0.4815500 0.5625442 0.6378689 0.5751924 0.8292573 0.5583079 0.7039406 0.3538357 0.8130181 0.0000000 
