10
A          0.0000000 0.7285443 0.8016396 0.6847360 0.8704457 0.6778035 0.8172258 0.5814438 0.9028681 0.7045086 
B          0.7285443 0.0000000 0.8781368 0.8263333 1.1153557 0.9096910 0.7157204 0.7107184 0.9936579 0.8951068 
C          0.8016396 0.8781368 0.0000000 0.6336681 1.0703941 0.8429425 1.0100037 0.6459326 1.0836464 0.7994326 
D          0.6847360 0.8263333 0.6336681 0.0000000 0.9519175 0.8202056 0.7756488 0.5891488 0.8766766 0.7127398 
E          0.8704457 1.1153557 1.0703941 0.9519175 0.0000000 0.9141031 1.1554827 0.6860512 1.2917632 0.8655656 
F          0.6778035 0.9096910 0.8429425 0.8202056 0.9141031 0.0000000 0.9783495 0.5383672 1.0898856 0.7386428 
G          0.8172258 0.7157204 1.0100037 0.7756488 1.1554827 0.9783495 0.0000000 0.6713537 0.9090578 0.9377234 
H          0.5814438 0.7107184 0.6459326 0.5891488 0.6860512 0.5383672 0.6713537 0.0000000 0.7803224 0.5054005 
I          0.9028681 0.9936579 1.0836464 0.8766766 1.2917632 1.0898856 0.9090578 0.7803224 0.0000000 1.0497619 
J          0.7045086 0.8951068 0.7994326 0.7127398 0.8655656 0.7386428 0.9377234 0.5054005 1.0497619 0.0000000 
