10
A          0.0000000 0.5571545 0.5910097 0.5058623 0.6763085 0.5268776 0.6331906 0.2904423 0.8306174 0.4816216 
B          0.5571545 0.0000000 0.6837365 0.6658313 0.7373974 0.6140254 0.7117943 0.4124698 1.0073032 0.5563799 
C          0.5910097 0.6837365 0.0000000 0.8201054 0.8375799 0.6907230 0.7815800 0.5179921 1.0340373 0.5969348 
D          0.5058623 0.6658313 0.8201054 0.0000000 0.7510466 0.5685487 0.7873849 0.4455602 0.8962120 0.6027675 
E          0.6763085 0.7373974 0.8375799 0.7510466 0.0000000 0.7234455 0.9848132 0.5384012 0.8936643 0.6427097 
F          0.5268776 0.6140254 0.6907230 0.5685487 0.7234455 0.0000000 0.7338996 0.3893063 0.8668330 0.5952305 
G          0.6331906 0.7117943 0.7815800 0.7873849 0.9848132 0.7338996 0.0000000 0.5305389 1.1353196 0.6237705 
H          0.2904423 0.4124698 0.5179921 0.4455602 0.5384012 0.3893063 0.5305389 0.0000000 0.6814211 0.3445858 
I          0.8306174 1.0073032 1.0340373 0.8962120 0.8936643 0.8668330 1.1353196 0.6814211 0.0000000 0.8736494 
J          0.4816216 0.5563799 0.5969348 0.6027675 0.6427097 0.5952305 0.6237705 0.3445858 0.8736494 0.0000000 
