10
A          0.0000000 0.5765353 0.6049805 0.5588508 0.7289185 0.6030700 0.5807743 0.4060597 0.8317830 0.5556570 
B          0.5765353 0.0000000 0.6726703 0.7218383 0.8315064 0.6633949 0.6629582 0.4968544 0.9848877 0.5818219 
C          0.6049805 0.6726703 0.0000000 0.7318613 0.7652198 0.6777982 0.6849341 0.4858525 0.9567072 0.6369158 
D          0.5588508 0.7218383 0.7318613 0.0000000 0.8211972 0.6551260 0.6439077 0.4869660 0.9407577 0.6263481 
E          0.7289185 0.8315064 0.7652198 0.8211972 0.0000000 0.7377976 0.7899951 0.5335130 0.8978005 0.7243934 
F          0.6030700 0.6633949 0.6777982 0.6551260 0.7377976 0.0000000 0.6452989 0.4016986 0.8411811 0.5519709 
G          0.5807743 0.6629582 0.6849341 0.6439077 0.7899951 0.6452989 0.0000000 0.4757776 0.9164340 0.6629667 
H          0.4060597 0.4968544 0.4858525 0.4869660 0.5335130 0.4016986 0.4757776 0.0000000 0.6713787 0.3291793 
I          0.8317830 0.9848877 0.9567072 0.9407577 0.8978005 0.8411811 0.9164340 0.6713787 0.0000000 0.8038670 
J          0.5556570 0.5818219 0.6369158 0.6263481 0.7243934 0.5519709 0.6629667 0.3291793 0.8038670 0.0000000 
