10
A          0.0000000 0.6321174 0.7392181 0.6242474 0.6805229 0.6296048 0.6726984 0.4346956 0.8501494 0.6359615 
B          0.6321174 0.0000000 0.9254424 0.7665930 0.9763649 0.8326091 0.8442480 0.6001161 0.8827557 0.8162314 
C          0.7392181 0.9254424 0.0000000 0.8424256 0.9589801 0.9382805 0.9505459 0.6566793 1.1738016 0.8499401 
D          0.6242474 0.7665930 0.8424256 0.0000000 0.7568223 0.6981623 0.7652680 0.5148980 0.9233097 0.7682433 
E          0.6805229 0.9763649 0.9589801 0.7568223 0.0000000 0.6979970 0.9463496 0.5760568 1.1612665 0.7281997 
F          0.6296048 0.8326091 0.9382805 0.6981623 0.6979970 0.0000000 0.8453287 0.4216319 0.9305413 0.6401586 
G          0.6726984 0.8442480 0.9505459 0.7652680 0.9463496 0.8453287 0.0000000 0.6702947 0.9367386 0.8261758 
H          0.4346956 0.6001161 0.6566793 0.5148980 0.5760568 0.4216319 0.6702947 0.0000000 0.7744790 0.4299762 
I          0.8501494 0.8827557 1.1738016 0.9233097 1.1612665 0.9305413 0.9367386 0.7744790 0.0000000 1.0520513 
J          0.6359615 0.8162314 0.8499401 0.7682433 0.7281997 0.6401586 0.8261758 0.4299762 1.0520513 0.0000000 
