10
A          0.0000000 0.6110932 0.6768411 0.5175363 0.6276550 0.6060519 0.6939439 0.3972878 0.6484428 0.5008037 
B          0.6110932 0.0000000 0.7646705 0.6992267 0.7181206 0.6647643 0.7497617 0.4830076 0.7705242 0.6501341 
C          0.6768411 0.7646705 0.0000000 0.7801861 0.8453393 0.7099260 0.8510493 0.5548187 0.7527934 0.8149479 
D          0.5175363 0.6992267 0.7801861 0.0000000 0.8498768 0.7554382 0.7868087 0.4801951 0.7469457 0.6790836 
E          0.6276550 0.7181206 0.8453393 0.8498768 0.0000000 0.6650714 0.8486632 0.4903356 0.7499473 0.5702471 
F          0.6060519 0.6647643 0.7099260 0.7554382 0.6650714 0.0000000 0.7039947 0.4434326 0.7682493 0.6416846 
G          0.6939439 0.7497617 0.8510493 0.7868087 0.8486632 0.7039947 0.0000000 0.5760788 0.7556028 0.7358756 
H          0.3972878 0.4830076 0.5548187 0.4801951 0.4903356 0.4434326 0.5760788 0.0000000 0.5892606 0.3909677 
I          0.6484428 0.7705242 0.7527934 0.7469457 0.7499473 0.7682493 0.7556028 0.5892606 0.0000000 0.7375872 
J          0.5008037 0.6501341 0.8149479 0.6790836 0.5702471 0.6416846 0.7358756 0.3909677 0.7375872 0.0000000 
