10
A          0.0000000 0.5667827 0.7528214 0.6724585 0.7573015 0.7338831 0.7344068 0.4235131 0.8766549 0.6569717 
B          0.5667827 0.0000000 0.8638244 0.7293471 0.8799488 0.7315240 0.7454765 0.4700890 0.9170640 0.7045778 
C          0.7528214 0.8638244 0.0000000 0.7756575 1.0325637 0.8367658 0.9838311 0.6659432 1.1549868 0.8324625 
D          0.6724585 0.7293471 0.7756575 0.0000000 0.6996261 0.7857673 0.7987776 0.5394769 1.0192522 0.6307865 
E          0.7573015 0.8799488 1.0325637 0.6996261 0.0000000 0.7843872 0.8827040 0.5131665 1.0761307 0.6604000 
F          0.7338831 0.7315240 0.8367658 0.7857673 0.7843872 0.0000000 0.8241138 0.4461188 0.9468561 0.6403932 
G          0.7344068 0.7454765 0.9838311 0.7987776 0.8827040 0.8241138 0.0000000 0.6029402 0.9495989 0.7598347 
H          0.4235131 0.4700890 0.6659432 0.5394769 0.5131665 0.4461188 0.6029402 0.0000000 0.8161487 0.3796605 
I          0.8766549 0.9170640 1.1549868 1.0192522 1.0761307 0.9468561 0.9495989 0.8161487 0.0000000 0.9959233 
J          0.6569717 0.7045778 0.8324625 0.6307865 0.6604000 0.6403932 0.7598347 0.3796605 0.9959233 0.0000000 
