10
A          0.0000000 0.4432201 0.4649956 0.4735603 0.5182834 0.4277998 0.5900555 0.3257386 0.6013204 0.5088842 
B          0.4432201 0.0000000 0.6743731 0.5759415 0.6725090 0.5612446 0.6336265 0.4585673 0.6773272 0.6331362 
C          0.4649956 0.6743731 0.0000000 0.6263445 0.6591814 0.5982799 0.7327385 0.4959832 0.8411981 0.6571592 
D          0.4735603 0.5759415 0.6263445 0.0000000 0.6755352 0.5803891 0.7507140 0.4080922 0.6700845 0.6008243 
E          0.5182834 0.6725090 0.6591814 0.6755352 0.0000000 0.6212336 0.8081745 0.5354174 0.8472683 0.6775523 
F          0.4277998 0.5612446 0.5982799 0.5803891 0.6212336 0.0000000 0.6903298 0.3998905 0.7442225 0.5727269 
G          0.5900555 0.6336265 0.7327385 0.7507140 0.8081745 0.6903298 0.0000000 0.5880370 0.8997110 0.7626619 
H          0.3257386 0.4585673 0.4959832 0.4080922 0.5354174 0.3998905 0.5880370 0.0000000 0.6105180 0.4388866 
I          0.6013204 0.6773272 0.8411981 0.6700845 0.8472683 0.7442225 0.8997110 0.6105180 0.0000000 0.8995574 
J          0.5088842 0.6331362 0.6571592 0.6008243 0.6775523 0.5727269 0.7626619 0.4388866 0.8995574 0.0000000 
