10
A          0.0000000 0.7112713 0.7360917 0.6165567 0.7579750 0.6107559 0.8479094 0.4485960 0.8131665 0.5732922 
B          0.7112713 0.0000000 0.8668333 0.8481588 0.9955745 0.7607502 0.9408466 0.7238590 0.9940835 0.8370263 
C          0.7360917 0.8668333 0.0000000 0.6298856 0.9655948 0.8137272 1.1026837 0.6080295 0.9955089 0.7926368 
D          0.6165567 0.8481588 0.6298856 0.0000000 0.7415266 0.5119133 0.9721519 0.5167847 0.8693409 0.6250478 
E          0.7579750 0.9955745 0.9655948 0.7415266 0.0000000 0.7937468 1.1880981 0.6393622 1.1577536 0.7734858 
F          0.6107559 0.7607502 0.8137272 0.5119133 0.7937468 0.0000000 0.9597466 0.4534061 0.9031680 0.6171678 
G          0.8479094 0.9408466 1.1026837 0.9721519 1.1880981 0.9597466 0.0000000 0.7874516 1.1385106 0.9554498 
H          0.4485960 0.7238590 0.6080295 0.5167847 0.6393622 0.4534061 0.7874516 0.0000000 0.8011210 0.4688431 
I          0.8131665 0.9940835 0.9955089 0.8693409 1.1577536 0.9031680 1.1385106 0.8011210 0.0000000 0.9025619 
J          0.5732922 0.8370263 0.7926368 0.6250478 0.7734858 0.6171678 0.9554498 0.4688431 0.9025619 0.0000000 
