10
A          0.0000000 0.5119275 0.6312373 0.5851165 0.5949402 0.5438162 0.5734370 0.3490561 0.6593017 0.4421321 
B          0.5119275 0.0000000 0.6369160 0.6611588 0.6476751 0.5826120 0.5396529 0.4122703 0.7053738 0.5060741 
C          0.6312373 0.6369160 0.0000000 0.6826600 0.8033072 0.6411032 0.6919670 0.5086324 0.9307535 0.6481737 
D          0.5851165 0.6611588 0.6826600 0.0000000 0.7182840 0.6097770 0.6550820 0.4874854 0.7802378 0.5507013 
E          0.5949402 0.6476751 0.8033072 0.7182840 0.0000000 0.6984328 0.7565666 0.5533226 0.7858954 0.5859272 
F          0.5438162 0.5826120 0.6411032 0.6097770 0.6984328 0.0000000 0.6615691 0.4046670 0.7259199 0.4797571 
G          0.5734370 0.5396529 0.6919670 0.6550820 0.7565666 0.6615691 0.0000000 0.4830125 0.8362995 0.6334645 
H          0.3490561 0.4122703 0.5086324 0.4874854 0.5533226 0.4046670 0.4830125 0.0000000 0.6358426 0.3116652 
I          0.6593017 0.7053738 0.9307535 0.7802378 0.7858954 0.7259199 0.8362995 0.6358426 0.0000000 0.6401384 
J          0.4421321 0.5060741 0.6481737 0.5507013 0.5859272 0.4797571 0.6334645 0.3116652 0.6401384 0.0000000 
