10
A          0.0000000 0.5588530 0.6470510 0.5723718 0.5176380 0.6516133 0.8438928 0.7009669 0.7594102 0.5332924 
B          0.5588530 0.0000000 0.4298934 0.3724001 0.3181079 0.3974164 0.5026421 0.4793631 0.4878753 0.3048031 
C          0.6470510 0.4298934 0.0000000 0.5091708 0.4163807 0.5664485 0.6568272 0.5775703 0.6595046 0.4456023 
D          0.5723718 0.3724001 0.5091708 0.0000000 0.3458262 0.4740282 0.5929354 0.5209780 0.4910918 0.3667757 
E          0.5176380 0.3181079 0.4163807 0.3458262 0.0000000 0.4278684 0.4808410 0.4464200 0.4723702 0.2918608 
F          0.6516133 0.3974164 0.5664485 0.4740282 0.4278684 0.0000000 0.6357536 0.5285763 0.6186745 0.4327818 
G          0.8438928 0.5026421 0.6568272 0.5929354 0.4808410 0.6357536 0.0000000 0.7012102 0.7105333 0.5515457 
H          0.7009669 0.4793631 0.5775703 0.5209780 0.4464200 0.5285763 0.7012102 0.0000000 0.5392851 0.4460102 
I          0.7594102 0.4878753 0.6595046 0.4910918 0.4723702 0.6186745 0.7105333 0.5392851 0.0000000 0.4216062 
J          0.5332924 0.3048031 0.4456023 0.3667757 0.2918608 0.4327818 0.5515457 0.4460102 0.4216062 0.0000000 
