10
A          0.0000000 0.5869467 0.8322349 0.7340498 0.7153828 0.7958729 0.8852437 0.8420828 0.8679514 0.6874434 
B          0.5869467 0.0000000 0.4929014 0.4324879 0.3421451 0.4827826 0.5083860 0.4507741 0.5224528 0.3822271 
C          0.8322349 0.4929014 0.0000000 0.6126858 0.4765901 0.6112451 0.8660645 0.6825986 0.7272542 0.5424198 
D          0.7340498 0.4324879 0.6126858 0.0000000 0.5196617 0.6614813 0.7811484 0.7032324 0.7332278 0.4720720 
E          0.7153828 0.3421451 0.4765901 0.5196617 0.0000000 0.5391558 0.5311645 0.5548583 0.5011961 0.3481743 
F          0.7958729 0.4827826 0.6112451 0.6614813 0.5391558 0.0000000 0.6449158 0.6833138 0.6808474 0.4782591 
G          0.8852437 0.5083860 0.8660645 0.7811484 0.5311645 0.6449158 0.0000000 0.7080541 0.7170963 0.5413447 
H          0.8420828 0.4507741 0.6825986 0.7032324 0.5548583 0.6833138 0.7080541 0.0000000 0.7157942 0.4616655 
I          0.8679514 0.5224528 0.7272542 0.7332278 0.5011961 0.6808474 0.7170963 0.7157942 0.0000000 0.4816175 
J          0.6874434 0.3822271 0.5424198 0.4720720 0.3481743 0.4782591 0.5413447 0.4616655 0.4816175 0.0000000 
