10
A          0.0000000 0.5051171 0.6358928 0.6405873 0.5780541 0.6709858 0.6978055 0.7830360 0.7591278 0.5178187 
B          0.5051171 0.0000000 0.4907831 0.4328444 0.3456715 0.4860011 0.5283315 0.5183186 0.5109194 0.3266494 
C          0.6358928 0.4907831 0.0000000 0.5422028 0.5273991 0.7027790 0.7012917 0.7295467 0.6670592 0.5363039 
D          0.6405873 0.4328444 0.5422028 0.0000000 0.4851809 0.5849358 0.7375043 0.6148835 0.7300083 0.4141558 
E          0.5780541 0.3456715 0.5273991 0.4851809 0.0000000 0.5242697 0.5883725 0.5378393 0.5270234 0.3536031 
F          0.6709858 0.4860011 0.7027790 0.5849358 0.5242697 0.0000000 0.6934273 0.6381178 0.7841124 0.5398245 
G          0.6978055 0.5283315 0.7012917 0.7375043 0.5883725 0.6934273 0.0000000 0.7116383 0.8417057 0.5586578 
H          0.7830360 0.5183186 0.7295467 0.6148835 0.5378393 0.6381178 0.7116383 0.0000000 0.7406506 0.5398300 
I          0.7591278 0.5109194 0.6670592 0.7300083 0.5270234 0.7841124 0.8417057 0.7406506 0.0000000 0.5402928 
J          0.5178187 0.3266494 0.5363039 0.4141558 0.3536031 0.5398245 0.5586578 0.5398300 0.5402928 0.0000000 
