10
A          0.0000000 0.7339336 1.0086455 0.8438859 0.8086423 0.8014285 0.9296991 0.8875190 0.9330370 0.8100481 
B          0.7339336 0.0000000 0.5346668 0.4495939 0.4638054 0.5548570 0.6493536 0.5640964 0.6804494 0.4748157 
C          1.0086455 0.5346668 0.0000000 0.5749931 0.6593729 0.7827937 0.8171170 0.8024548 1.0024681 0.7416115 
D          0.8438859 0.4495939 0.5749931 0.0000000 0.5561806 0.5916528 0.6487268 0.6848089 0.8915015 0.6623455 
E          0.8086423 0.4638054 0.6593729 0.5561806 0.0000000 0.6463425 0.5451972 0.7114519 0.6389467 0.4236244 
F          0.8014285 0.5548570 0.7827937 0.5916528 0.6463425 0.0000000 0.8016255 0.6851637 0.7991300 0.7232358 
G          0.9296991 0.6493536 0.8171170 0.6487268 0.5451972 0.8016255 0.0000000 0.8954502 0.7583252 0.5363236 
H          0.8875190 0.5640964 0.8024548 0.6848089 0.7114519 0.6851637 0.8954502 0.0000000 0.9795722 0.7094815 
I          0.9330370 0.6804494 1.0024681 0.8915015 0.6389467 0.7991300 0.7583252 0.9795722 0.0000000 0.5308504 
J          0.8100481 0.4748157 0.7416115 0.6623455 0.4236244 0.7232358 0.5363236 0.7094815 0.5308504 0.0000000 
