10
A          0.0000000 0.6613109 0.8226253 0.6083269 0.6779102 0.7050385 0.7885019 0.8354132 0.8348504 0.5742268 
B          0.6613109 0.0000000 0.5470336 0.4966420 0.4553780 0.5022243 0.5948077 0.6405502 0.6076512 0.3809072 
C          0.8226253 0.5470336 0.0000000 0.5427684 0.5882619 0.6584430 0.8047193 0.7633780 0.8149831 0.4614904 
D          0.6083269 0.4966420 0.5427684 0.0000000 0.5472806 0.5754512 0.6242121 0.6368234 0.6206661 0.4147851 
E          0.6779102 0.4553780 0.5882619 0.5472806 0.0000000 0.5316549 0.5740813 0.6314416 0.6386756 0.4095682 
F          0.7050385 0.5022243 0.6584430 0.5754512 0.5316549 0.0000000 0.6538796 0.6598279 0.6879148 0.4912153 
G          0.7885019 0.5948077 0.8047193 0.6242121 0.5740813 0.6538796 0.0000000 0.6842134 0.8166436 0.4654656 
H          0.8354132 0.6405502 0.7633780 0.6368234 0.6314416 0.6598279 0.6842134 0.0000000 0.7595273 0.5133135 
I          0.8348504 0.6076512 0.8149831 0.6206661 0.6386756 0.6879148 0.8166436 0.7595273 0.0000000 0.5570326 
J          0.5742268 0.3809072 0.4614904 0.4147851 0.4095682 0.4912153 0.4654656 0.5133135 0.5570326 0.0000000 
