10
A          0.0000000 0.5901301 0.8496609 0.6067640 0.5701237 0.6959940 0.7890861 0.7290204 0.7937274 0.6393390 
B          0.5901301 0.0000000 0.4464966 0.3913945 0.3215246 0.4284227 0.5136682 0.4408751 0.5111717 0.3188478 
C          0.8496609 0.4464966 0.0000000 0.4992504 0.5195458 0.5679392 0.6196552 0.6502897 0.6778180 0.5103458 
D          0.6067640 0.3913945 0.4992504 0.0000000 0.3912203 0.4783252 0.5452407 0.5707798 0.5973749 0.3715199 
E          0.5701237 0.3215246 0.5195458 0.3912203 0.0000000 0.4496040 0.5299774 0.4379256 0.4962539 0.3545837 
F          0.6959940 0.4284227 0.5679392 0.4783252 0.4496040 0.0000000 0.6158172 0.6050252 0.6803229 0.4640073 
G          0.7890861 0.5136682 0.6196552 0.5452407 0.5299774 0.6158172 0.0000000 0.6825785 0.7131892 0.5431520 
H          0.7290204 0.4408751 0.6502897 0.5707798 0.4379256 0.6050252 0.6825785 0.0000000 0.6970162 0.4831097 
I          0.7937274 0.5111717 0.6778180 0.5973749 0.4962539 0.6803229 0.7131892 0.6970162 0.0000000 0.5686715 
J          0.6393390 0.3188478 0.5103458 0.3715199 0.3545837 0.4640073 0.5431520 0.4831097 0.5686715 0.0000000 
