10
A          0.0000000 0.5323453 0.6061769 0.4995539 0.5245248 0.6670054 0.6531614 0.6571981 0.6083360 0.4339629 
B          0.5323453 0.0000000 0.4218082 0.4060369 0.3169831 0.4985759 0.4826253 0.5110337 0.4349017 0.3088888 
C          0.6061769 0.4218082 0.0000000 0.5381614 0.4679216 0.5888331 0.6197346 0.5962364 0.5418297 0.4205022 
D          0.4995539 0.4060369 0.5381614 0.0000000 0.3825699 0.5953531 0.5536614 0.5716356 0.5363569 0.3770810 
E          0.5245248 0.3169831 0.4679216 0.3825699 0.0000000 0.4715925 0.4391824 0.5432161 0.4171530 0.2755529 
F          0.6670054 0.4985759 0.5888331 0.5953531 0.4715925 0.0000000 0.7047387 0.6813764 0.5947059 0.4441800 
G          0.6531614 0.4826253 0.6197346 0.5536614 0.4391824 0.7047387 0.0000000 0.6706537 0.6035620 0.4515789 
H          0.6571981 0.5110337 0.5962364 0.5716356 0.5432161 0.6813764 0.6706537 0.0000000 0.5888257 0.4689235 
I          0.6083360 0.4349017 0.5418297 0.5363569 0.4171530 0.5947059 0.6035620 0.5888257 0.0000000 0.3655587 
J          0.4339629 0.3088888 0.4205022 0.3770810 0.2755529 0.4441800 0.4515789 0.4689235 0.3655587 0.0000000 
