10
A          0.0000000 0.5537614 0.7075070 0.5907865 0.6077446 0.6573120 0.7118075 0.6962142 0.8354345 0.5311773 
B          0.5537614 0.0000000 0.4966179 0.3792999 0.3651443 0.4413894 0.5070484 0.4794645 0.4687572 0.2969049 
C          0.7075070 0.4966179 0.0000000 0.5630260 0.5180692 0.5495994 0.7586394 0.6455377 0.7045186 0.4660032 
D          0.5907865 0.3792999 0.5630260 0.0000000 0.4065956 0.4554338 0.5643822 0.5362834 0.6234435 0.3557487 
E          0.6077446 0.3651443 0.5180692 0.4065956 0.0000000 0.4490939 0.5486053 0.5169081 0.5361116 0.3270294 
F          0.6573120 0.4413894 0.5495994 0.4554338 0.4490939 0.0000000 0.5548608 0.5763175 0.5825048 0.4064044 
G          0.7118075 0.5070484 0.7586394 0.5643822 0.5486053 0.5548608 0.0000000 0.7299000 0.7785122 0.4843425 
H          0.6962142 0.4794645 0.6455377 0.5362834 0.5169081 0.5763175 0.7299000 0.0000000 0.6763142 0.4202600 
I          0.8354345 0.4687572 0.7045186 0.6234435 0.5361116 0.5825048 0.7785122 0.6763142 0.0000000 0.5108342 
J          0.5311773 0.2969049 0.4660032 0.3557487 0.3270294 0.4064044 0.4843425 0.4202600 0.5108342 0.0000000 
