10
A          0.0000000 0.6463941 0.6937026 0.6388895 0.6076116 0.6933590 0.8258394 0.7536958 0.6285717 0.5572541 
B          0.6463941 0.0000000 0.4407202 0.4044560 0.3444002 0.4533951 0.5324723 0.5795175 0.5148867 0.3196636 
C          0.6937026 0.4407202 0.0000000 0.5203112 0.4346805 0.5034797 0.5931538 0.6102479 0.5914563 0.3854739 
D          0.6388895 0.4044560 0.5203112 0.0000000 0.4120024 0.4633453 0.5941667 0.6108076 0.5740117 0.3638041 
E          0.6076116 0.3444002 0.4346805 0.4120024 0.0000000 0.4417382 0.5296602 0.5744484 0.5600346 0.2918796 
F          0.6933590 0.4533951 0.5034797 0.4633453 0.4417382 0.0000000 0.6515005 0.5836661 0.5402696 0.3727552 
G          0.8258394 0.5324723 0.5931538 0.5941667 0.5296602 0.6515005 0.0000000 0.7524851 0.6756547 0.5031581 
H          0.7536958 0.5795175 0.6102479 0.6108076 0.5744484 0.5836661 0.7524851 0.0000000 0.7359945 0.4541061 
I          0.6285717 0.5148867 0.5914563 0.5740117 0.5600346 0.5402696 0.6756547 0.7359945 0.0000000 0.4583601 
J          0.5572541 0.3196636 0.3854739 0.3638041 0.2918796 0.3727552 0.5031581 0.4541061 0.4583601 0.0000000 
