10
A          0.0000000 0.7882593 0.9444040 0.7052231 0.7577198 0.9479343 0.8880839 0.8727709 1.0455129 0.8814581 
B          0.7882593 0.0000000 0.6470138 0.5570635 0.5073045 0.6259039 0.7406939 0.5727363 0.7472025 0.5191671 
C          0.9444040 0.6470138 0.0000000 0.5802445 0.6275093 0.8708629 0.9487294 0.7512115 0.9566331 0.6903385 
D          0.7052231 0.5570635 0.5802445 0.0000000 0.5808057 0.6610515 0.7923255 0.7380479 0.8457836 0.6006103 
E          0.7577198 0.5073045 0.6275093 0.5808057 0.0000000 0.6278527 0.5880260 0.5849730 0.6413993 0.4269944 
F          0.9479343 0.6259039 0.8708629 0.6610515 0.6278527 0.0000000 0.7851222 0.6817159 0.8256226 0.6010697 
G          0.8880839 0.7406939 0.9487294 0.7923255 0.5880260 0.7851222 0.0000000 0.8407836 0.6953087 0.5470718 
H          0.8727709 0.5727363 0.7512115 0.7380479 0.5849730 0.6817159 0.8407836 0.0000000 0.7944559 0.6044551 
I          1.0455129 0.7472025 0.9566331 0.8457836 0.6413993 0.8256226 0.6953087 0.7944559 0.0000000 0.5450169 
J          0.8814581 0.5191671 0.6903385 0.6006103 0.4269944 0.6010697 0.5470718 0.6044551 0.5450169 0.0000000 
