10
A          0.0000000 0.6209883 0.7810005 0.7312224 0.6419132 0.8019454 0.8482044 0.8660654 0.8437335 0.6584634 
B          0.6209883 0.0000000 0.4984433 0.4033593 0.3506551 0.5046815 0.5530640 0.4966425 0.5666754 0.3113588 
C          0.7810005 0.4984433 0.0000000 0.5758205 0.5738605 0.6722988 0.7695228 0.6873569 0.8044527 0.5570242 
D          0.7312224 0.4033593 0.5758205 0.0000000 0.4618346 0.6038457 0.6105440 0.6532868 0.6137808 0.4568882 
E          0.6419132 0.3506551 0.5738605 0.4618346 0.0000000 0.5405164 0.5153425 0.5320071 0.5605724 0.3553314 
F          0.8019454 0.5046815 0.6722988 0.6038457 0.5405164 0.0000000 0.7965332 0.6814825 0.7919088 0.4768443 
G          0.8482044 0.5530640 0.7695228 0.6105440 0.5153425 0.7965332 0.0000000 0.7977143 0.7568136 0.5492339 
H          0.8660654 0.4966425 0.6873569 0.6532868 0.5320071 0.6814825 0.7977143 0.0000000 0.8613796 0.5547667 
I          0.8437335 0.5666754 0.8044527 0.6137808 0.5605724 0.7919088 0.7568136 0.8613796 0.0000000 0.4971676 
J          0.6584634 0.3113588 0.5570242 0.4568882 0.3553314 0.4768443 0.5492339 0.5547667 0.4971676 0.0000000 
