10
A          0.0000000 0.5757713 0.7340095 0.7586330 0.5922561 0.7660376 0.7088663 0.7208777 0.8193973 0.6160887 
B          0.5757713 0.0000000 0.4381906 0.3982973 0.3006324 0.5471150 0.4884888 0.4631950 0.4694568 0.3217385 
C          0.7340095 0.4381906 0.0000000 0.5481918 0.4810442 0.6354786 0.6271141 0.6063220 0.6910854 0.4723997 
D          0.7586330 0.3982973 0.5481918 0.0000000 0.4211509 0.5607018 0.5111224 0.5527208 0.6204786 0.4025135 
E          0.5922561 0.3006324 0.4810442 0.4211509 0.0000000 0.4813304 0.4384056 0.4552459 0.5258686 0.3095935 
F          0.7660376 0.5471150 0.6354786 0.5607018 0.4813304 0.0000000 0.6169340 0.6283292 0.7315780 0.5342364 
G          0.7088663 0.4884888 0.6271141 0.5111224 0.4384056 0.6169340 0.0000000 0.6279515 0.6476695 0.4767853 
H          0.7208777 0.4631950 0.6063220 0.5527208 0.4552459 0.6283292 0.6279515 0.0000000 0.6615688 0.4809795 
I          0.8193973 0.4694568 0.6910854 0.6204786 0.5258686 0.7315780 0.6476695 0.6615688 0.0000000 0.4874556 
J          0.6160887 0.3217385 0.4723997 0.4025135 0.3095935 0.5342364 0.4767853 0.4809795 0.4874556 0.0000000 
