10
A          0.0000000 0.4795710 0.6170630 0.2657476 0.2826815 0.1728188 0.5961832 0.5688075 0.6513374 0.6556621 
B          0.4795710 0.0000000 0.8875343 0.4587539 0.6253349 0.4799998 0.8508807 1.0027755 0.9196241 0.8024979 
C          0.6170630 0.8875343 0.0000000 0.6628283 0.7309376 0.6106736 0.9799591 1.0633119 0.9965455 1.0705766 
D          0.2657476 0.4587539 0.6628283 0.0000000 0.3353751 0.2246294 0.5454735 0.6003950 0.5436148 0.5234833 
E          0.2826815 0.6253349 0.7309376 0.3353751 0.0000000 0.2414527 0.7057112 0.7123421 0.6634256 0.7311288 
F          0.1728188 0.4799998 0.6106736 0.2246294 0.2414527 0.0000000 0.5880966 0.6026091 0.6158678 0.5991256 
G          0.5961832 0.8508807 0.9799591 0.5454735 0.7057112 0.5880966 0.0000000 0.8662755 0.9120352 0.8623998 
H          0.5688075 1.0027755 1.0633119 0.6003950 0.7123421 0.6026091 0.8662755 0.0000000 0.9980967 0.9930432 
I          0.6513374 0.9196241 0.9965455 0.5436148 0.6634256 0.6158678 0.9120352 0.9980967 0.0000000 0.9609333 
J          0.6556621 0.8024979 1.0705766 0.5234833 0.7311288 0.5991256 0.8623998 0.9930432 0.9609333 0.0000000 
