10
A          0.0000000 0.4748461 0.5582635 0.1802640 0.2104837 0.1582637 0.5167621 0.5365235 0.6094944 0.4247406 
B          0.4748461 0.0000000 0.8577066 0.4626917 0.5331929 0.4406941 0.8237728 0.9048498 0.8944551 0.7376196 
C          0.5582635 0.8577066 0.0000000 0.5633542 0.6199018 0.5135714 0.8432709 0.8949433 0.9683687 0.8363242 
D          0.1802640 0.4626917 0.5633542 0.0000000 0.1982680 0.1268445 0.4977983 0.5032627 0.5985919 0.4147543 
E          0.2104837 0.5331929 0.6199018 0.1982680 0.0000000 0.1599141 0.5701408 0.5316510 0.6282664 0.4524008 
F          0.1582637 0.4406941 0.5135714 0.1268445 0.1599141 0.0000000 0.5051661 0.5007367 0.5830183 0.3832187 
G          0.5167621 0.8237728 0.8432709 0.4977983 0.5701408 0.5051661 0.0000000 0.8402161 0.8579777 0.7026448 
H          0.5365235 0.9048498 0.8949433 0.5032627 0.5316510 0.5007367 0.8402161 0.0000000 0.9110245 0.8342700 
I          0.6094944 0.8944551 0.9683687 0.5985919 0.6282664 0.5830183 0.8579777 0.9110245 0.0000000 0.7881687 
J          0.4247406 0.7376196 0.8363242 0.4147543 0.4524008 0.3832187 0.7026448 0.8342700 0.7881687 0.0000000 
