10
A          0.0000000 0.6403834 0.7092834 0.4551838 0.3275957 0.2149991 0.7400009 0.7142661 0.8563084 0.8187203 
B          0.6403834 0.0000000 0.9631345 0.6072583 0.6651132 0.6008476 0.8240786 1.0193766 0.8895353 1.0595540 
C          0.7092834 0.9631345 0.0000000 0.6632401 0.6946173 0.6262839 1.0070404 1.0341045 1.0575811 1.1505458 
D          0.4551838 0.6072583 0.6632401 0.0000000 0.4736758 0.3818975 0.5751673 0.6940332 0.7251847 0.5187435 
E          0.3275957 0.6651132 0.6946173 0.4736758 0.0000000 0.2168272 0.7901572 0.7568035 0.8117123 0.7847411 
F          0.2149991 0.6008476 0.6262839 0.3818975 0.2168272 0.0000000 0.7121817 0.6611419 0.7327163 0.7080562 
G          0.7400009 0.8240786 1.0070404 0.5751673 0.7901572 0.7121817 0.0000000 0.9539723 0.8743545 0.9073116 
H          0.7142661 1.0193766 1.0341045 0.6940332 0.7568035 0.6611419 0.9539723 0.0000000 1.0305269 0.9802447 
I          0.8563084 0.8895353 1.0575811 0.7251847 0.8117123 0.7327163 0.8743545 1.0305269 0.0000000 0.9636131 
J          0.8187203 1.0595540 1.1505458 0.5187435 0.7847411 0.7080562 0.9073116 0.9802447 0.9636131 0.0000000 
