10
A          0.0000000 0.5076943 0.6082047 0.2098073 0.2330198 0.1621015 0.5741552 0.4497737 0.4671203 0.6442189 
B          0.5076943 0.0000000 0.9323873 0.4852674 0.5606122 0.4565555 0.9531687 0.7083115 0.7707831 0.8550253 
C          0.6082047 0.9323873 0.0000000 0.6057837 0.5434769 0.5535986 1.0636893 0.7507616 0.8910409 0.9852939 
D          0.2098073 0.4852674 0.6057837 0.0000000 0.2198720 0.1731204 0.5650182 0.4418078 0.4871875 0.6091039 
E          0.2330198 0.5606122 0.5434769 0.2198720 0.0000000 0.2117661 0.5889993 0.4289977 0.4749849 0.6437513 
F          0.1621015 0.4565555 0.5535986 0.1731204 0.2117661 0.0000000 0.5381817 0.3907971 0.4595355 0.6186242 
G          0.5741552 0.9531687 1.0636893 0.5650182 0.5889993 0.5381817 0.0000000 0.7887063 0.8709465 1.0406897 
H          0.4497737 0.7083115 0.7507616 0.4418078 0.4289977 0.3907971 0.7887063 0.0000000 0.7301591 0.8209167 
I          0.4671203 0.7707831 0.8910409 0.4871875 0.4749849 0.4595355 0.8709465 0.7301591 0.0000000 0.9334139 
J          0.6442189 0.8550253 0.9852939 0.6091039 0.6437513 0.6186242 1.0406897 0.8209167 0.9334139 0.0000000 
