10
A          0.0000000 0.5297946 0.5970554 0.3578340 0.2459687 0.1738558 0.6806817 0.6627414 0.7029325 0.7253973 
B          0.5297946 0.0000000 0.9139584 0.5806223 0.6814807 0.5274186 0.9622977 0.9100091 0.9146163 0.9491921 
C          0.5970554 0.9139584 0.0000000 0.7051236 0.6709211 0.6077696 1.0600463 1.0988148 1.1078200 1.0309206 
D          0.3578340 0.5806223 0.7051236 0.0000000 0.4101880 0.3051955 0.5409660 0.6568940 0.6279586 0.5576852 
E          0.2459687 0.6814807 0.6709211 0.4101880 0.0000000 0.1867903 0.8113828 0.7422572 0.7500590 0.7895170 
F          0.1738558 0.5274186 0.6077696 0.3051955 0.1867903 0.0000000 0.7081741 0.6465433 0.6849566 0.7242591 
G          0.6806817 0.9622977 1.0600463 0.5409660 0.8113828 0.7081741 0.0000000 0.8903271 0.8904570 1.0393241 
H          0.6627414 0.9100091 1.0988148 0.6568940 0.7422572 0.6465433 0.8903271 0.0000000 0.9801246 1.1669364 
I          0.7029325 0.9146163 1.1078200 0.6279586 0.7500590 0.6849566 0.8904570 0.9801246 0.0000000 1.1324771 
J          0.7253973 0.9491921 1.0309206 0.5576852 0.7895170 0.7242591 1.0393241 1.1669364 1.1324771 0.0000000 
