10
A          0.0000000 0.5415555 0.7324701 0.2385622 0.2469567 0.1803239 0.6516364 0.5347163 0.6785020 0.6243376 
B          0.5415555 0.0000000 1.2898011 0.5292490 0.5574202 0.5200238 0.9324589 0.8495617 0.9812587 0.9575492 
C          0.7324701 1.2898011 0.0000000 0.7722377 0.7372346 0.6811213 1.1732078 1.1447112 1.1339167 1.0670214 
D          0.2385622 0.5292490 0.7722377 0.0000000 0.2433301 0.1561246 0.5331181 0.4611092 0.5702259 0.6103998 
E          0.2469567 0.5574202 0.7372346 0.2433301 0.0000000 0.1841141 0.6560260 0.5318358 0.6936107 0.6307411 
F          0.1803239 0.5200238 0.6811213 0.1561246 0.1841141 0.0000000 0.5504487 0.4709293 0.6428037 0.5858614 
G          0.6516364 0.9324589 1.1732078 0.5331181 0.6560260 0.5504487 0.0000000 0.9405867 1.0744111 0.9570136 
H          0.5347163 0.8495617 1.1447112 0.4611092 0.5318358 0.4709293 0.9405867 0.0000000 0.8501463 0.7812762 
I          0.6785020 0.9812587 1.1339167 0.5702259 0.6936107 0.6428037 1.0744111 0.8501463 0.0000000 1.0611830 
J          0.6243376 0.9575492 1.0670214 0.6103998 0.6307411 0.5858614 0.9570136 0.7812762 1.0611830 0.0000000 
