10
A          0.0000000 0.4907628 0.5536639 0.1960393 0.2454057 0.1807790 0.5298377 0.5899445 0.5907236 0.5693234 
B          0.4907628 0.0000000 0.7858463 0.4165589 0.4835372 0.3938918 0.7400292 0.8400983 0.7878346 0.7859974 
C          0.5536639 0.7858463 0.0000000 0.5704603 0.6734069 0.5217763 0.8390282 0.8713728 0.9693645 0.8554453 
D          0.1960393 0.4165589 0.5704603 0.0000000 0.2256736 0.1299579 0.4962269 0.5547353 0.5307368 0.5534264 
E          0.2454057 0.4835372 0.6734069 0.2256736 0.0000000 0.2001735 0.5555952 0.6063613 0.5981045 0.6036023 
F          0.1807790 0.3938918 0.5217763 0.1299579 0.2001735 0.0000000 0.4598376 0.5299966 0.4966631 0.4863566 
G          0.5298377 0.7400292 0.8390282 0.4962269 0.5555952 0.4598376 0.0000000 0.7965467 0.8663241 0.7992889 
H          0.5899445 0.8400983 0.8713728 0.5547353 0.6063613 0.5299966 0.7965467 0.0000000 0.9909399 0.8030818 
I          0.5907236 0.7878346 0.9693645 0.5307368 0.5981045 0.4966631 0.8663241 0.9909399 0.0000000 0.9519334 
J          0.5693234 0.7859974 0.8554453 0.5534264 0.6036023 0.4863566 0.7992889 0.8030818 0.9519334 0.0000000 
