10
A          0.0000000 0.5185015 0.6707939 0.2279121 0.2906999 0.2230560 0.6619076 0.5765583 0.7574258 0.6281611 
B          0.5185015 0.0000000 0.9505554 0.4660414 0.5561420 0.4962484 0.7862295 0.8071092 0.9275101 0.8111029 
C          0.6707939 0.9505554 0.0000000 0.6722363 0.6731667 0.6444060 1.0940771 0.8554310 0.9529449 0.9883229 
D          0.2279121 0.4660414 0.6722363 0.0000000 0.2162983 0.1657600 0.5439020 0.5606790 0.6291787 0.6201420 
E          0.2906999 0.5561420 0.6731667 0.2162983 0.0000000 0.2104187 0.6226563 0.5538291 0.6199720 0.6340608 
F          0.2230560 0.4962484 0.6444060 0.1657600 0.2104187 0.0000000 0.5609875 0.4704975 0.6105603 0.5569807 
G          0.6619076 0.7862295 1.0940771 0.5439020 0.6226563 0.5609875 0.0000000 0.8605867 0.9853845 0.9461300 
H          0.5765583 0.8071092 0.8554310 0.5606790 0.5538291 0.4704975 0.8605867 0.0000000 0.9475979 0.9501516 
I          0.7574258 0.9275101 0.9529449 0.6291787 0.6199720 0.6105603 0.9853845 0.9475979 0.0000000 1.0870719 
J          0.6281611 0.8111029 0.9883229 0.6201420 0.6340608 0.5569807 0.9461300 0.9501516 1.0870719 0.0000000 
