10
A          0.0000000 0.4445260 0.5875232 0.1929999 0.2878420 0.1730230 0.5257893 0.6435614 0.5860148 0.6307836 
B          0.4445260 0.0000000 0.7250643 0.3808909 0.5224136 0.3758250 0.7292414 0.6868782 0.7969960 0.7939777 
C          0.5875232 0.7250643 0.0000000 0.5730313 0.6012234 0.5640813 0.7672830 0.9404046 0.9597996 1.0050356 
D          0.1929999 0.3808909 0.5730313 0.0000000 0.2365933 0.1306430 0.4407626 0.5141372 0.4945300 0.5347581 
E          0.2878420 0.5224136 0.6012234 0.2365933 0.0000000 0.2185677 0.5709890 0.5763865 0.6359310 0.7459701 
F          0.1730230 0.3758250 0.5640813 0.1306430 0.2185677 0.0000000 0.4274615 0.4889625 0.4911455 0.5182067 
G          0.5257893 0.7292414 0.7672830 0.4407626 0.5709890 0.4274615 0.0000000 0.8288407 0.8105404 0.9604309 
H          0.6435614 0.6868782 0.9404046 0.5141372 0.5763865 0.4889625 0.8288407 0.0000000 0.7719751 0.8877741 
I          0.5860148 0.7969960 0.9597996 0.4945300 0.6359310 0.4911455 0.8105404 0.7719751 0.0000000 0.8850310 
J          0.6307836 0.7939777 1.0050356 0.5347581 0.7459701 0.5182067 0.9604309 0.8877741 0.8850310 0.0000000 
