10
A          0.0000000 0.4720439 0.5394698 0.2036691 0.2485727 0.1621972 0.4976271 0.5267847 0.4836271 0.5009518 
B          0.4720439 0.0000000 0.6944315 0.4699052 0.4837004 0.3805327 0.7155375 0.7247401 0.7539355 0.6923177 
C          0.5394698 0.6944315 0.0000000 0.5916486 0.5646564 0.4915786 0.8320528 0.7853352 0.9567038 0.7579313 
D          0.2036691 0.4699052 0.5916486 0.0000000 0.2414249 0.1329346 0.5115654 0.5432491 0.5192072 0.5021622 
E          0.2485727 0.4837004 0.5646564 0.2414249 0.0000000 0.1942711 0.5463943 0.5272889 0.5489925 0.5316531 
F          0.1621972 0.3805327 0.4915786 0.1329346 0.1942711 0.0000000 0.4347964 0.4828907 0.4550888 0.4740970 
G          0.4976271 0.7155375 0.8320528 0.5115654 0.5463943 0.4347964 0.0000000 0.8511246 0.7829795 0.7903459 
H          0.5267847 0.7247401 0.7853352 0.5432491 0.5272889 0.4828907 0.8511246 0.0000000 0.8111193 0.8404232 
I          0.4836271 0.7539355 0.9567038 0.5192072 0.5489925 0.4550888 0.7829795 0.8111193 0.0000000 0.7606178 
J          0.5009518 0.6923177 0.7579313 0.5021622 0.5316531 0.4740970 0.7903459 0.8404232 0.7606178 0.0000000 
