10
A          0.0000000 0.4883369 0.5689952 0.2560973 0.2587926 0.1931056 0.5560824 0.6071227 0.6822574 0.6068656 
B          0.4883369 0.0000000 0.7276608 0.4483259 0.5250457 0.4556063 0.7434703 0.8057803 0.8535517 0.8045481 
C          0.5689952 0.7276608 0.0000000 0.5684071 0.6072613 0.5548810 0.8312231 0.8498272 0.8610349 0.8938896 
D          0.2560973 0.4483259 0.5684071 0.0000000 0.2804592 0.2140693 0.5086660 0.5204354 0.5484309 0.5144030 
E          0.2587926 0.5250457 0.6072613 0.2804592 0.0000000 0.1933134 0.5724044 0.6576096 0.6722011 0.6409193 
F          0.1931056 0.4556063 0.5548810 0.2140693 0.1933134 0.0000000 0.5230575 0.6062402 0.5795478 0.5858875 
G          0.5560824 0.7434703 0.8312231 0.5086660 0.5724044 0.5230575 0.0000000 0.8475996 0.8950738 0.8563666 
H          0.6071227 0.8057803 0.8498272 0.5204354 0.6576096 0.6062402 0.8475996 0.0000000 1.0385702 0.9394825 
I          0.6822574 0.8535517 0.8610349 0.5484309 0.6722011 0.5795478 0.8950738 1.0385702 0.0000000 0.8442131 
J          0.6068656 0.8045481 0.8938896 0.5144030 0.6409193 0.5858875 0.8563666 0.9394825 0.8442131 0.0000000 
