10
A          0.0000000 0.5383303 0.6050246 0.2008246 0.2621939 0.1718213 0.5968638 0.5839179 0.6168613 0.5327759 
B          0.5383303 0.0000000 0.8842448 0.4421026 0.4758694 0.4813450 0.9086835 0.8711495 0.9431399 0.9002488 
C          0.6050246 0.8842448 0.0000000 0.5750328 0.5948935 0.5949960 0.8956894 0.8932275 0.8475357 0.8871591 
D          0.2008246 0.4421026 0.5750328 0.0000000 0.2172211 0.1504285 0.5157987 0.5985974 0.5159714 0.5180677 
E          0.2621939 0.4758694 0.5948935 0.2172211 0.0000000 0.1885937 0.5863550 0.5977018 0.6346224 0.5877823 
F          0.1718213 0.4813450 0.5949960 0.1504285 0.1885937 0.0000000 0.5468180 0.5498993 0.5086162 0.5200567 
G          0.5968638 0.9086835 0.8956894 0.5157987 0.5863550 0.5468180 0.0000000 0.8609650 0.8389372 0.9881348 
H          0.5839179 0.8711495 0.8932275 0.5985974 0.5977018 0.5498993 0.8609650 0.0000000 0.9059226 0.9841979 
I          0.6168613 0.9431399 0.8475357 0.5159714 0.6346224 0.5086162 0.8389372 0.9059226 0.0000000 0.8891706 
J          0.5327759 0.9002488 0.8871591 0.5180677 0.5877823 0.5200567 0.9881348 0.9841979 0.8891706 0.0000000 
