10
A          0.0000000 0.9783461 0.8384043 0.7040171 0.5084648 0.5472163 0.7244998 0.7786750 1.0138732 0.7933605 
B          0.9783461 0.0000000 0.7394739 0.6541822 0.5322301 0.5786633 0.7246621 0.6667451 0.9426332 0.8039909 
C          0.8384043 0.7394739 0.0000000 0.5541523 0.4393071 0.4877184 0.6363432 0.6249548 0.7904447 0.7747097 
D          0.7040171 0.6541822 0.5541523 0.0000000 0.2895323 0.3907713 0.4728506 0.4628118 0.6928880 0.6006453 
E          0.5084648 0.5322301 0.4393071 0.2895323 0.0000000 0.2172213 0.3026441 0.3245739 0.5588101 0.4557724 
F          0.5472163 0.5786633 0.4877184 0.3907713 0.2172213 0.0000000 0.3836280 0.3147267 0.5385657 0.5917442 
G          0.7244998 0.7246621 0.6363432 0.4728506 0.3026441 0.3836280 0.0000000 0.4793304 0.7148328 0.6110915 
H          0.7786750 0.6667451 0.6249548 0.4628118 0.3245739 0.3147267 0.4793304 0.0000000 0.6884346 0.6510324 
I          1.0138732 0.9426332 0.7904447 0.6928880 0.5588101 0.5385657 0.7148328 0.6884346 0.0000000 0.9886376 
J          0.7933605 0.8039909 0.7747097 0.6006453 0.4557724 0.5917442 0.6110915 0.6510324 0.9886376 0.0000000 
