10
A          0.0000000 1.0739380 0.9654457 0.8069707 0.5727941 0.6879736 0.7975767 0.7813491 1.0407063 0.7653417 
B          1.0739380 0.0000000 0.9230203 0.7086417 0.4806397 0.6198881 0.6676329 0.6794416 0.9696963 0.8484762 
C          0.9654457 0.9230203 0.0000000 0.7679400 0.5134505 0.6852501 0.7220464 0.7982159 1.0277037 0.8261769 
D          0.8069707 0.7086417 0.7679400 0.0000000 0.3466799 0.5214304 0.6092402 0.5525478 0.8469182 0.7264842 
E          0.5727941 0.4806397 0.5134505 0.3466799 0.0000000 0.2072403 0.3027231 0.3125974 0.6158811 0.4577147 
F          0.6879736 0.6198881 0.6852501 0.5214304 0.2072403 0.0000000 0.4438780 0.5011175 0.8299419 0.5431433 
G          0.7975767 0.6676329 0.7220464 0.6092402 0.3027231 0.4438780 0.0000000 0.5273723 0.8839892 0.6748023 
H          0.7813491 0.6794416 0.7982159 0.5525478 0.3125974 0.5011175 0.5273723 0.0000000 0.7989237 0.6555779 
I          1.0407063 0.9696963 1.0277037 0.8469182 0.6158811 0.8299419 0.8839892 0.7989237 0.0000000 0.9643996 
J          0.7653417 0.8484762 0.8261769 0.7264842 0.4577147 0.5431433 0.6748023 0.6555779 0.9643996 0.0000000 
