10
A          0.0000000 1.0394238 0.8820223 0.8095940 0.5261527 0.7256280 0.7632368 0.9701911 0.9315145 0.9915812 
B          1.0394238 0.0000000 1.0509519 0.8829901 0.7657249 0.7381396 0.9809086 0.8222734 0.7858898 0.7402700 
C          0.8820223 1.0509519 0.0000000 0.7386148 0.4561152 0.7173877 0.8359115 0.8154349 0.9686893 0.9085608 
D          0.8095940 0.8829901 0.7386148 0.0000000 0.4350390 0.4946050 0.5739824 0.7407044 0.8435322 0.6817070 
E          0.5261527 0.7657249 0.4561152 0.4350390 0.0000000 0.3598070 0.4080929 0.5825088 0.7086545 0.6061470 
F          0.7256280 0.7381396 0.7173877 0.4946050 0.3598070 0.0000000 0.5645323 0.5756910 0.7344513 0.5495040 
G          0.7632368 0.9809086 0.8359115 0.5739824 0.4080929 0.5645323 0.0000000 0.7300204 0.8784652 0.8258803 
H          0.9701911 0.8222734 0.8154349 0.7407044 0.5825088 0.5756910 0.7300204 0.0000000 0.7106824 0.5382201 
I          0.9315145 0.7858898 0.9686893 0.8435322 0.7086545 0.7344513 0.8784652 0.7106824 0.0000000 0.7334825 
J          0.9915812 0.7402700 0.9085608 0.6817070 0.6061470 0.5495040 0.8258803 0.5382201 0.7334825 0.0000000 
