10
A          0.0000000 1.0704247 0.9847721 0.8261244 0.6833640 0.7354049 0.8943641 0.8339156 1.0835615 0.9215673 
B          1.0704247 0.0000000 0.8704569 0.6632206 0.5904365 0.6670106 0.8590952 0.7292365 1.0123130 0.8687173 
C          0.9847721 0.8704569 0.0000000 0.5751783 0.4363476 0.4884653 0.6473214 0.6396945 0.7263180 0.7710488 
D          0.8261244 0.6632206 0.5751783 0.0000000 0.3086282 0.3977472 0.5575548 0.4962086 0.6330888 0.5987959 
E          0.6833640 0.5904365 0.4363476 0.3086282 0.0000000 0.2447659 0.3817431 0.3478898 0.5468313 0.4444447 
F          0.7354049 0.6670106 0.4884653 0.3977472 0.2447659 0.0000000 0.4375958 0.4291007 0.5844386 0.5061046 
G          0.8943641 0.8590952 0.6473214 0.5575548 0.3817431 0.4375958 0.0000000 0.5404672 0.7489308 0.6428140 
H          0.8339156 0.7292365 0.6396945 0.4962086 0.3478898 0.4291007 0.5404672 0.0000000 0.7153942 0.6384488 
I          1.0835615 1.0123130 0.7263180 0.6330888 0.5468313 0.5844386 0.7489308 0.7153942 0.0000000 0.8640100 
J          0.9215673 0.8687173 0.7710488 0.5987959 0.4444447 0.5061046 0.6428140 0.6384488 0.8640100 0.0000000 
