10
A          0.0000000 0.7356469 0.7571900 0.7554734 0.4839928 0.6372988 0.6934196 0.6269549 0.8011843 0.7849970 
B          0.7356469 0.0000000 0.6883347 0.6449949 0.4149519 0.4813204 0.6552108 0.5699516 0.7238291 0.6989988 
C          0.7571900 0.6883347 0.0000000 0.5865581 0.3835585 0.4897610 0.5205771 0.5316643 0.6848543 0.6673026 
D          0.7554734 0.6449949 0.5865581 0.0000000 0.3580041 0.4542983 0.5877277 0.5100856 0.6596483 0.6297512 
E          0.4839928 0.4149519 0.3835585 0.3580041 0.0000000 0.2110452 0.3558452 0.2726212 0.4669046 0.4009704 
F          0.6372988 0.4813204 0.4897610 0.4542983 0.2110452 0.0000000 0.4109096 0.3628682 0.4977652 0.5003767 
G          0.6934196 0.6552108 0.5205771 0.5877277 0.3558452 0.4109096 0.0000000 0.5034875 0.6498415 0.6230164 
H          0.6269549 0.5699516 0.5316643 0.5100856 0.2726212 0.3628682 0.5034875 0.0000000 0.5885961 0.5339487 
I          0.8011843 0.7238291 0.6848543 0.6596483 0.4669046 0.4977652 0.6498415 0.5885961 0.0000000 0.6904992 
J          0.7849970 0.6989988 0.6673026 0.6297512 0.4009704 0.5003767 0.6230164 0.5339487 0.6904992 0.0000000 
