10
A          0.0000000 0.4293115 0.5391861 0.4033662 0.6504910 0.6027111 0.3632898 0.5279368 0.4574345 0.5771848 
B          0.4293115 0.0000000 0.3321769 0.2305384 0.4279958 0.3892237 0.1732244 0.3371986 0.3034422 0.4043120 
C          0.5391861 0.3321769 0.0000000 0.3017375 0.5732723 0.5133158 0.2900997 0.4986614 0.4539764 0.5231389 
D          0.4033662 0.2305384 0.3017375 0.0000000 0.4022746 0.3638570 0.1464859 0.3212274 0.2798901 0.3838493 
E          0.6504910 0.4279958 0.5732723 0.4022746 0.0000000 0.5736342 0.3609649 0.5131679 0.5239862 0.5838287 
F          0.6027111 0.3892237 0.5133158 0.3638570 0.5736342 0.0000000 0.3314932 0.4863688 0.4754484 0.5334156 
G          0.3632898 0.1732244 0.2900997 0.1464859 0.3609649 0.3314932 0.0000000 0.2719609 0.2412705 0.3221610 
H          0.5279368 0.3371986 0.4986614 0.3212274 0.5131679 0.4863688 0.2719609 0.0000000 0.4467894 0.4662639 
I          0.4574345 0.3034422 0.4539764 0.2798901 0.5239862 0.4754484 0.2412705 0.4467894 0.0000000 0.4693034 
J          0.5771848 0.4043120 0.5231389 0.3838493 0.5838287 0.5334156 0.3221610 0.4662639 0.4693034 0.0000000 
