10
A          0.0000000 0.3996128 0.5316418 0.3966250 0.6337374 0.6838298 0.3861536 0.5356431 0.4820405 0.6066457 
B          0.3996128 0.0000000 0.2987424 0.2049124 0.4284805 0.5105206 0.1735816 0.3363673 0.3237720 0.4389130 
C          0.5316418 0.2987424 0.0000000 0.2900748 0.5233729 0.5864027 0.2684009 0.4378884 0.4248635 0.5329826 
D          0.3966250 0.2049124 0.2900748 0.0000000 0.4101256 0.4640105 0.1412437 0.3143557 0.2906665 0.4163480 
E          0.6337374 0.4284805 0.5233729 0.4101256 0.0000000 0.6721545 0.3707621 0.5152381 0.5090642 0.6243991 
F          0.6838298 0.5105206 0.5864027 0.4640105 0.6721545 0.0000000 0.4127718 0.5998453 0.6360008 0.7357567 
G          0.3861536 0.1735816 0.2684009 0.1412437 0.3707621 0.4127718 0.0000000 0.2734466 0.2683274 0.3777503 
H          0.5356431 0.3363673 0.4378884 0.3143557 0.5152381 0.5998453 0.2734466 0.0000000 0.3975520 0.5660242 
I          0.4820405 0.3237720 0.4248635 0.2906665 0.5090642 0.6360008 0.2683274 0.3975520 0.0000000 0.5098025 
J          0.6066457 0.4389130 0.5329826 0.4163480 0.6243991 0.7357567 0.3777503 0.5660242 0.5098025 0.0000000 
