10
A          0.0000000 0.4434445 0.5354121 0.4192101 0.5799457 0.6329961 0.3826771 0.5518285 0.4875507 0.7511381 
B          0.4434445 0.0000000 0.3226804 0.2439211 0.4357773 0.4566943 0.2074626 0.4166799 0.3019908 0.5196145 
C          0.5354121 0.3226804 0.0000000 0.3162942 0.5075352 0.4845264 0.2682867 0.4422172 0.3901051 0.5688252 
D          0.4192101 0.2439211 0.3162942 0.0000000 0.3961183 0.4156883 0.1637541 0.3763711 0.2969173 0.4857094 
E          0.5799457 0.4357773 0.5075352 0.3961183 0.0000000 0.5783332 0.3410208 0.5404781 0.4683879 0.6273915 
F          0.6329961 0.4566943 0.4845264 0.4156883 0.5783332 0.0000000 0.3886767 0.5707504 0.5253824 0.6801183 
G          0.3826771 0.2074626 0.2682867 0.1637541 0.3410208 0.3886767 0.0000000 0.3337044 0.2377077 0.4173138 
H          0.5518285 0.4166799 0.4422172 0.3763711 0.5404781 0.5707504 0.3337044 0.0000000 0.4470516 0.6549514 
I          0.4875507 0.3019908 0.3901051 0.2969173 0.4683879 0.5253824 0.2377077 0.4470516 0.0000000 0.6206417 
J          0.7511381 0.5196145 0.5688252 0.4857094 0.6273915 0.6801183 0.4173138 0.6549514 0.6206417 0.0000000 
