10
A          0.0000000 0.4226977 0.4644778 0.4255807 0.5906956 0.6100307 0.3861984 0.4972542 0.4199931 0.7229637 
B          0.4226977 0.0000000 0.3254991 0.2448112 0.4316151 0.4025619 0.1853479 0.3455575 0.2774473 0.5827579 
C          0.4644778 0.3254991 0.0000000 0.2880504 0.4699278 0.4801921 0.2213220 0.3963844 0.3252966 0.6268688 
D          0.4255807 0.2448112 0.2880504 0.0000000 0.3562363 0.4219518 0.1575302 0.2931512 0.2806967 0.5506384 
E          0.5906956 0.4316151 0.4699278 0.3562363 0.0000000 0.5459409 0.3040518 0.4766412 0.4379848 0.6434409 
F          0.6100307 0.4025619 0.4801921 0.4219518 0.5459409 0.0000000 0.3624553 0.5050896 0.4651165 0.6468603 
G          0.3861984 0.1853479 0.2213220 0.1575302 0.3040518 0.3624553 0.0000000 0.2856865 0.2323004 0.4812091 
H          0.4972542 0.3455575 0.3963844 0.2931512 0.4766412 0.5050896 0.2856865 0.0000000 0.3294425 0.7031174 
I          0.4199931 0.2774473 0.3252966 0.2806967 0.4379848 0.4651165 0.2323004 0.3294425 0.0000000 0.5930718 
J          0.7229637 0.5827579 0.6268688 0.5506384 0.6434409 0.6468603 0.4812091 0.7031174 0.5930718 0.0000000 
