10
A          0.0000000 0.4189525 0.5153995 0.4421773 0.5782821 0.5990847 0.3610577 0.5472087 0.5006006 0.7363467 
B          0.4189525 0.0000000 0.3030390 0.2474338 0.3990877 0.4204478 0.1744337 0.3441538 0.3037679 0.5039182 
C          0.5153995 0.3030390 0.0000000 0.3310168 0.4795674 0.4719468 0.2336622 0.4468152 0.3742394 0.6274700 
D          0.4421773 0.2474338 0.3310168 0.0000000 0.4013227 0.4482484 0.1487757 0.3482344 0.2892216 0.5702580 
E          0.5782821 0.3990877 0.4795674 0.4013227 0.0000000 0.5512960 0.3447767 0.4951723 0.4860254 0.6442886 
F          0.5990847 0.4204478 0.4719468 0.4482484 0.5512960 0.0000000 0.3475867 0.5648450 0.4933382 0.6993175 
G          0.3610577 0.1744337 0.2336622 0.1487757 0.3447767 0.3475867 0.0000000 0.2863054 0.2229474 0.4505305 
H          0.5472087 0.3441538 0.4468152 0.3482344 0.4951723 0.5648450 0.2863054 0.0000000 0.3814974 0.7203564 
I          0.5006006 0.3037679 0.3742394 0.2892216 0.4860254 0.4933382 0.2229474 0.3814974 0.0000000 0.5981613 
J          0.7363467 0.5039182 0.6274700 0.5702580 0.6442886 0.6993175 0.4505305 0.7203564 0.5981613 0.0000000 
