10
A          0.0000000 0.4581798 0.4924684 0.4516306 0.5807636 0.6093822 0.3731036 0.4787038 0.5309950 0.6326653 
B          0.4581798 0.0000000 0.3685821 0.2649782 0.4920380 0.4797767 0.1962465 0.3820357 0.3470953 0.5716370 
C          0.4924684 0.3685821 0.0000000 0.2747218 0.5052713 0.5076807 0.2736671 0.4240768 0.3787698 0.5698613 
D          0.4516306 0.2649782 0.2747218 0.0000000 0.3778367 0.4216436 0.1745309 0.3624572 0.2743950 0.5213397 
E          0.5807636 0.4920380 0.5052713 0.3778367 0.0000000 0.6406975 0.3448094 0.5468751 0.4852149 0.6443702 
F          0.6093822 0.4797767 0.5076807 0.4216436 0.6406975 0.0000000 0.3833250 0.5234467 0.5589833 0.6298471 
G          0.3731036 0.1962465 0.2736671 0.1745309 0.3448094 0.3833250 0.0000000 0.2821902 0.2530513 0.4549843 
H          0.4787038 0.3820357 0.4240768 0.3624572 0.5468751 0.5234467 0.2821902 0.0000000 0.4379620 0.6355706 
I          0.5309950 0.3470953 0.3787698 0.2743950 0.4852149 0.5589833 0.2530513 0.4379620 0.0000000 0.5832931 
J          0.6326653 0.5716370 0.5698613 0.5213397 0.6443702 0.6298471 0.4549843 0.6355706 0.5832931 0.0000000 
