10
A          0.0000000 0.4078690 0.5390795 0.3622260 0.5290151 0.5422682 0.3365562 0.5381433 0.4688674 0.6641596 
B          0.4078690 0.0000000 0.3445891 0.2096163 0.3851412 0.3797136 0.1643094 0.3439987 0.2698132 0.4496636 
C          0.5390795 0.3445891 0.0000000 0.3258796 0.4577988 0.4647016 0.2662938 0.4292221 0.3519381 0.5292405 
D          0.3622260 0.2096163 0.3258796 0.0000000 0.3352282 0.3390798 0.1352899 0.3104656 0.2686743 0.3986827 
E          0.5290151 0.3851412 0.4577988 0.3352282 0.0000000 0.4994035 0.3059006 0.4506513 0.3757762 0.5529500 
F          0.5422682 0.3797136 0.4647016 0.3390798 0.4994035 0.0000000 0.2820024 0.4544001 0.4016215 0.5732521 
G          0.3365562 0.1643094 0.2662938 0.1352899 0.3059006 0.2820024 0.0000000 0.2383718 0.2139954 0.3778103 
H          0.5381433 0.3439987 0.4292221 0.3104656 0.4506513 0.4544001 0.2383718 0.0000000 0.3596545 0.5168951 
I          0.4688674 0.2698132 0.3519381 0.2686743 0.3757762 0.4016215 0.2139954 0.3596545 0.0000000 0.4900365 
J          0.6641596 0.4496636 0.5292405 0.3986827 0.5529500 0.5732521 0.3778103 0.5168951 0.4900365 0.0000000 
