10
A          0.0000000 0.6029795 0.6632200 0.5388180 0.7411985 0.8222399 0.5656990 0.5298308 0.6455670 0.8463233 
B          0.6029795 0.0000000 0.5386526 0.4010749 0.6292809 0.5518469 0.3712414 0.4942062 0.4356842 0.6977020 
C          0.6632200 0.5386526 0.0000000 0.3221555 0.6946462 0.6855657 0.3847794 0.6660963 0.3655786 0.7546994 
D          0.5388180 0.4010749 0.3221555 0.0000000 0.5273486 0.5344230 0.2628621 0.5160495 0.2838905 0.6725685 
E          0.7411985 0.6292809 0.6946462 0.5273486 0.0000000 0.7724752 0.5337420 0.6909458 0.6339069 0.6995620 
F          0.8222399 0.5518469 0.6855657 0.5344230 0.7724752 0.0000000 0.3761948 0.6938212 0.6279754 0.8857846 
G          0.5656990 0.3712414 0.3847794 0.2628621 0.5337420 0.3761948 0.0000000 0.5058841 0.3691082 0.5972869 
H          0.5298308 0.4942062 0.6660963 0.5160495 0.6909458 0.6938212 0.5058841 0.0000000 0.6015872 0.8293261 
I          0.6455670 0.4356842 0.3655786 0.2838905 0.6339069 0.6279754 0.3691082 0.6015872 0.0000000 0.7800725 
J          0.8463233 0.6977020 0.7546994 0.6725685 0.6995620 0.8857846 0.5972869 0.8293261 0.7800725 0.0000000 
