10
A          0.0000000 0.3794125 0.5333302 0.4324669 0.5936252 0.5568816 0.3896731 0.4967608 0.5428113 0.6683760 
B          0.3794125 0.0000000 0.3747687 0.2710198 0.4663721 0.4491902 0.2301670 0.3993383 0.3449307 0.5495298 
C          0.5333302 0.3747687 0.0000000 0.3296243 0.6134125 0.5933625 0.2986098 0.5344536 0.3797235 0.6105375 
D          0.4324669 0.2710198 0.3296243 0.0000000 0.4360082 0.4492764 0.2047766 0.3907868 0.3416848 0.5650206 
E          0.5936252 0.4663721 0.6134125 0.4360082 0.0000000 0.6117507 0.3735830 0.6439378 0.5825612 0.6538327 
F          0.5568816 0.4491902 0.5933625 0.4492764 0.6117507 0.0000000 0.3300074 0.6390179 0.5511776 0.6417996 
G          0.3896731 0.2301670 0.2986098 0.2047766 0.3735830 0.3300074 0.0000000 0.3375891 0.2879871 0.4619090 
H          0.4967608 0.3993383 0.5344536 0.3907868 0.6439378 0.6390179 0.3375891 0.0000000 0.5113332 0.6169549 
I          0.5428113 0.3449307 0.3797235 0.3416848 0.5825612 0.5511776 0.2879871 0.5113332 0.0000000 0.6585527 
J          0.6683760 0.5495298 0.6105375 0.5650206 0.6538327 0.6417996 0.4619090 0.6169549 0.6585527 0.0000000 
