10
A          0.0000000 0.4305148 0.4743067 0.4117490 0.5536405 0.6686878 0.3909701 0.5073751 0.5370365 0.5948925 
B          0.4305148 0.0000000 0.2934714 0.2125146 0.4057234 0.4305343 0.1776067 0.3365733 0.3084277 0.4367752 
C          0.4743067 0.2934714 0.0000000 0.2657387 0.4384537 0.4855168 0.2318122 0.3626840 0.3265803 0.4613550 
D          0.4117490 0.2125146 0.2657387 0.0000000 0.3669932 0.3952748 0.1408730 0.3101492 0.2771421 0.3940700 
E          0.5536405 0.4057234 0.4384537 0.3669932 0.0000000 0.5537279 0.3193839 0.5128513 0.4528524 0.6092996 
F          0.6686878 0.4305343 0.4855168 0.3952748 0.5537279 0.0000000 0.3850221 0.5172679 0.5152561 0.6392771 
G          0.3909701 0.1776067 0.2318122 0.1408730 0.3193839 0.3850221 0.0000000 0.2678160 0.2295942 0.3799750 
H          0.5073751 0.3365733 0.3626840 0.3101492 0.5128513 0.5172679 0.2678160 0.0000000 0.3969613 0.4648454 
I          0.5370365 0.3084277 0.3265803 0.2771421 0.4528524 0.5152561 0.2295942 0.3969613 0.0000000 0.4807630 
J          0.5948925 0.4367752 0.4613550 0.3940700 0.6092996 0.6392771 0.3799750 0.4648454 0.4807630 0.0000000 
