10
A          0.0000000 0.4743989 0.6723521 0.5740507 0.7609414 0.8329048 0.5703320 0.5707524 0.6753865 1.0057932 
B          0.4743989 0.0000000 0.4176714 0.3249821 0.5143932 0.5690432 0.2853023 0.4029947 0.3889273 0.6409173 
C          0.6723521 0.4176714 0.0000000 0.3275682 0.6259993 0.6221556 0.4305317 0.5445067 0.3683385 0.7520633 
D          0.5740507 0.3249821 0.3275682 0.0000000 0.4991142 0.5334629 0.3173432 0.4248456 0.3558151 0.5776518 
E          0.7609414 0.5143932 0.6259993 0.4991142 0.0000000 0.6910848 0.4049747 0.6350291 0.6100265 0.7245400 
F          0.8329048 0.5690432 0.6221556 0.5334629 0.6910848 0.0000000 0.4073167 0.7637092 0.6413266 0.7618242 
G          0.5703320 0.2853023 0.4305317 0.3173432 0.4049747 0.4073167 0.0000000 0.4526642 0.3777012 0.5684977 
H          0.5707524 0.4029947 0.5445067 0.4248456 0.6350291 0.7637092 0.4526642 0.0000000 0.5494562 0.7708436 
I          0.6753865 0.3889273 0.3683385 0.3558151 0.6100265 0.6413266 0.3777012 0.5494562 0.0000000 0.7090602 
J          1.0057932 0.6409173 0.7520633 0.5776518 0.7245400 0.7618242 0.5684977 0.7708436 0.7090602 0.0000000 
