10
A          0.0000000 0.4386852 0.4729822 0.4144300 0.5526365 0.5489971 0.3526089 0.4848218 0.5522978 0.7302316 
B          0.4386852 0.0000000 0.3706896 0.2518644 0.4255267 0.4454144 0.1967791 0.3450165 0.3769133 0.5286855 
C          0.4729822 0.3706896 0.0000000 0.2830957 0.4825964 0.5234718 0.2738177 0.4039158 0.4007305 0.6217924 
D          0.4144300 0.2518644 0.2830957 0.0000000 0.3779979 0.4061742 0.1705660 0.3112564 0.3075545 0.4906770 
E          0.5526365 0.4255267 0.4825964 0.3779979 0.0000000 0.4878645 0.2875931 0.4861234 0.4428784 0.6004888 
F          0.5489971 0.4454144 0.5234718 0.4061742 0.4878645 0.0000000 0.3058536 0.4084043 0.4630243 0.6820026 
G          0.3526089 0.1967791 0.2738177 0.1705660 0.2875931 0.3058536 0.0000000 0.2670807 0.2854171 0.4414797 
H          0.4848218 0.3450165 0.4039158 0.3112564 0.4861234 0.4084043 0.2670807 0.0000000 0.4182271 0.6156710 
I          0.5522978 0.3769133 0.4007305 0.3075545 0.4428784 0.4630243 0.2854171 0.4182271 0.0000000 0.6004232 
J          0.7302316 0.5286855 0.6217924 0.4906770 0.6004888 0.6820026 0.4414797 0.6156710 0.6004232 0.0000000 
