10
A          0.0000000 0.4586362 0.5218796 0.4403564 0.5882948 0.6493749 0.3481458 0.6172731 0.5162312 0.6427110 
B          0.4586362 0.0000000 0.3326481 0.2200708 0.4066623 0.5519608 0.1991726 0.3720687 0.3084850 0.5658821 
C          0.5218796 0.3326481 0.0000000 0.2911468 0.4912872 0.5423723 0.2541219 0.3988948 0.3591896 0.5769194 
D          0.4403564 0.2200708 0.2911468 0.0000000 0.3773449 0.4606726 0.1470833 0.3341220 0.2628000 0.4604655 
E          0.5882948 0.4066623 0.4912872 0.3773449 0.0000000 0.7023962 0.3448379 0.5310749 0.4645519 0.6711060 
F          0.6493749 0.5519608 0.5423723 0.4606726 0.7023962 0.0000000 0.4116767 0.5999425 0.5296500 0.7154541 
G          0.3481458 0.1991726 0.2541219 0.1470833 0.3448379 0.4116767 0.0000000 0.2636529 0.2173291 0.4395125 
H          0.6172731 0.3720687 0.3988948 0.3341220 0.5310749 0.5999425 0.2636529 0.0000000 0.4183758 0.5719161 
I          0.5162312 0.3084850 0.3591896 0.2628000 0.4645519 0.5296500 0.2173291 0.4183758 0.0000000 0.5493276 
J          0.6427110 0.5658821 0.5769194 0.4604655 0.6711060 0.7154541 0.4395125 0.5719161 0.5493276 0.0000000 
