10
A          0.0000000 0.4685644 0.6011645 0.4451070 0.5483974 0.6902341 0.4180609 0.5514659 0.5293507 0.7122303 
B          0.4685644 0.0000000 0.3049308 0.2291284 0.3839245 0.4144917 0.1790249 0.3055778 0.2962922 0.4734267 
C          0.6011645 0.3049308 0.0000000 0.2951242 0.4991898 0.5357083 0.3055471 0.3885458 0.3897349 0.6066950 
D          0.4451070 0.2291284 0.2951242 0.0000000 0.3858564 0.4602676 0.1965916 0.2974678 0.2588654 0.4873145 
E          0.5483974 0.3839245 0.4991898 0.3858564 0.0000000 0.6358149 0.3189195 0.4392858 0.4668468 0.6738571 
F          0.6902341 0.4144917 0.5357083 0.4602676 0.6358149 0.0000000 0.3655472 0.4651800 0.4972300 0.7052818 
G          0.4180609 0.1790249 0.3055471 0.1965916 0.3189195 0.3655472 0.0000000 0.2441733 0.2475557 0.4206840 
H          0.5514659 0.3055778 0.3885458 0.2974678 0.4392858 0.4651800 0.2441733 0.0000000 0.3901720 0.5698870 
I          0.5293507 0.2962922 0.3897349 0.2588654 0.4668468 0.4972300 0.2475557 0.3901720 0.0000000 0.4891800 
J          0.7122303 0.4734267 0.6066950 0.4873145 0.6738571 0.7052818 0.4206840 0.5698870 0.4891800 0.0000000 
