10
A          0.0000000 0.4067329 0.4334627 0.3743530 0.5241392 0.5340817 0.3541102 0.5190985 0.4343229 0.5590751 
B          0.4067329 0.0000000 0.3042323 0.2202298 0.3824710 0.4243346 0.2117201 0.3414600 0.3229201 0.4944065 
C          0.4334627 0.3042323 0.0000000 0.2668225 0.3738610 0.4722827 0.2275269 0.3801580 0.3181263 0.5289445 
D          0.3743530 0.2202298 0.2668225 0.0000000 0.3279887 0.3928518 0.1627084 0.3149302 0.2865877 0.4224580 
E          0.5241392 0.3824710 0.3738610 0.3279887 0.0000000 0.5142049 0.3095705 0.4337622 0.3944037 0.5899619 
F          0.5340817 0.4243346 0.4722827 0.3928518 0.5142049 0.0000000 0.3581871 0.4740104 0.4682788 0.6932914 
G          0.3541102 0.2117201 0.2275269 0.1627084 0.3095705 0.3581871 0.0000000 0.2979369 0.2414516 0.4260599 
H          0.5190985 0.3414600 0.3801580 0.3149302 0.4337622 0.4740104 0.2979369 0.0000000 0.3798017 0.6118481 
I          0.4343229 0.3229201 0.3181263 0.2865877 0.3944037 0.4682788 0.2414516 0.3798017 0.0000000 0.5091309 
J          0.5590751 0.4944065 0.5289445 0.4224580 0.5899619 0.6932914 0.4260599 0.6118481 0.5091309 0.0000000 
