10
A          0.0000000 0.3162289 0.1630693 0.2986117 0.2104972 0.3865307 0.2401947 0.4985593 0.5716556 0.2279093 
B          0.3162289 0.0000000 0.2418402 0.4193374 0.2775326 0.5170378 0.3254616 0.5371003 0.6817561 0.2921346 
C          0.1630693 0.2418402 0.0000000 0.2399381 0.1551331 0.3593193 0.2138953 0.4349238 0.5230273 0.1663654 
D          0.2986117 0.4193374 0.2399381 0.0000000 0.3032021 0.4951923 0.3480367 0.5913079 0.6585722 0.3221146 
E          0.2104972 0.2775326 0.1551331 0.3032021 0.0000000 0.3971548 0.2397340 0.4761119 0.5842215 0.2194025 
F          0.3865307 0.5170378 0.3593193 0.4951923 0.3971548 0.0000000 0.4694015 0.6913734 0.7898045 0.4004353 
G          0.2401947 0.3254616 0.2138953 0.3480367 0.2397340 0.4694015 0.0000000 0.5658386 0.5536232 0.2676781 
H          0.4985593 0.5371003 0.4349238 0.5913079 0.4761119 0.6913734 0.5658386 0.0000000 0.8138829 0.5082499 
I          0.5716556 0.6817561 0.5230273 0.6585722 0.5842215 0.7898045 0.5536232 0.8138829 0.0000000 0.5430493 
J          0.2279093 0.2921346 0.1663654 0.3221146 0.2194025 0.4004353 0.2676781 0.5082499 0.5430493 0.0000000 
