10
A          0.0000000 0.3352670 0.2046946 0.3243257 0.2497755 0.4194668 0.2859705 0.5496079 0.7202144 0.2028318 
B          0.3352670 0.0000000 0.3311718 0.4704868 0.3637615 0.5645697 0.3629495 0.7532066 0.7413970 0.3492711 
C          0.2046946 0.3311718 0.0000000 0.2733582 0.1870633 0.3427655 0.2187048 0.5586211 0.5709968 0.1966513 
D          0.3243257 0.4704868 0.2733582 0.0000000 0.3645468 0.4785214 0.4104177 0.6779635 0.7503013 0.3006553 
E          0.2497755 0.3637615 0.1870633 0.3645468 0.0000000 0.4682339 0.2782658 0.6621489 0.6470453 0.2581589 
F          0.4194668 0.5645697 0.3427655 0.4785214 0.4682339 0.0000000 0.4942373 0.7784733 0.7675595 0.4162892 
G          0.2859705 0.3629495 0.2187048 0.4104177 0.2782658 0.4942373 0.0000000 0.7104192 0.7211432 0.3234997 
H          0.5496079 0.7532066 0.5586211 0.6779635 0.6621489 0.7784733 0.7104192 0.0000000 1.0439989 0.5380338 
I          0.7202144 0.7413970 0.5709968 0.7503013 0.6470453 0.7675595 0.7211432 1.0439989 0.0000000 0.6859692 
J          0.2028318 0.3492711 0.1966513 0.3006553 0.2581589 0.4162892 0.3234997 0.5380338 0.6859692 0.0000000 
