10
A          0.0000000 0.4297386 0.2649591 0.3793191 0.3188211 0.4366218 0.3722116 0.6517575 0.7541138 0.2596194 
B          0.4297386 0.0000000 0.3350800 0.4505819 0.3655321 0.5822580 0.3883684 0.8855168 0.8218499 0.4219911 
C          0.2649591 0.3350800 0.0000000 0.3241771 0.2746427 0.4374236 0.3079592 0.6803078 0.6201315 0.2480168 
D          0.3793191 0.4505819 0.3241771 0.0000000 0.3923857 0.5057598 0.4246926 0.8062046 0.8466105 0.3669514 
E          0.3188211 0.3655321 0.2746427 0.3923857 0.0000000 0.4934886 0.3404892 0.7630121 0.7064987 0.2900138 
F          0.4366218 0.5822580 0.4374236 0.5057598 0.4934886 0.0000000 0.4816233 0.7882592 0.8643319 0.4490699 
G          0.3722116 0.3883684 0.3079592 0.4246926 0.3404892 0.4816233 0.0000000 0.7618786 0.8376027 0.3655854 
H          0.6517575 0.8855168 0.6803078 0.8062046 0.7630121 0.7882592 0.7618786 0.0000000 1.2553181 0.6091509 
I          0.7541138 0.8218499 0.6201315 0.8466105 0.7064987 0.8643319 0.8376027 1.2553181 0.0000000 0.7055205 
J          0.2596194 0.4219911 0.2480168 0.3669514 0.2900138 0.4490699 0.3655854 0.6091509 0.7055205 0.0000000 
