10
A          0.0000000 0.2892363 0.1678574 0.3167464 0.2652399 0.3964227 0.2951486 0.4803255 0.6042461 0.2244688 
B          0.2892363 0.0000000 0.2174966 0.3769794 0.2904164 0.4162027 0.3432549 0.5318609 0.6755944 0.2686227 
C          0.1678574 0.2174966 0.0000000 0.2846554 0.1885019 0.3151546 0.2339125 0.4510921 0.5303710 0.1696675 
D          0.3167464 0.3769794 0.2846554 0.0000000 0.3257345 0.4986710 0.3979585 0.5736239 0.6666762 0.3240285 
E          0.2652399 0.2904164 0.1885019 0.3257345 0.0000000 0.3891710 0.3075702 0.5000186 0.5838060 0.2493141 
F          0.3964227 0.4162027 0.3151546 0.4986710 0.3891710 0.0000000 0.4208176 0.6096796 0.8222867 0.3439281 
G          0.2951486 0.3432549 0.2339125 0.3979585 0.3075702 0.4208176 0.0000000 0.5743461 0.6691076 0.2839471 
H          0.4803255 0.5318609 0.4510921 0.5736239 0.5000186 0.6096796 0.5743461 0.0000000 0.8902163 0.4409937 
I          0.6042461 0.6755944 0.5303710 0.6666762 0.5838060 0.8222867 0.6691076 0.8902163 0.0000000 0.5836932 
J          0.2244688 0.2686227 0.1696675 0.3240285 0.2493141 0.3439281 0.2839471 0.4409937 0.5836932 0.0000000 
