10
A          0.0000000 0.2663990 0.1680954 0.3386665 0.2436359 0.4130433 0.2375047 0.4881523 0.6824988 0.2209383 
B          0.2663990 0.0000000 0.1758992 0.3218894 0.2842939 0.4193164 0.2678987 0.5227295 0.6275255 0.2391751 
C          0.1680954 0.1758992 0.0000000 0.2229897 0.1531387 0.3123335 0.1612871 0.4129168 0.5266167 0.1446947 
D          0.3386665 0.3218894 0.2229897 0.0000000 0.3261768 0.4932761 0.3114034 0.5389903 0.6710821 0.2735682 
E          0.2436359 0.2842939 0.1531387 0.3261768 0.0000000 0.4164319 0.2176707 0.5784645 0.6877205 0.2262637 
F          0.4130433 0.4193164 0.3123335 0.4932761 0.4164319 0.0000000 0.3737347 0.6867638 0.7533676 0.3532951 
G          0.2375047 0.2678987 0.1612871 0.3114034 0.2176707 0.3737347 0.0000000 0.5191554 0.6183494 0.2261809 
H          0.4881523 0.5227295 0.4129168 0.5389903 0.5784645 0.6867638 0.5191554 0.0000000 0.9871121 0.4646245 
I          0.6824988 0.6275255 0.5266167 0.6710821 0.6877205 0.7533676 0.6183494 0.9871121 0.0000000 0.6219640 
J          0.2209383 0.2391751 0.1446947 0.2735682 0.2262637 0.3532951 0.2261809 0.4646245 0.6219640 0.0000000 
