10
A          0.0000000 0.3009818 0.1806689 0.2859670 0.2280801 0.4305821 0.2761465 0.5510459 0.7283464 0.2516198 
B          0.3009818 0.0000000 0.2131208 0.3314343 0.2750510 0.4157164 0.2934482 0.5379137 0.6906646 0.2573641 
C          0.1806689 0.2131208 0.0000000 0.2305055 0.1687301 0.3128322 0.2003527 0.4916063 0.6279137 0.1535019 
D          0.2859670 0.3314343 0.2305055 0.0000000 0.2789793 0.4394389 0.3347893 0.5605292 0.7048652 0.2879222 
E          0.2280801 0.2750510 0.1687301 0.2789793 0.0000000 0.4147317 0.2675892 0.5092601 0.6574598 0.2256519 
F          0.4305821 0.4157164 0.3128322 0.4394389 0.4147317 0.0000000 0.4582940 0.6875866 0.9396440 0.3798775 
G          0.2761465 0.2934482 0.2003527 0.3347893 0.2675892 0.4582940 0.0000000 0.5203288 0.6874559 0.2619703 
H          0.5510459 0.5379137 0.4916063 0.5605292 0.5092601 0.6875866 0.5203288 0.0000000 0.9804746 0.5256452 
I          0.7283464 0.6906646 0.6279137 0.7048652 0.6574598 0.9396440 0.6874559 0.9804746 0.0000000 0.6282634 
J          0.2516198 0.2573641 0.1535019 0.2879222 0.2256519 0.3798775 0.2619703 0.5256452 0.6282634 0.0000000 
