10
A          0.0000000 0.3407907 0.2165603 0.3933291 0.3063250 0.3945584 0.2916195 0.6337990 0.6169932 0.2543677 
B          0.3407907 0.0000000 0.2312516 0.3947571 0.3328498 0.4544880 0.3374785 0.6648195 0.7149805 0.2928467 
C          0.2165603 0.2312516 0.0000000 0.3085552 0.1934310 0.3439285 0.2080125 0.5394257 0.5771427 0.1937421 
D          0.3933291 0.3947571 0.3085552 0.0000000 0.3406856 0.4788960 0.3645376 0.6849191 0.7258385 0.3614995 
E          0.3063250 0.3328498 0.1934310 0.3406856 0.0000000 0.4131256 0.2802301 0.5896453 0.6612180 0.2492283 
F          0.3945584 0.4544880 0.3439285 0.4788960 0.4131256 0.0000000 0.4250087 0.8049750 0.7568423 0.3871086 
G          0.2916195 0.3374785 0.2080125 0.3645376 0.2802301 0.4250087 0.0000000 0.6145662 0.7247029 0.2640136 
H          0.6337990 0.6648195 0.5394257 0.6849191 0.5896453 0.8049750 0.6145662 0.0000000 1.0069347 0.5885820 
I          0.6169932 0.7149805 0.5771427 0.7258385 0.6612180 0.7568423 0.7247029 1.0069347 0.0000000 0.6274488 
J          0.2543677 0.2928467 0.1937421 0.3614995 0.2492283 0.3871086 0.2640136 0.5885820 0.6274488 0.0000000 
