10
A          0.0000000 0.3377179 0.1826678 0.3869529 0.2741321 0.3565363 0.2800261 0.5419769 0.7404909 0.2281797 
B          0.3377179 0.0000000 0.2568644 0.4715973 0.3602004 0.4981473 0.3510695 0.6538288 0.7760883 0.2838732 
C          0.1826678 0.2568644 0.0000000 0.3128174 0.1926772 0.3299580 0.2131738 0.5034316 0.6070510 0.1718576 
D          0.3869529 0.4715973 0.3128174 0.0000000 0.4061667 0.5712364 0.4073650 0.6458540 0.8023637 0.3371818 
E          0.2741321 0.3602004 0.1926772 0.4061667 0.0000000 0.4089015 0.2913512 0.5443455 0.6836463 0.2392871 
F          0.3565363 0.4981473 0.3299580 0.5712364 0.4089015 0.0000000 0.3972879 0.6774977 0.7951806 0.3868711 
G          0.2800261 0.3510695 0.2131738 0.4073650 0.2913512 0.3972879 0.0000000 0.6037924 0.7495053 0.2623467 
H          0.5419769 0.6538288 0.5034316 0.6458540 0.5443455 0.6774977 0.6037924 0.0000000 0.9316009 0.5240142 
I          0.7404909 0.7760883 0.6070510 0.8023637 0.6836463 0.7951806 0.7495053 0.9316009 0.0000000 0.6149659 
J          0.2281797 0.2838732 0.1718576 0.3371818 0.2392871 0.3868711 0.2623467 0.5240142 0.6149659 0.0000000 
