10
A          0.0000000 0.3306920 0.1924458 0.3405135 0.3080747 0.3456060 0.2891099 0.4920631 0.6668891 0.2447690 
B          0.3306920 0.0000000 0.2602814 0.4361976 0.3555029 0.4303085 0.3337558 0.5752519 0.6981009 0.3254665 
C          0.1924458 0.2602814 0.0000000 0.3239396 0.2261129 0.2773522 0.2228186 0.4296612 0.5512897 0.1978799 
D          0.3405135 0.4361976 0.3239396 0.0000000 0.3692882 0.3949823 0.3784424 0.5889110 0.7092367 0.3543027 
E          0.3080747 0.3555029 0.2261129 0.3692882 0.0000000 0.3979441 0.2993014 0.5254342 0.6185102 0.3055112 
F          0.3456060 0.4303085 0.2773522 0.3949823 0.3979441 0.0000000 0.3638973 0.5487719 0.6777083 0.3613019 
G          0.2891099 0.3337558 0.2228186 0.3784424 0.2993014 0.3638973 0.0000000 0.5178416 0.7200276 0.2817516 
H          0.4920631 0.5752519 0.4296612 0.5889110 0.5254342 0.5487719 0.5178416 0.0000000 0.8202701 0.4981576 
I          0.6668891 0.6981009 0.5512897 0.7092367 0.6185102 0.6777083 0.7200276 0.8202701 0.0000000 0.6114761 
J          0.2447690 0.3254665 0.1978799 0.3543027 0.3055112 0.3613019 0.2817516 0.4981576 0.6114761 0.0000000 
