10
A          0.0000000 0.3055842 0.3438885 0.2069906 0.2450741 0.4058894 0.1816294 0.4447842 0.4970630 0.3018174 
B          0.3055842 0.0000000 0.5489815 0.4010494 0.4438921 0.5913856 0.4062528 0.7176672 0.7098303 0.5640011 
C          0.3438885 0.5489815 0.0000000 0.4607192 0.4911701 0.6654882 0.4153947 0.6218524 0.6957426 0.5437882 
D          0.2069906 0.4010494 0.4607192 0.0000000 0.3458849 0.4760416 0.2944150 0.5219266 0.6341453 0.4189542 
E          0.2450741 0.4438921 0.4911701 0.3458849 0.0000000 0.5614872 0.3385096 0.5893135 0.6132150 0.4269452 
F          0.4058894 0.5913856 0.6654882 0.4760416 0.5614872 0.0000000 0.4415993 0.7417635 0.7802281 0.6057808 
G          0.1816294 0.4062528 0.4153947 0.2944150 0.3385096 0.4415993 0.0000000 0.5283781 0.5242203 0.4194960 
H          0.4447842 0.7176672 0.6218524 0.5219266 0.5893135 0.7417635 0.5283781 0.0000000 0.8403543 0.6510407 
I          0.4970630 0.7098303 0.6957426 0.6341453 0.6132150 0.7802281 0.5242203 0.8403543 0.0000000 0.7156917 
J          0.3018174 0.5640011 0.5437882 0.4189542 0.4269452 0.6057808 0.4194960 0.6510407 0.7156917 0.0000000 
