10
A          0.0000000 0.3473887 0.3424406 0.2019399 0.3090980 0.5727823 0.2905379 0.4890724 0.5404085 0.3033006 
B          0.3473887 0.0000000 0.5702665 0.4069445 0.4611840 0.7661313 0.4566497 0.6603293 0.8736552 0.4784942 
C          0.3424406 0.5702665 0.0000000 0.4158024 0.5142677 0.9056942 0.4875071 0.7835479 0.8003794 0.5001979 
D          0.2019399 0.4069445 0.4158024 0.0000000 0.3986344 0.6483897 0.3522690 0.5555994 0.5764731 0.3131397 
E          0.3090980 0.4611840 0.5142677 0.3986344 0.0000000 0.7719827 0.4236359 0.6685006 0.6853368 0.4674811 
F          0.5727823 0.7661313 0.9056942 0.6483897 0.7719827 0.0000000 0.8369404 1.0382766 0.9609864 0.6713435 
G          0.2905379 0.4566497 0.4875071 0.3522690 0.4236359 0.8369404 0.0000000 0.7091929 0.6565252 0.4162964 
H          0.4890724 0.6603293 0.7835479 0.5555994 0.6685006 1.0382766 0.7091929 0.0000000 0.8371140 0.6075291 
I          0.5404085 0.8736552 0.8003794 0.5764731 0.6853368 0.9609864 0.6565252 0.8371140 0.0000000 0.6515517 
J          0.3033006 0.4784942 0.5001979 0.3131397 0.4674811 0.6713435 0.4162964 0.6075291 0.6515517 0.0000000 
