10
A          0.0000000 0.3185489 0.4257242 0.2058468 0.2979596 0.4552631 0.2481947 0.3967639 0.4896976 0.3323449 
B          0.3185489 0.0000000 0.6418687 0.3759358 0.4677308 0.6602379 0.4107272 0.6103660 0.6735980 0.5473204 
C          0.4257242 0.6418687 0.0000000 0.4683641 0.5344866 0.7310223 0.5438116 0.6795319 0.7592331 0.6193935 
D          0.2058468 0.3759358 0.4683641 0.0000000 0.3526852 0.5502962 0.3057393 0.5024706 0.5521287 0.3946772 
E          0.2979596 0.4677308 0.5344866 0.3526852 0.0000000 0.5940669 0.4026525 0.5800064 0.6840046 0.4757758 
F          0.4552631 0.6602379 0.7310223 0.5502962 0.5940669 0.0000000 0.5982401 0.7739112 0.8968969 0.5927762 
G          0.2481947 0.4107272 0.5438116 0.3057393 0.4026525 0.5982401 0.0000000 0.5525248 0.6292657 0.4472729 
H          0.3967639 0.6103660 0.6795319 0.5024706 0.5800064 0.7739112 0.5525248 0.0000000 0.8849582 0.5892891 
I          0.4896976 0.6735980 0.7592331 0.5521287 0.6840046 0.8968969 0.6292657 0.8849582 0.0000000 0.7096225 
J          0.3323449 0.5473204 0.6193935 0.3946772 0.4757758 0.5927762 0.4472729 0.5892891 0.7096225 0.0000000 
