10
A          0.0000000 0.3227195 0.3842961 0.2143124 0.3212842 0.4766403 0.2495541 0.3843618 0.4257350 0.3128552 
B          0.3227195 0.0000000 0.5051078 0.3903348 0.4796495 0.7156612 0.4333948 0.5789077 0.6049682 0.4395102 
C          0.3842961 0.5051078 0.0000000 0.4917619 0.5228732 0.6737514 0.4794224 0.6449626 0.6440459 0.5971754 
D          0.2143124 0.3903348 0.4917619 0.0000000 0.3105460 0.5196825 0.2737322 0.4794751 0.4920618 0.3331320 
E          0.3212842 0.4796495 0.5228732 0.3105460 0.0000000 0.6448916 0.3821098 0.6267015 0.5713625 0.4411233 
F          0.4766403 0.7156612 0.6737514 0.5196825 0.6448916 0.0000000 0.4443098 0.8311358 0.7193712 0.5703719 
G          0.2495541 0.4333948 0.4794224 0.2737322 0.3821098 0.4443098 0.0000000 0.5253173 0.5027959 0.3767963 
H          0.3843618 0.5789077 0.6449626 0.4794751 0.6267015 0.8311358 0.5253173 0.0000000 0.7796465 0.6314691 
I          0.4257350 0.6049682 0.6440459 0.4920618 0.5713625 0.7193712 0.5027959 0.7796465 0.0000000 0.6234389 
J          0.3128552 0.4395102 0.5971754 0.3331320 0.4411233 0.5703719 0.3767963 0.6314691 0.6234389 0.0000000 
