10
A          0.0000000 0.3815368 0.4173115 0.2382201 0.3078391 0.5860334 0.2495415 0.4906909 0.6505226 0.3153074 
B          0.3815368 0.0000000 0.6948733 0.4706134 0.5631731 0.8659475 0.4400663 0.7808633 0.8975708 0.5766182 
C          0.4173115 0.6948733 0.0000000 0.5162185 0.6065178 0.8591216 0.5566227 0.7689680 0.9390710 0.7113376 
D          0.2382201 0.4706134 0.5162185 0.0000000 0.3985649 0.7033203 0.3363669 0.5173630 0.7125773 0.4279550 
E          0.3078391 0.5631731 0.6065178 0.3985649 0.0000000 0.7914823 0.4159718 0.6116232 0.7868375 0.5094664 
F          0.5860334 0.8659475 0.8591216 0.7033203 0.7914823 0.0000000 0.7940885 0.9218127 1.0765074 0.8440850 
G          0.2495415 0.4400663 0.5566227 0.3363669 0.4159718 0.7940885 0.0000000 0.6676053 0.7339761 0.4648589 
H          0.4906909 0.7808633 0.7689680 0.5173630 0.6116232 0.9218127 0.6676053 0.0000000 1.2601009 0.7263942 
I          0.6505226 0.8975708 0.9390710 0.7125773 0.7868375 1.0765074 0.7339761 1.2601009 0.0000000 0.8211033 
J          0.3153074 0.5766182 0.7113376 0.4279550 0.5094664 0.8440850 0.4648589 0.7263942 0.8211033 0.0000000 
