10
A          0.0000000 0.3024707 0.4021566 0.1881655 0.2933536 0.5258124 0.2427277 0.4644916 0.4818274 0.2947607 
B          0.3024707 0.0000000 0.5652266 0.3563669 0.5208205 0.7178292 0.4407982 0.6172651 0.6429342 0.4150349 
C          0.4021566 0.5652266 0.0000000 0.4389001 0.5980492 0.7377499 0.4746833 0.6621581 0.6864097 0.5431407 
D          0.1881655 0.3563669 0.4389001 0.0000000 0.3277586 0.5570070 0.2869187 0.4862138 0.5237595 0.3577313 
E          0.2933536 0.5208205 0.5980492 0.3277586 0.0000000 0.6608984 0.3956648 0.6186187 0.6089257 0.3912086 
F          0.5258124 0.7178292 0.7377499 0.5570070 0.6608984 0.0000000 0.6245171 0.9146624 0.8587910 0.6423235 
G          0.2427277 0.4407982 0.4746833 0.2869187 0.3956648 0.6245171 0.0000000 0.5379992 0.6137618 0.4372224 
H          0.4644916 0.6172651 0.6621581 0.4862138 0.6186187 0.9146624 0.5379992 0.0000000 0.7230798 0.6386341 
I          0.4818274 0.6429342 0.6864097 0.5237595 0.6089257 0.8587910 0.6137618 0.7230798 0.0000000 0.6110470 
J          0.2947607 0.4150349 0.5431407 0.3577313 0.3912086 0.6423235 0.4372224 0.6386341 0.6110470 0.0000000 
