10
A          0.0000000 0.2465267 0.3812622 0.1788313 0.2759362 0.4370394 0.2282296 0.4486297 0.4579410 0.2956831 
B          0.2465267 0.0000000 0.4478193 0.2953777 0.3733982 0.5147509 0.2811234 0.6252903 0.5539009 0.3781511 
C          0.3812622 0.4478193 0.0000000 0.3600095 0.5088618 0.6421410 0.4178677 0.6620008 0.7237458 0.4987088 
D          0.1788313 0.2953777 0.3600095 0.0000000 0.2903029 0.4830186 0.2426548 0.5078179 0.5035641 0.3122704 
E          0.2759362 0.3733982 0.5088618 0.2903029 0.0000000 0.5397892 0.3268754 0.5578494 0.6005004 0.4365336 
F          0.4370394 0.5147509 0.6421410 0.4830186 0.5397892 0.0000000 0.4336816 0.7042348 0.7134930 0.5628526 
G          0.2282296 0.2811234 0.4178677 0.2426548 0.3268754 0.4336816 0.0000000 0.5683732 0.5451295 0.3196079 
H          0.4486297 0.6252903 0.6620008 0.5078179 0.5578494 0.7042348 0.5683732 0.0000000 0.7462534 0.5835885 
I          0.4579410 0.5539009 0.7237458 0.5035641 0.6005004 0.7134930 0.5451295 0.7462534 0.0000000 0.6130623 
J          0.2956831 0.3781511 0.4987088 0.3122704 0.4365336 0.5628526 0.3196079 0.5835885 0.6130623 0.0000000 
