10
A          0.0000000 0.3225923 0.3649072 0.1768185 0.2953067 0.5130623 0.2131896 0.4819039 0.5435499 0.2697086 
B          0.3225923 0.0000000 0.5484118 0.3485858 0.4835929 0.6780375 0.4283637 0.6522930 0.6859588 0.4476524 
C          0.3649072 0.5484118 0.0000000 0.3878166 0.5367251 0.6698733 0.4672055 0.6931810 0.7677853 0.4985705 
D          0.1768185 0.3485858 0.3878166 0.0000000 0.3217146 0.5827077 0.2891466 0.4825723 0.5335281 0.2886018 
E          0.2953067 0.4835929 0.5367251 0.3217146 0.0000000 0.6474732 0.3850179 0.5601763 0.6702015 0.4298865 
F          0.5130623 0.6780375 0.6698733 0.5827077 0.6474732 0.0000000 0.5809571 0.7943486 0.9468601 0.6175990 
G          0.2131896 0.4283637 0.4672055 0.2891466 0.3850179 0.5809571 0.0000000 0.5695551 0.6305740 0.3554860 
H          0.4819039 0.6522930 0.6931810 0.4825723 0.5601763 0.7943486 0.5695551 0.0000000 0.9076436 0.6333093 
I          0.5435499 0.6859588 0.7677853 0.5335281 0.6702015 0.9468601 0.6305740 0.9076436 0.0000000 0.6477713 
J          0.2697086 0.4476524 0.4985705 0.2886018 0.4298865 0.6175990 0.3554860 0.6333093 0.6477713 0.0000000 
