10
A          0.0000000 0.3443954 0.3230715 0.2000053 0.2312787 0.4890442 0.1649380 0.3826880 0.4674570 0.2597080 
B          0.3443954 0.0000000 0.5840901 0.4280654 0.4590193 0.7783684 0.4050414 0.6457776 0.7169586 0.4941134 
C          0.3230715 0.5840901 0.0000000 0.3828762 0.4455014 0.7509657 0.3809759 0.5756853 0.6881389 0.4734010 
D          0.2000053 0.4280654 0.3828762 0.0000000 0.3144324 0.5733825 0.2645142 0.4325994 0.5361049 0.3394965 
E          0.2312787 0.4590193 0.4455014 0.3144324 0.0000000 0.5887713 0.3123813 0.4981000 0.6154368 0.4147562 
F          0.4890442 0.7783684 0.7509657 0.5733825 0.5887713 0.0000000 0.6132300 0.8323176 0.8372274 0.7269322 
G          0.1649380 0.4050414 0.3809759 0.2645142 0.3123813 0.6132300 0.0000000 0.4397842 0.5479355 0.3557866 
H          0.3826880 0.6457776 0.5756853 0.4325994 0.4981000 0.8323176 0.4397842 0.0000000 0.7362210 0.5361887 
I          0.4674570 0.7169586 0.6881389 0.5361049 0.6154368 0.8372274 0.5479355 0.7362210 0.0000000 0.6441175 
J          0.2597080 0.4941134 0.4734010 0.3394965 0.4147562 0.7269322 0.3557866 0.5361887 0.6441175 0.0000000 
