10
A          0.0000000 0.3601509 0.4247566 0.2072186 0.2630321 0.5497215 0.2316613 0.4432061 0.5004074 0.3185092 
B          0.3601509 0.0000000 0.6294084 0.4530879 0.4595262 0.7732609 0.4536031 0.7086453 0.7569744 0.5906386 
C          0.4247566 0.6294084 0.0000000 0.4731316 0.4980659 0.8042725 0.5106160 0.6920147 0.8046870 0.6183980 
D          0.2072186 0.4530879 0.4731316 0.0000000 0.3668483 0.6324092 0.3097003 0.5134286 0.6129478 0.4359663 
E          0.2630321 0.4595262 0.4980659 0.3668483 0.0000000 0.6608453 0.3415610 0.5698294 0.6023469 0.4656087 
F          0.5497215 0.7732609 0.8042725 0.6324092 0.6608453 0.0000000 0.6242082 0.8713371 0.8494713 0.7311581 
G          0.2316613 0.4536031 0.5106160 0.3097003 0.3415610 0.6242082 0.0000000 0.4724768 0.5915584 0.4152909 
H          0.4432061 0.7086453 0.6920147 0.5134286 0.5698294 0.8713371 0.4724768 0.0000000 0.7973415 0.6095672 
I          0.5004074 0.7569744 0.8046870 0.6129478 0.6023469 0.8494713 0.5915584 0.7973415 0.0000000 0.6478916 
J          0.3185092 0.5906386 0.6183980 0.4359663 0.4656087 0.7311581 0.4152909 0.6095672 0.6478916 0.0000000 
