10
A          0.0000000 0.5213833 0.5990136 0.3366846 0.8128963 0.7624667 0.8410408 0.5004087 0.4450588 0.6310216 
B          0.5213833 0.0000000 0.5649338 0.3720574 0.7973022 0.6395281 0.7649537 0.5186358 0.3697540 0.6087490 
C          0.5990136 0.5649338 0.0000000 0.4246453 0.7495219 0.9882775 0.8683853 0.6091330 0.5033015 0.6722847 
D          0.3366846 0.3720574 0.4246453 0.0000000 0.5812181 0.6370768 0.6248860 0.3657360 0.2590231 0.4403152 
E          0.8128963 0.7973022 0.7495219 0.5812181 0.0000000 1.0079503 1.0116348 0.8115645 0.6915224 0.8970892 
F          0.7624667 0.6395281 0.9882775 0.6370768 1.0079503 0.0000000 0.9838321 0.7744216 0.6666418 0.8149749 
G          0.8410408 0.7649537 0.8683853 0.6248860 1.0116348 0.9838321 0.0000000 0.8362997 0.6760864 0.8664497 
H          0.5004087 0.5186358 0.6091330 0.3657360 0.8115645 0.7744216 0.8362997 0.0000000 0.4101855 0.6374141 
I          0.4450588 0.3697540 0.5033015 0.2590231 0.6915224 0.6666418 0.6760864 0.4101855 0.0000000 0.4857615 
J          0.6310216 0.6087490 0.6722847 0.4403152 0.8970892 0.8149749 0.8664497 0.6374141 0.4857615 0.0000000 
