10
A          0.0000000 0.5287851 0.6137671 0.4951490 0.6580696 0.8142214 0.7067001 0.7005517 0.4445237 0.7581417 
B          0.5287851 0.0000000 0.6285299 0.4245220 0.6557958 0.7979127 0.6194878 0.7185484 0.4874381 0.8624113 
C          0.6137671 0.6285299 0.0000000 0.5738338 0.7539518 1.0100437 0.8337248 0.6690775 0.5738418 0.9182036 
D          0.4951490 0.4245220 0.5738338 0.0000000 0.5106894 0.6443826 0.6369691 0.5704790 0.3698362 0.6300529 
E          0.6580696 0.6557958 0.7539518 0.5106894 0.0000000 0.9097007 0.7676370 0.8158405 0.6294983 0.7901438 
F          0.8142214 0.7979127 1.0100437 0.6443826 0.9097007 0.0000000 0.9588597 0.9537079 0.7749915 0.7944834 
G          0.7067001 0.6194878 0.8337248 0.6369691 0.7676370 0.9588597 0.0000000 0.8630585 0.7454470 0.8626611 
H          0.7005517 0.7185484 0.6690775 0.5704790 0.8158405 0.9537079 0.8630585 0.0000000 0.6349930 0.9219700 
I          0.4445237 0.4874381 0.5738418 0.3698362 0.6294983 0.7749915 0.7454470 0.6349930 0.0000000 0.7634812 
J          0.7581417 0.8624113 0.9182036 0.6300529 0.7901438 0.7944834 0.8626611 0.9219700 0.7634812 0.0000000 
