10
A          0.0000000 0.5976150 0.6979404 0.3594797 0.7420333 0.6684013 0.8034438 0.5422895 0.4326366 0.6629661 
B          0.5976150 0.0000000 0.6471494 0.3763578 0.7971663 0.7582897 0.8537385 0.6496902 0.4427589 0.6447149 
C          0.6979404 0.6471494 0.0000000 0.4839791 0.8644961 0.6964650 0.9133075 0.7091215 0.6046170 0.7536822 
D          0.3594797 0.3763578 0.4839791 0.0000000 0.5786977 0.5827103 0.6512904 0.4212349 0.2999822 0.5117446 
E          0.7420333 0.7971663 0.8644961 0.5786977 0.0000000 0.8304239 1.0194584 0.7651954 0.6666126 0.8895360 
F          0.6684013 0.7582897 0.6964650 0.5827103 0.8304239 0.0000000 0.9641766 0.7881451 0.6465911 0.9168625 
G          0.8034438 0.8537385 0.9133075 0.6512904 1.0194584 0.9641766 0.0000000 0.8449066 0.7370439 0.9384409 
H          0.5422895 0.6496902 0.7091215 0.4212349 0.7651954 0.7881451 0.8449066 0.0000000 0.5053551 0.6599485 
I          0.4326366 0.4427589 0.6046170 0.2999822 0.6666126 0.6465911 0.7370439 0.5053551 0.0000000 0.6301342 
J          0.6629661 0.6447149 0.7536822 0.5117446 0.8895360 0.9168625 0.9384409 0.6599485 0.6301342 0.0000000 
