10
A          0.0000000 0.4759159 0.5525856 0.3506874 0.6971846 0.6181714 0.6612082 0.5325403 0.3944094 0.5677362 
B          0.4759159 0.0000000 0.5318828 0.3611524 0.6655199 0.7085095 0.6717703 0.5421719 0.4198248 0.4961397 
C          0.5525856 0.5318828 0.0000000 0.4483424 0.7712539 0.8217964 0.7583535 0.7058768 0.4789505 0.6834965 
D          0.3506874 0.3611524 0.4483424 0.0000000 0.5651298 0.5855848 0.5249122 0.4296215 0.3167829 0.4409674 
E          0.6971846 0.6655199 0.7712539 0.5651298 0.0000000 0.9048285 0.7195287 0.7886937 0.5879250 0.6949613 
F          0.6181714 0.7085095 0.8217964 0.5855848 0.9048285 0.0000000 0.8865473 0.7967751 0.6277250 0.7662320 
G          0.6612082 0.6717703 0.7583535 0.5249122 0.7195287 0.8865473 0.0000000 0.7957817 0.6007473 0.6538887 
H          0.5325403 0.5421719 0.7058768 0.4296215 0.7886937 0.7967751 0.7957817 0.0000000 0.4378854 0.5690508 
I          0.3944094 0.4198248 0.4789505 0.3167829 0.5879250 0.6277250 0.6007473 0.4378854 0.0000000 0.4849477 
J          0.5677362 0.4961397 0.6834965 0.4409674 0.6949613 0.7662320 0.6538887 0.5690508 0.4849477 0.0000000 
