10
A          0.0000000 0.3444759 0.5267275 0.2905967 0.7081977 0.6868052 0.6468838 0.4905932 0.3503169 0.4921548 
B          0.3444759 0.0000000 0.6010259 0.3291760 0.7374584 0.6496868 0.6804544 0.4643911 0.3580843 0.5367175 
C          0.5267275 0.6010259 0.0000000 0.4815721 0.8239141 0.7754369 0.8186037 0.6495640 0.5167776 0.6887483 
D          0.2905967 0.3291760 0.4815721 0.0000000 0.5689875 0.6194305 0.6466306 0.4053796 0.2616529 0.4470073 
E          0.7081977 0.7374584 0.8239141 0.5689875 0.0000000 0.9274956 0.9689552 0.7985102 0.6394022 0.8695781 
F          0.6868052 0.6496868 0.7754369 0.6194305 0.9274956 0.0000000 1.0172019 0.7974061 0.6347230 0.7842145 
G          0.6468838 0.6804544 0.8186037 0.6466306 0.9689552 1.0172019 0.0000000 0.8167013 0.6561337 0.8990589 
H          0.4905932 0.4643911 0.6495640 0.4053796 0.7985102 0.7974061 0.8167013 0.0000000 0.4455860 0.6528254 
I          0.3503169 0.3580843 0.5167776 0.2616529 0.6394022 0.6347230 0.6561337 0.4455860 0.0000000 0.4934269 
J          0.4921548 0.5367175 0.6887483 0.4470073 0.8695781 0.7842145 0.8990589 0.6528254 0.4934269 0.0000000 
