10
A          0.0000000 0.4745363 0.6996535 0.4081978 0.6900917 0.7676578 0.7835122 0.6717888 0.4700661 0.6949191 
B          0.4745363 0.0000000 0.6111683 0.4040056 0.7000843 0.7786011 0.6873497 0.6721141 0.5830473 0.7098618 
C          0.6996535 0.6111683 0.0000000 0.4858462 0.9087234 0.9851786 0.8451379 0.6027410 0.6542367 0.7765067 
D          0.4081978 0.4040056 0.4858462 0.0000000 0.5422355 0.7025226 0.6281959 0.5271388 0.3849736 0.5026007 
E          0.6900917 0.7000843 0.9087234 0.5422355 0.0000000 0.9452918 1.0079786 0.8480341 0.7276518 0.7507700 
F          0.7676578 0.7786011 0.9851786 0.7025226 0.9452918 0.0000000 1.0395141 1.0166339 0.8884658 0.8801275 
G          0.7835122 0.6873497 0.8451379 0.6281959 1.0079786 1.0395141 0.0000000 0.8599851 0.7777344 0.9577621 
H          0.6717888 0.6721141 0.6027410 0.5271388 0.8480341 1.0166339 0.8599851 0.0000000 0.6248775 0.7353048 
I          0.4700661 0.5830473 0.6542367 0.3849736 0.7276518 0.8884658 0.7777344 0.6248775 0.0000000 0.7276888 
J          0.6949191 0.7098618 0.7765067 0.5026007 0.7507700 0.8801275 0.9577621 0.7353048 0.7276888 0.0000000 
