10
A          0.0000000 0.5553081 0.5541670 0.3741797 0.7072256 0.7122289 0.7918991 0.5308727 0.3892266 0.6422655 
B          0.5553081 0.0000000 0.6221790 0.4445296 0.6865800 0.7081048 0.6173730 0.6958244 0.4730843 0.6573241 
C          0.5541670 0.6221790 0.0000000 0.4482740 0.7512692 0.8740723 0.8848427 0.5850148 0.4876678 0.7307330 
D          0.3741797 0.4445296 0.4482740 0.0000000 0.5582043 0.5776538 0.5785130 0.4948280 0.3100628 0.4938765 
E          0.7072256 0.6865800 0.7512692 0.5582043 0.0000000 0.9027089 0.9522533 0.7776397 0.6353019 0.9101887 
F          0.7122289 0.7081048 0.8740723 0.5776538 0.9027089 0.0000000 0.9100327 0.9031055 0.5981389 0.7606016 
G          0.7918991 0.6173730 0.8848427 0.5785130 0.9522533 0.9100327 0.0000000 0.9319153 0.6332305 0.8715792 
H          0.5308727 0.6958244 0.5850148 0.4948280 0.7776397 0.9031055 0.9319153 0.0000000 0.4569047 0.7038120 
I          0.3892266 0.4730843 0.4876678 0.3100628 0.6353019 0.5981389 0.6332305 0.4569047 0.0000000 0.5907475 
J          0.6422655 0.6573241 0.7307330 0.4938765 0.9101887 0.7606016 0.8715792 0.7038120 0.5907475 0.0000000 
