10
A          0.0000000 0.5466119 0.6930848 0.3628956 0.6978897 0.6376772 0.6228255 0.5049635 0.3787213 0.5438226 
B          0.5466119 0.0000000 0.7435306 0.4295832 0.7479307 0.7249793 0.6582159 0.6678109 0.4828236 0.6655320 
C          0.6930848 0.7435306 0.0000000 0.6328032 0.9162684 0.9093382 0.9056446 0.6043695 0.5632439 0.7605767 
D          0.3628956 0.4295832 0.6328032 0.0000000 0.5465630 0.5558981 0.5390860 0.4799209 0.3271113 0.4934984 
E          0.6978897 0.7479307 0.9162684 0.5465630 0.0000000 0.8347203 0.7270225 0.7094863 0.6299969 0.7047228 
F          0.6376772 0.7249793 0.9093382 0.5558981 0.8347203 0.0000000 0.8923099 0.7986293 0.5995173 0.7374899 
G          0.6228255 0.6582159 0.9056446 0.5390860 0.7270225 0.8923099 0.0000000 0.8446864 0.6187663 0.6834474 
H          0.5049635 0.6678109 0.6043695 0.4799209 0.7094863 0.7986293 0.8446864 0.0000000 0.4591595 0.6972627 
I          0.3787213 0.4828236 0.5632439 0.3271113 0.6299969 0.5995173 0.6187663 0.4591595 0.0000000 0.5421212 
J          0.5438226 0.6655320 0.7605767 0.4934984 0.7047228 0.7374899 0.6834474 0.6972627 0.5421212 0.0000000 
