10
A          0.0000000 0.4824393 0.5120296 0.3068320 0.5070470 0.6849620 0.6237834 0.5480649 0.3950909 0.5823088 
B          0.4824393 0.0000000 0.5801442 0.3604262 0.5285108 0.7056149 0.5823687 0.6097440 0.3912267 0.5590497 
C          0.5120296 0.5801442 0.0000000 0.4399826 0.6389254 0.7703944 0.6978002 0.7388153 0.5248866 0.6809209 
D          0.3068320 0.3604262 0.4399826 0.0000000 0.4170546 0.6051069 0.5165689 0.4374613 0.3058779 0.4697879 
E          0.5070470 0.5285108 0.6389254 0.4170546 0.0000000 0.7930097 0.6771080 0.6623861 0.5015008 0.6616764 
F          0.6849620 0.7056149 0.7703944 0.6051069 0.7930097 0.0000000 0.8095902 0.7790684 0.6073708 0.8139107 
G          0.6237834 0.5823687 0.6978002 0.5165689 0.6771080 0.8095902 0.0000000 0.7793799 0.5580866 0.7810274 
H          0.5480649 0.6097440 0.7388153 0.4374613 0.6623861 0.7790684 0.7793799 0.0000000 0.4980476 0.7108020 
I          0.3950909 0.3912267 0.5248866 0.3058779 0.5015008 0.6073708 0.5580866 0.4980476 0.0000000 0.5618943 
J          0.5823088 0.5590497 0.6809209 0.4697879 0.6616764 0.8139107 0.7810274 0.7108020 0.5618943 0.0000000 
