10
A          0.0000000 0.5319971 0.5283009 0.3707240 0.6120344 0.6694494 0.6215235 0.5768690 0.4330851 0.7632688 
B          0.5319971 0.0000000 0.6141077 0.3985021 0.6015933 0.7843991 0.6499086 0.6151469 0.4760553 0.7491201 
C          0.5283009 0.6141077 0.0000000 0.4458483 0.7177989 0.7417678 0.7358826 0.6013314 0.4896606 0.7654762 
D          0.3707240 0.3985021 0.4458483 0.0000000 0.5258540 0.6207221 0.5772144 0.4605201 0.3336794 0.5856173 
E          0.6120344 0.6015933 0.7177989 0.5258540 0.0000000 0.8446763 0.7476544 0.6582440 0.5012652 0.7755088 
F          0.6694494 0.7843991 0.7417678 0.6207221 0.8446763 0.0000000 0.9047556 0.7989933 0.6163126 0.8183011 
G          0.6215235 0.6499086 0.7358826 0.5772144 0.7476544 0.9047556 0.0000000 0.6987660 0.5427414 0.8437815 
H          0.5768690 0.6151469 0.6013314 0.4605201 0.6582440 0.7989933 0.6987660 0.0000000 0.4814291 0.7478975 
I          0.4330851 0.4760553 0.4896606 0.3336794 0.5012652 0.6163126 0.5427414 0.4814291 0.0000000 0.6293941 
J          0.7632688 0.7491201 0.7654762 0.5856173 0.7755088 0.8183011 0.8437815 0.7478975 0.6293941 0.0000000 
