10
A          0.0000000 0.4163415 0.5721670 0.3609783 0.6071700 0.7004776 0.6740618 0.5486340 0.3667082 0.7246214 
B          0.4163415 0.0000000 0.5248364 0.3254899 0.5832042 0.6474162 0.6071527 0.5133484 0.3616372 0.5834844 
C          0.5721670 0.5248364 0.0000000 0.4906361 0.7463740 0.8263416 0.7582403 0.6856806 0.5500717 0.8135987 
D          0.3609783 0.3254899 0.4906361 0.0000000 0.4748584 0.5657869 0.5975750 0.4329132 0.3165035 0.5289894 
E          0.6071700 0.5832042 0.7463740 0.4748584 0.0000000 0.7957234 0.8537905 0.7664659 0.5617418 0.8211858 
F          0.7004776 0.6474162 0.8263416 0.5657869 0.7957234 0.0000000 0.8914932 0.6986761 0.5998937 0.9260279 
G          0.6740618 0.6071527 0.7582403 0.5975750 0.8537905 0.8914932 0.0000000 0.7602793 0.6599547 0.8397709 
H          0.5486340 0.5133484 0.6856806 0.4329132 0.7664659 0.6986761 0.7602793 0.0000000 0.4782909 0.7357947 
I          0.3667082 0.3616372 0.5500717 0.3165035 0.5617418 0.5998937 0.6599547 0.4782909 0.0000000 0.5155975 
J          0.7246214 0.5834844 0.8135987 0.5289894 0.8211858 0.9260279 0.8397709 0.7357947 0.5155975 0.0000000 
