10
A          0.0000000 0.6436817 0.3805938 0.6310648 0.6787525 0.6144785 0.4357111 0.5139584 0.6307220 0.3256700 
B          0.6436817 0.0000000 0.4923201 0.7500427 0.7317480 0.7244518 0.5552763 0.6312814 0.7461885 0.4609516 
C          0.3805938 0.4923201 0.0000000 0.4286090 0.4697285 0.4672169 0.2838499 0.3311496 0.4670607 0.1678298 
D          0.6310648 0.7500427 0.4286090 0.0000000 0.7337724 0.7355607 0.4886355 0.5418924 0.7163713 0.3742093 
E          0.6787525 0.7317480 0.4697285 0.7337724 0.0000000 0.7743351 0.5946109 0.5873953 0.7086642 0.4508866 
F          0.6144785 0.7244518 0.4672169 0.7355607 0.7743351 0.0000000 0.5396566 0.6110842 0.7615553 0.3960812 
G          0.4357111 0.5552763 0.2838499 0.4886355 0.5946109 0.5396566 0.0000000 0.3914330 0.5312060 0.2363565 
H          0.5139584 0.6312814 0.3311496 0.5418924 0.5873953 0.6110842 0.3914330 0.0000000 0.5496102 0.2928352 
I          0.6307220 0.7461885 0.4670607 0.7163713 0.7086642 0.7615553 0.5312060 0.5496102 0.0000000 0.3850087 
J          0.3256700 0.4609516 0.1678298 0.3742093 0.4508866 0.3960812 0.2363565 0.2928352 0.3850087 0.0000000 
