10
A          0.0000000 0.6235142 0.4141040 0.8182650 0.8253732 0.6357406 0.5132216 0.5119611 0.6963014 0.3180497 
B          0.6235142 0.0000000 0.5894363 0.9128148 0.8078396 0.7248876 0.7074454 0.6606656 0.9130999 0.5100287 
C          0.4141040 0.5894363 0.0000000 0.5515725 0.6190711 0.5047880 0.3667270 0.3463192 0.6261205 0.1829949 
D          0.8182650 0.9128148 0.5515725 0.0000000 0.9732190 0.8280822 0.6875167 0.7370497 0.9441101 0.5318011 
E          0.8253732 0.8078396 0.6190711 0.9732190 0.0000000 0.8150136 0.7513077 0.7186947 0.9279643 0.5378604 
F          0.6357406 0.7248876 0.5047880 0.8280822 0.8150136 0.0000000 0.6211269 0.5858226 0.8510190 0.4380647 
G          0.5132216 0.7074454 0.3667270 0.6875167 0.7513077 0.6211269 0.0000000 0.4822212 0.7476125 0.3077873 
H          0.5119611 0.6606656 0.3463192 0.7370497 0.7186947 0.5858226 0.4822212 0.0000000 0.7413881 0.2925425 
I          0.6963014 0.9130999 0.6261205 0.9441101 0.9279643 0.8510190 0.7476125 0.7413881 0.0000000 0.4826638 
J          0.3180497 0.5100287 0.1829949 0.5318011 0.5378604 0.4380647 0.3077873 0.2925425 0.4826638 0.0000000 
