10
A          0.0000000 0.8155548 0.4976044 0.7771218 0.7737341 0.8889770 0.5570064 0.6240570 0.8946732 0.4281260 
B          0.8155548 0.0000000 0.6221538 0.8530282 0.8448876 1.0105593 0.7159058 0.7067532 1.1185314 0.5518466 
C          0.4976044 0.6221538 0.0000000 0.5324908 0.5250603 0.6463636 0.3413185 0.3943148 0.6991925 0.1877569 
D          0.7771218 0.8530282 0.5324908 0.0000000 0.7522341 0.8878406 0.5701644 0.6330849 0.8983044 0.4480442 
E          0.7737341 0.8448876 0.5250603 0.7522341 0.0000000 0.9716492 0.5959600 0.7035317 0.8447918 0.4878672 
F          0.8889770 1.0105593 0.6463636 0.8878406 0.9716492 0.0000000 0.7316077 0.7138798 0.9447301 0.5574879 
G          0.5570064 0.7159058 0.3413185 0.5701644 0.5959600 0.7316077 0.0000000 0.4828455 0.7450993 0.2972892 
H          0.6240570 0.7067532 0.3943148 0.6330849 0.7035317 0.7138798 0.4828455 0.0000000 0.8327637 0.3416206 
I          0.8946732 1.1185314 0.6991925 0.8983044 0.8447918 0.9447301 0.7450993 0.8327637 0.0000000 0.5961887 
J          0.4281260 0.5518466 0.1877569 0.4480442 0.4878672 0.5574879 0.2972892 0.3416206 0.5961887 0.0000000 
