10
A          0.0000000 0.7058319 0.4150765 0.8861471 0.6977039 0.6564377 0.5179578 0.6070461 0.6799850 0.3445378 
B          0.7058319 0.0000000 0.5103539 0.8592974 0.8240650 0.6660894 0.6113540 0.7421260 0.7771738 0.4900894 
C          0.4150765 0.5103539 0.0000000 0.5810038 0.5345140 0.4883058 0.2888444 0.3858254 0.5191102 0.1816098 
D          0.8861471 0.8592974 0.5810038 0.0000000 0.8434082 0.8075960 0.5863511 0.7853783 0.7696147 0.5050568 
E          0.6977039 0.8240650 0.5345140 0.8434082 0.0000000 0.7734483 0.5903470 0.6547290 0.8187044 0.4511480 
F          0.6564377 0.6660894 0.4883058 0.8075960 0.7734483 0.0000000 0.5292827 0.6958179 0.7798670 0.4349218 
G          0.5179578 0.6113540 0.2888444 0.5863511 0.5903470 0.5292827 0.0000000 0.5174637 0.6284850 0.2441766 
H          0.6070461 0.7421260 0.3858254 0.7853783 0.6547290 0.6958179 0.5174637 0.0000000 0.6754727 0.3294792 
I          0.6799850 0.7771738 0.5191102 0.7696147 0.8187044 0.7798670 0.6284850 0.6754727 0.0000000 0.4554621 
J          0.3445378 0.4900894 0.1816098 0.5050568 0.4511480 0.4349218 0.2441766 0.3294792 0.4554621 0.0000000 
