10
A          0.0000000 0.6776203 0.4235107 0.7686719 0.7563773 0.6991971 0.4714725 0.4850938 0.6360190 0.3511627 
B          0.6776203 0.0000000 0.5654628 0.6777249 0.8605938 0.7961413 0.5912646 0.5989392 0.8421473 0.5022194 
C          0.4235107 0.5654628 0.0000000 0.6140078 0.6302668 0.5075398 0.2912626 0.3316787 0.5207969 0.2088903 
D          0.7686719 0.6777249 0.6140078 0.0000000 0.9236785 0.8488889 0.5853936 0.6273886 0.9889303 0.5320303 
E          0.7563773 0.8605938 0.6302668 0.9236785 0.0000000 0.8789676 0.7251585 0.6588566 0.8445663 0.5164391 
F          0.6991971 0.7961413 0.5075398 0.8488889 0.8789676 0.0000000 0.5571511 0.5965106 0.8659690 0.4099387 
G          0.4714725 0.5912646 0.2912626 0.5853936 0.7251585 0.5571511 0.0000000 0.3909338 0.6051172 0.2602453 
H          0.4850938 0.5989392 0.3316787 0.6273886 0.6588566 0.5965106 0.3909338 0.0000000 0.5932566 0.2623003 
I          0.6360190 0.8421473 0.5207969 0.9889303 0.8445663 0.8659690 0.6051172 0.5932566 0.0000000 0.4878300 
J          0.3511627 0.5022194 0.2088903 0.5320303 0.5164391 0.4099387 0.2602453 0.2623003 0.4878300 0.0000000 
