10
A          0.0000000 0.8360441 0.4428883 0.8714494 0.7803908 0.8152156 0.5877788 0.5752376 0.7409976 0.3349805 
B          0.8360441 0.0000000 0.6006267 1.0067482 0.9448536 1.1520639 0.7020186 0.8142461 0.9210979 0.5942559 
C          0.4428883 0.6006267 0.0000000 0.6146895 0.5534270 0.7258079 0.3944024 0.4383406 0.5934462 0.1928012 
D          0.8714494 1.0067482 0.6146895 0.0000000 1.0074965 1.0384026 0.7468496 0.8003192 0.9255612 0.5352921 
E          0.7803908 0.9448536 0.5534270 1.0074965 0.0000000 0.9855975 0.6522506 0.7083821 0.8844018 0.4970825 
F          0.8152156 1.1520639 0.7258079 1.0384026 0.9855975 0.0000000 0.8272822 0.8105015 1.0161707 0.6198911 
G          0.5877788 0.7020186 0.3944024 0.7468496 0.6522506 0.8272822 0.0000000 0.4711874 0.7039687 0.3090730 
H          0.5752376 0.8142461 0.4383406 0.8003192 0.7083821 0.8105015 0.4711874 0.0000000 0.7656483 0.3333865 
I          0.7409976 0.9210979 0.5934462 0.9255612 0.8844018 1.0161707 0.7039687 0.7656483 0.0000000 0.5165906 
J          0.3349805 0.5942559 0.1928012 0.5352921 0.4970825 0.6198911 0.3090730 0.3333865 0.5165906 0.0000000 
