10
A          0.0000000 0.6891441 0.4104787 0.8102901 0.7562806 0.5951243 0.4464261 0.5364403 0.6987656 0.3446173 
B          0.6891441 0.0000000 0.5203857 0.9509209 0.8759960 0.7818830 0.6432725 0.7029739 0.8506150 0.4938554 
C          0.4104787 0.5203857 0.0000000 0.5650974 0.5613695 0.5005706 0.2870892 0.3941158 0.5128547 0.1789290 
D          0.8102901 0.9509209 0.5650974 0.0000000 0.8451989 0.8086259 0.6324861 0.7088655 0.8827486 0.5435724 
E          0.7562806 0.8759960 0.5613695 0.8451989 0.0000000 0.7878366 0.6683777 0.7319329 0.9351553 0.5067030 
F          0.5951243 0.7818830 0.5005706 0.8086259 0.7878366 0.0000000 0.5432234 0.5204611 0.7350785 0.4132059 
G          0.4464261 0.6432725 0.2870892 0.6324861 0.6683777 0.5432234 0.0000000 0.4688332 0.6203009 0.2337489 
H          0.5364403 0.7029739 0.3941158 0.7088655 0.7319329 0.5204611 0.4688332 0.0000000 0.6379835 0.3180891 
I          0.6987656 0.8506150 0.5128547 0.8827486 0.9351553 0.7350785 0.6203009 0.6379835 0.0000000 0.4775492 
J          0.3446173 0.4938554 0.1789290 0.5435724 0.5067030 0.4132059 0.2337489 0.3180891 0.4775492 0.0000000 
