10
A          0.0000000 0.5669202 0.2420379 0.2645546 0.3817570 0.3783420 0.6138159 0.4722194 0.5191325 0.2496646 
B          0.5669202 0.0000000 0.5950512 0.5795976 0.7271596 0.6432144 0.9188236 0.8671885 0.8049694 0.5246929 
C          0.2420379 0.5950512 0.0000000 0.3106326 0.3989064 0.3942352 0.6266838 0.5451470 0.5229987 0.2526007 
D          0.2645546 0.5795976 0.3106326 0.0000000 0.4153913 0.4135260 0.6057083 0.5117561 0.5797242 0.2866572 
E          0.3817570 0.7271596 0.3989064 0.4153913 0.0000000 0.5297458 0.6940535 0.7054694 0.6501751 0.4302726 
F          0.3783420 0.6432144 0.3942352 0.4135260 0.5297458 0.0000000 0.7013399 0.6554323 0.7411386 0.3758616 
G          0.6138159 0.9188236 0.6266838 0.6057083 0.6940535 0.7013399 0.0000000 0.9244014 0.9787577 0.6080881 
H          0.4722194 0.8671885 0.5451470 0.5117561 0.7054694 0.6554323 0.9244014 0.0000000 0.8364958 0.5212643 
I          0.5191325 0.8049694 0.5229987 0.5797242 0.6501751 0.7411386 0.9787577 0.8364958 0.0000000 0.5175305 
J          0.2496646 0.5246929 0.2526007 0.2866572 0.4302726 0.3758616 0.6080881 0.5212643 0.5175305 0.0000000 
