10
A          0.0000000 0.5531964 0.2207788 0.2800911 0.2935010 0.3677880 0.5557064 0.4587393 0.5384798 0.2472770 
B          0.5531964 0.0000000 0.6210936 0.6594417 0.7759495 0.7937490 0.9906102 0.8690689 0.8562953 0.5804040 
C          0.2207788 0.6210936 0.0000000 0.3314096 0.3648424 0.4074221 0.5975140 0.5216607 0.5414951 0.3012014 
D          0.2800911 0.6594417 0.3314096 0.0000000 0.3995240 0.4640628 0.5866967 0.5401953 0.6282474 0.3480309 
E          0.2935010 0.7759495 0.3648424 0.3995240 0.0000000 0.5073573 0.6351070 0.5922733 0.5881345 0.3793657 
F          0.3677880 0.7937490 0.4074221 0.4640628 0.5073573 0.0000000 0.7031031 0.6640172 0.6884054 0.4682365 
G          0.5557064 0.9906102 0.5975140 0.5866967 0.6351070 0.7031031 0.0000000 0.8607078 0.9065694 0.6181400 
H          0.4587393 0.8690689 0.5216607 0.5401953 0.5922733 0.6640172 0.8607078 0.0000000 0.7810516 0.4995767 
I          0.5384798 0.8562953 0.5414951 0.6282474 0.5881345 0.6884054 0.9065694 0.7810516 0.0000000 0.5825372 
J          0.2472770 0.5804040 0.3012014 0.3480309 0.3793657 0.4682365 0.6181400 0.4995767 0.5825372 0.0000000 
