10
A          0.0000000 0.6785850 0.2912597 0.2607182 0.3207599 0.3291216 0.5736183 0.4711919 0.5023765 0.2921885 
B          0.6785850 0.0000000 0.6646743 0.6502621 0.7912254 0.7923478 0.8872425 0.8725854 0.8066998 0.5880227 
C          0.2912597 0.6646743 0.0000000 0.3402361 0.3901578 0.3949515 0.5813961 0.6030197 0.5300088 0.2512062 
D          0.2607182 0.6502621 0.3402361 0.0000000 0.3954514 0.3686841 0.6035113 0.5218619 0.5121403 0.3250350 
E          0.3207599 0.7912254 0.3901578 0.3954514 0.0000000 0.4960146 0.6497980 0.5990069 0.5825198 0.3906105 
F          0.3291216 0.7923478 0.3949515 0.3686841 0.4960146 0.0000000 0.7031901 0.6918290 0.6040421 0.3833637 
G          0.5736183 0.8872425 0.5813961 0.6035113 0.6497980 0.7031901 0.0000000 0.8960376 0.7858280 0.5670180 
H          0.4711919 0.8725854 0.6030197 0.5218619 0.5990069 0.6918290 0.8960376 0.0000000 0.7416551 0.6070218 
I          0.5023765 0.8066998 0.5300088 0.5121403 0.5825198 0.6040421 0.7858280 0.7416551 0.0000000 0.5440954 
J          0.2921885 0.5880227 0.2512062 0.3250350 0.3906105 0.3833637 0.5670180 0.6070218 0.5440954 0.0000000 
