10
A          0.0000000 0.5197549 0.2559105 0.2767889 0.3857451 0.3431807 0.6273599 0.4264508 0.4959940 0.2202965 
B          0.5197549 0.0000000 0.6226370 0.5770409 0.6378603 0.7296558 1.0435031 0.7834857 0.8679466 0.5518979 
C          0.2559105 0.6226370 0.0000000 0.3305493 0.4516258 0.3797933 0.7033092 0.4742702 0.5721576 0.2880972 
D          0.2767889 0.5770409 0.3305493 0.0000000 0.4411855 0.4090758 0.7357722 0.5101164 0.5885923 0.3167507 
E          0.3857451 0.6378603 0.4516258 0.4411855 0.0000000 0.5493456 0.8389250 0.6049038 0.7729566 0.4587052 
F          0.3431807 0.7296558 0.3797933 0.4090758 0.5493456 0.0000000 0.7297504 0.5745568 0.6333450 0.3846716 
G          0.6273599 1.0435031 0.7033092 0.7357722 0.8389250 0.7297504 0.0000000 0.8040745 0.9785688 0.7052492 
H          0.4264508 0.7834857 0.4742702 0.5101164 0.6049038 0.5745568 0.8040745 0.0000000 0.7091498 0.4730076 
I          0.4959940 0.8679466 0.5721576 0.5885923 0.7729566 0.6333450 0.9785688 0.7091498 0.0000000 0.4924723 
J          0.2202965 0.5518979 0.2880972 0.3167507 0.4587052 0.3846716 0.7052492 0.4730076 0.4924723 0.0000000 
