10
A          0.0000000 0.5362340 0.2551072 0.3116532 0.3803135 0.3846213 0.6197021 0.5353200 0.5517442 0.2353479 
B          0.5362340 0.0000000 0.5476817 0.6427916 0.6921840 0.6813769 0.9518226 0.8528903 0.7598327 0.5200090 
C          0.2551072 0.5476817 0.0000000 0.3084031 0.3454835 0.3767917 0.6429182 0.5021004 0.4775151 0.2421779 
D          0.3116532 0.6427916 0.3084031 0.0000000 0.4217452 0.4267525 0.7079582 0.5867742 0.6010141 0.2814176 
E          0.3803135 0.6921840 0.3454835 0.4217452 0.0000000 0.4964660 0.7893662 0.7000127 0.5839096 0.3211114 
F          0.3846213 0.6813769 0.3767917 0.4267525 0.4964660 0.0000000 0.8012313 0.7053097 0.6874154 0.3925146 
G          0.6197021 0.9518226 0.6429182 0.7079582 0.7893662 0.8012313 0.0000000 0.9793993 0.8692724 0.6600399 
H          0.5353200 0.8528903 0.5021004 0.5867742 0.7000127 0.7053097 0.9793993 0.0000000 0.8290533 0.5844035 
I          0.5517442 0.7598327 0.4775151 0.6010141 0.5839096 0.6874154 0.8692724 0.8290533 0.0000000 0.4815529 
J          0.2353479 0.5200090 0.2421779 0.2814176 0.3211114 0.3925146 0.6600399 0.5844035 0.4815529 0.0000000 
