10
A          0.0000000 0.8632651 0.4110564 0.4060727 0.3544496 0.5293564 0.8572130 0.5718129 0.6478852 0.4913473 
B          0.8632651 0.0000000 0.7100742 0.7951342 0.8157257 0.7909053 1.0900683 1.0234480 0.9840977 0.7545687 
C          0.4110564 0.7100742 0.0000000 0.3897238 0.4853580 0.4971047 0.6974543 0.6231168 0.7154820 0.2532348 
D          0.4060727 0.7951342 0.3897238 0.0000000 0.4718112 0.5001950 0.7429590 0.5941268 0.5460180 0.3941971 
E          0.3544496 0.8157257 0.4853580 0.4718112 0.0000000 0.6435141 0.8639460 0.6202551 0.7112973 0.5497196 
F          0.5293564 0.7909053 0.4971047 0.5001950 0.6435141 0.0000000 0.8198180 0.7782390 0.7120188 0.4942349 
G          0.8572130 1.0900683 0.6974543 0.7429590 0.8639460 0.8198180 0.0000000 0.9242032 0.9537550 0.6158191 
H          0.5718129 1.0234480 0.6231168 0.5941268 0.6202551 0.7782390 0.9242032 0.0000000 0.7589566 0.6303708 
I          0.6478852 0.9840977 0.7154820 0.5460180 0.7112973 0.7120188 0.9537550 0.7589566 0.0000000 0.6686208 
J          0.4913473 0.7545687 0.2532348 0.3941971 0.5497196 0.4942349 0.6158191 0.6303708 0.6686208 0.0000000 
