10
A          0.0000000 0.5723672 0.2662223 0.2632155 0.3656074 0.3692656 0.5202945 0.4384261 0.4898548 0.2374213 
B          0.5723672 0.0000000 0.5443479 0.5025038 0.6484898 0.6876929 0.7825928 0.8097162 0.8467474 0.5130503 
C          0.2662223 0.5443479 0.0000000 0.3155018 0.3745306 0.3610722 0.5645586 0.5064764 0.5107533 0.2714873 
D          0.2632155 0.5025038 0.3155018 0.0000000 0.4149837 0.4255766 0.5437910 0.5125808 0.6017061 0.3140779 
E          0.3656074 0.6484898 0.3745306 0.4149837 0.0000000 0.5769047 0.6597350 0.6079106 0.6380103 0.3963944 
F          0.3692656 0.6876929 0.3610722 0.4255766 0.5769047 0.0000000 0.6383859 0.7131744 0.6566473 0.4095946 
G          0.5202945 0.7825928 0.5645586 0.5437910 0.6597350 0.6383859 0.0000000 0.7158409 0.8153341 0.5617261 
H          0.4384261 0.8097162 0.5064764 0.5125808 0.6079106 0.7131744 0.7158409 0.0000000 0.7795797 0.4403933 
I          0.4898548 0.8467474 0.5107533 0.6017061 0.6380103 0.6566473 0.8153341 0.7795797 0.0000000 0.5065458 
J          0.2374213 0.5130503 0.2714873 0.3140779 0.3963944 0.4095946 0.5617261 0.4403933 0.5065458 0.0000000 
