10
A          0.0000000 0.5507024 0.2909132 0.2585049 0.3250805 0.3826996 0.5916677 0.5826911 0.4819459 0.2248800 
B          0.5507024 0.0000000 0.5957682 0.5926324 0.6315099 0.7751454 0.9814966 0.8618357 0.8317089 0.5808582 
C          0.2909132 0.5957682 0.0000000 0.2642209 0.3364388 0.3997613 0.7015074 0.5956186 0.5067852 0.2404454 
D          0.2585049 0.5926324 0.2642209 0.0000000 0.3603038 0.3951716 0.6748040 0.5918907 0.4982587 0.2716068 
E          0.3250805 0.6315099 0.3364388 0.3603038 0.0000000 0.4618615 0.7185036 0.6283471 0.5808489 0.3185472 
F          0.3826996 0.7751454 0.3997613 0.3951716 0.4618615 0.0000000 0.7181471 0.6715876 0.6713785 0.3447802 
G          0.5916677 0.9814966 0.7015074 0.6748040 0.7185036 0.7181471 0.0000000 0.8603051 0.8122810 0.6258375 
H          0.5826911 0.8618357 0.5956186 0.5918907 0.6283471 0.6715876 0.8603051 0.0000000 0.7686754 0.5875071 
I          0.4819459 0.8317089 0.5067852 0.4982587 0.5808489 0.6713785 0.8122810 0.7686754 0.0000000 0.4477229 
J          0.2248800 0.5808582 0.2404454 0.2716068 0.3185472 0.3447802 0.6258375 0.5875071 0.4477229 0.0000000 
