10
A          0.0000000 0.6134626 0.3017520 0.3692702 0.4424932 0.4747173 0.6687874 0.5182654 0.6127534 0.3283681 
B          0.6134626 0.0000000 0.6831724 0.6724196 0.7805556 0.7840698 0.9584168 0.8422430 0.8570782 0.6269228 
C          0.3017520 0.6831724 0.0000000 0.3474332 0.4369963 0.4805191 0.7043740 0.5725657 0.6321357 0.3057555 
D          0.3692702 0.6724196 0.3474332 0.0000000 0.4860082 0.5164392 0.7146326 0.6541258 0.6916780 0.3816324 
E          0.4424932 0.7805556 0.4369963 0.4860082 0.0000000 0.6754391 0.8621867 0.7502948 0.7327412 0.4126035 
F          0.4747173 0.7840698 0.4805191 0.5164392 0.6754391 0.0000000 0.8444487 0.8189255 0.8710124 0.4698656 
G          0.6687874 0.9584168 0.7043740 0.7146326 0.8621867 0.8444487 0.0000000 0.9696407 0.9691294 0.7500262 
H          0.5182654 0.8422430 0.5725657 0.6541258 0.7502948 0.8189255 0.9696407 0.0000000 0.7845609 0.5927636 
I          0.6127534 0.8570782 0.6321357 0.6916780 0.7327412 0.8710124 0.9691294 0.7845609 0.0000000 0.6189051 
J          0.3283681 0.6269228 0.3057555 0.3816324 0.4126035 0.4698656 0.7500262 0.5927636 0.6189051 0.0000000 
