10
A          0.0000000 0.6101311 0.2446973 0.2882038 0.3660716 0.3914761 0.6188577 0.5420261 0.5513120 0.2393925 
B          0.6101311 0.0000000 0.6213763 0.7528789 0.7746883 0.7849747 0.9958409 1.0695258 0.9555722 0.6551427 
C          0.2446973 0.6213763 0.0000000 0.3184455 0.3828835 0.4067704 0.6200425 0.5910581 0.5116723 0.2631350 
D          0.2882038 0.7528789 0.3184455 0.0000000 0.4483284 0.4532304 0.7486621 0.6618199 0.5426255 0.3234054 
E          0.3660716 0.7746883 0.3828835 0.4483284 0.0000000 0.5418750 0.8508813 0.6944357 0.6329114 0.3912660 
F          0.3914761 0.7849747 0.4067704 0.4532304 0.5418750 0.0000000 0.7608240 0.7718436 0.7300859 0.4335869 
G          0.6188577 0.9958409 0.6200425 0.7486621 0.8508813 0.7608240 0.0000000 0.8491602 0.8951875 0.6562406 
H          0.5420261 1.0695258 0.5910581 0.6618199 0.6944357 0.7718436 0.8491602 0.0000000 0.8861403 0.5807307 
I          0.5513120 0.9555722 0.5116723 0.5426255 0.6329114 0.7300859 0.8951875 0.8861403 0.0000000 0.5509600 
J          0.2393925 0.6551427 0.2631350 0.3234054 0.3912660 0.4335869 0.6562406 0.5807307 0.5509600 0.0000000 
