10
A          0.0000000 0.3877307 0.7205740 0.7502403 0.6698425 0.3894986 0.8155366 0.7890350 0.7372450 0.7520432 
B          0.3877307 0.0000000 0.4394476 0.5003838 0.3753306 0.1268351 0.4912750 0.6059003 0.4118256 0.4288736 
C          0.7205740 0.4394476 0.0000000 0.8469212 0.6710945 0.4600838 0.7605003 0.8686644 0.6713896 0.7780744 
D          0.7502403 0.5003838 0.8469212 0.0000000 0.6771614 0.4303802 0.8018020 0.9151037 0.7362917 0.7929515 
E          0.6698425 0.3753306 0.6710945 0.6771614 0.0000000 0.3466760 0.7477182 0.8315141 0.6436240 0.6618059 
F          0.3894986 0.1268351 0.4600838 0.4303802 0.3466760 0.0000000 0.4854651 0.5664322 0.3810196 0.4018964 
G          0.8155366 0.4912750 0.7605003 0.8018020 0.7477182 0.4854651 0.0000000 0.9758627 0.7634251 0.7342264 
H          0.7890350 0.6059003 0.8686644 0.9151037 0.8315141 0.5664322 0.9758627 0.0000000 0.7596525 0.8729948 
I          0.7372450 0.4118256 0.6713896 0.7362917 0.6436240 0.3810196 0.7634251 0.7596525 0.0000000 0.6864545 
J          0.7520432 0.4288736 0.7780744 0.7929515 0.6618059 0.4018964 0.7342264 0.8729948 0.6864545 0.0000000 
