10
A          0.0000000 0.4326020 0.7770438 0.7239523 0.5678036 0.4538794 0.7067483 0.8389319 0.7167781 0.7363601 
B          0.4326020 0.0000000 0.4448357 0.3816592 0.2840856 0.1261766 0.3904124 0.5639564 0.4124213 0.4009785 
C          0.7770438 0.4448357 0.0000000 0.6346398 0.5507297 0.4474811 0.6242948 0.9317802 0.6819179 0.6986769 
D          0.7239523 0.3816592 0.6346398 0.0000000 0.5392237 0.3658225 0.6935100 0.8469662 0.6550135 0.6182906 
E          0.5678036 0.2840856 0.5507297 0.5392237 0.0000000 0.3329189 0.5542825 0.7300489 0.5431101 0.5987303 
F          0.4538794 0.1261766 0.4474811 0.3658225 0.3329189 0.0000000 0.4370551 0.6413456 0.4000540 0.4071763 
G          0.7067483 0.3904124 0.6242948 0.6935100 0.5542825 0.4370551 0.0000000 0.8222724 0.6853802 0.7289021 
H          0.8389319 0.5639564 0.9317802 0.8469662 0.7300489 0.6413456 0.8222724 0.0000000 0.8169637 0.8690890 
I          0.7167781 0.4124213 0.6819179 0.6550135 0.5431101 0.4000540 0.6853802 0.8169637 0.0000000 0.6831574 
J          0.7363601 0.4009785 0.6986769 0.6182906 0.5987303 0.4071763 0.7289021 0.8690890 0.6831574 0.0000000 
