10
A          0.0000000 0.4073969 0.7977184 0.7939641 0.6575814 0.4295448 0.8147658 0.7490871 0.6957884 0.6757599 
B          0.4073969 0.0000000 0.5346246 0.4691579 0.3118931 0.1139195 0.5945981 0.4845177 0.4411724 0.4145303 
C          0.7977184 0.5346246 0.0000000 0.8920377 0.6850941 0.5219825 1.0318971 0.9277806 0.9394503 0.8819343 
D          0.7939641 0.4691579 0.8920377 0.0000000 0.7548041 0.4680514 0.9213189 0.8879478 0.7216745 0.7704447 
E          0.6575814 0.3118931 0.6850941 0.7548041 0.0000000 0.3025631 0.7958244 0.6988305 0.6813324 0.6911707 
F          0.4295448 0.1139195 0.5219825 0.4680514 0.3025631 0.0000000 0.5583645 0.5433364 0.4761756 0.3992566 
G          0.8147658 0.5945981 1.0318971 0.9213189 0.7958244 0.5583645 0.0000000 0.9245762 0.8577936 0.8503239 
H          0.7490871 0.4845177 0.9277806 0.8879478 0.6988305 0.5433364 0.9245762 0.0000000 0.8409911 0.8041323 
I          0.6957884 0.4411724 0.9394503 0.7216745 0.6813324 0.4761756 0.8577936 0.8409911 0.0000000 0.7485507 
J          0.6757599 0.4145303 0.8819343 0.7704447 0.6911707 0.3992566 0.8503239 0.8041323 0.7485507 0.0000000 
