10
A          0.0000000 0.4181977 0.7628947 0.8002889 0.6653848 0.4484470 0.9683416 0.9210308 0.7248132 0.6117435 
B          0.4181977 0.0000000 0.4873429 0.4818648 0.3556134 0.1585027 0.6335826 0.6214527 0.3834261 0.3851823 
C          0.7628947 0.4873429 0.0000000 0.8913922 0.8148235 0.5809299 1.0333606 1.0559543 0.8040285 0.8136359 
D          0.8002889 0.4818648 0.8913922 0.0000000 0.7266456 0.4855361 0.8997468 0.9292695 0.7753328 0.7148742 
E          0.6653848 0.3556134 0.8148235 0.7266456 0.0000000 0.3478249 0.8601741 0.8774403 0.6908294 0.6269598 
F          0.4484470 0.1585027 0.5809299 0.4855361 0.3478249 0.0000000 0.6228901 0.6054270 0.4311372 0.4029568 
G          0.9683416 0.6335826 1.0333606 0.8997468 0.8601741 0.6228901 0.0000000 1.0823788 0.9387973 0.8439152 
H          0.9210308 0.6214527 1.0559543 0.9292695 0.8774403 0.6054270 1.0823788 0.0000000 0.8989773 0.8826226 
I          0.7248132 0.3834261 0.8040285 0.7753328 0.6908294 0.4311372 0.9387973 0.8989773 0.0000000 0.6059269 
J          0.6117435 0.3851823 0.8136359 0.7148742 0.6269598 0.4029568 0.8439152 0.8826226 0.6059269 0.0000000 
