10
A          0.0000000 0.4133534 0.7939628 0.7416519 0.6758247 0.4569807 0.8280824 0.9244859 0.6813937 0.6078192 
B          0.4133534 0.0000000 0.5009481 0.4060837 0.3988176 0.1534866 0.5220460 0.5609857 0.4399384 0.4224218 
C          0.7939628 0.5009481 0.0000000 0.8615510 0.7373465 0.5565040 0.8317719 1.0313690 0.7981713 0.8407821 
D          0.7416519 0.4060837 0.8615510 0.0000000 0.5966219 0.4092236 0.7400388 0.8511754 0.5775717 0.6916690 
E          0.6758247 0.3988176 0.7373465 0.5966219 0.0000000 0.3602611 0.7876914 0.8139524 0.6419380 0.7224862 
F          0.4569807 0.1534866 0.5565040 0.4092236 0.3602611 0.0000000 0.4987967 0.6013719 0.4192656 0.4557525 
G          0.8280824 0.5220460 0.8317719 0.7400388 0.7876914 0.4987967 0.0000000 0.8865587 0.7696671 0.8021103 
H          0.9244859 0.5609857 1.0313690 0.8511754 0.8139524 0.6013719 0.8865587 0.0000000 0.7693591 0.8286614 
I          0.6813937 0.4399384 0.7981713 0.5775717 0.6419380 0.4192656 0.7696671 0.7693591 0.0000000 0.6868822 
J          0.6078192 0.4224218 0.8407821 0.6916690 0.7224862 0.4557525 0.8021103 0.8286614 0.6868822 0.0000000 
