10
A          0.0000000 0.4356163 0.6992044 0.7513926 0.5879749 0.3933557 0.7549105 0.8484587 0.7697846 0.6611084 
B          0.4356163 0.0000000 0.4287291 0.4968209 0.3550195 0.1326641 0.5167738 0.5538300 0.4401646 0.3872255 
C          0.6992044 0.4287291 0.0000000 0.8301009 0.7522810 0.4378075 0.8778667 0.8854145 0.7748942 0.7039439 
D          0.7513926 0.4968209 0.8301009 0.0000000 0.7153090 0.4849266 0.7675672 0.8152970 0.7422469 0.7388382 
E          0.5879749 0.3550195 0.7522810 0.7153090 0.0000000 0.3586128 0.7416837 0.8147686 0.6936163 0.6389897 
F          0.3933557 0.1326641 0.4378075 0.4849266 0.3586128 0.0000000 0.4839681 0.4886761 0.4424771 0.3768739 
G          0.7549105 0.5167738 0.8778667 0.7675672 0.7416837 0.4839681 0.0000000 0.9842652 0.8068936 0.7463702 
H          0.8484587 0.5538300 0.8854145 0.8152970 0.8147686 0.4886761 0.9842652 0.0000000 0.7930824 0.7101943 
I          0.7697846 0.4401646 0.7748942 0.7422469 0.6936163 0.4424771 0.8068936 0.7930824 0.0000000 0.6479944 
J          0.6611084 0.3872255 0.7039439 0.7388382 0.6389897 0.3768739 0.7463702 0.7101943 0.6479944 0.0000000 
