10
A          0.0000000 0.4266463 0.7568520 0.7577796 0.6414814 0.3824728 0.7860071 0.8479487 0.6558511 0.6795523 
B          0.4266463 0.0000000 0.5721592 0.5331515 0.3795765 0.1604479 0.5191836 0.7159042 0.4393770 0.4403364 
C          0.7568520 0.5721592 0.0000000 0.9694169 0.7561628 0.5361272 1.0722061 1.0570627 0.7707516 0.8510107 
D          0.7577796 0.5331515 0.9694169 0.0000000 0.7221543 0.4589704 0.8593619 0.9217989 0.6754736 0.7334436 
E          0.6414814 0.3795765 0.7561628 0.7221543 0.0000000 0.3219552 0.6340447 0.8225244 0.5691256 0.5985711 
F          0.3824728 0.1604479 0.5361272 0.4589704 0.3219552 0.0000000 0.4588008 0.5588654 0.3653961 0.4286888 
G          0.7860071 0.5191836 1.0722061 0.8593619 0.6340447 0.4588008 0.0000000 0.9048442 0.6452929 0.7351532 
H          0.8479487 0.7159042 1.0570627 0.9217989 0.8225244 0.5588654 0.9048442 0.0000000 0.7189573 0.9863825 
I          0.6558511 0.4393770 0.7707516 0.6754736 0.5691256 0.3653961 0.6452929 0.7189573 0.0000000 0.6680174 
J          0.6795523 0.4403364 0.8510107 0.7334436 0.5985711 0.4286888 0.7351532 0.9863825 0.6680174 0.0000000 
