10
A          0.0000000 0.2661560 0.2979815 0.6532194 0.2300866 0.6474848 0.7002057 0.5869622 0.3679588 0.3298628 
B          0.2661560 0.0000000 0.2922462 0.6242248 0.1966151 0.6195618 0.6589142 0.5417630 0.3466333 0.3119690 
C          0.2979815 0.2922462 0.0000000 0.7425456 0.2177847 0.6705936 0.6727424 0.5612750 0.3104476 0.2981891 
D          0.6532194 0.6242248 0.7425456 0.0000000 0.5898686 1.1801438 1.1038440 1.0360818 0.7881330 0.7988975 
E          0.2300866 0.1966151 0.2177847 0.5898686 0.0000000 0.6019503 0.6038608 0.5062190 0.2749643 0.2602658 
F          0.6474848 0.6195618 0.6705936 1.1801438 0.6019503 0.0000000 0.9886555 0.9416795 0.7824698 0.7375855 
G          0.7002057 0.6589142 0.6727424 1.1038440 0.6038608 0.9886555 0.0000000 1.0092445 0.7503682 0.7504263 
H          0.5869622 0.5417630 0.5612750 1.0360818 0.5062190 0.9416795 1.0092445 0.0000000 0.6721473 0.5447962 
I          0.3679588 0.3466333 0.3104476 0.7881330 0.2749643 0.7824698 0.7503682 0.6721473 0.0000000 0.3835239 
J          0.3298628 0.3119690 0.2981891 0.7988975 0.2602658 0.7375855 0.7504263 0.5447962 0.3835239 0.0000000 
