10
A          0.0000000 0.2113982 0.2513965 0.6176542 0.1934707 0.5240551 0.5817419 0.4820769 0.3156745 0.2771243 
B          0.2113982 0.0000000 0.2469163 0.5088938 0.1437925 0.5184914 0.5137386 0.4689447 0.3034788 0.2576568 
C          0.2513965 0.2469163 0.0000000 0.6458341 0.2030296 0.5330707 0.6108376 0.4348342 0.3249419 0.2724971 
D          0.6176542 0.5088938 0.6458341 0.0000000 0.5619844 0.8153890 0.8789477 0.8129805 0.6537555 0.6603242 
E          0.1934707 0.1437925 0.2030296 0.5619844 0.0000000 0.5088103 0.4998012 0.4306517 0.3040294 0.2424250 
F          0.5240551 0.5184914 0.5330707 0.8153890 0.5088103 0.0000000 0.8668898 0.7710968 0.5431634 0.6000923 
G          0.5817419 0.5137386 0.6108376 0.8789477 0.4998012 0.8668898 0.0000000 0.8407935 0.7088453 0.6097970 
H          0.4820769 0.4689447 0.4348342 0.8129805 0.4306517 0.7710968 0.8407935 0.0000000 0.5580790 0.4967796 
I          0.3156745 0.3034788 0.3249419 0.6537555 0.3040294 0.5431634 0.7088453 0.5580790 0.0000000 0.3735077 
J          0.2771243 0.2576568 0.2724971 0.6603242 0.2424250 0.6000923 0.6097970 0.4967796 0.3735077 0.0000000 
