10
A          0.0000000 0.1878266 0.2480894 0.5831854 0.1852269 0.4600320 0.6279492 0.5284880 0.4339379 0.2611640 
B          0.1878266 0.0000000 0.1746485 0.4442394 0.1377837 0.4347291 0.6219546 0.4620815 0.3318027 0.2260447 
C          0.2480894 0.1746485 0.0000000 0.5263215 0.1882533 0.4864174 0.6340165 0.4896324 0.3955717 0.2799853 
D          0.5831854 0.4442394 0.5263215 0.0000000 0.4789027 0.8074646 0.9964048 0.7999649 0.6046760 0.5288416 
E          0.1852269 0.1377837 0.1882533 0.4789027 0.0000000 0.4437648 0.6191618 0.4933961 0.3348849 0.2220993 
F          0.4600320 0.4347291 0.4864174 0.8074646 0.4437648 0.0000000 0.8244436 0.6724297 0.5949641 0.5023860 
G          0.6279492 0.6219546 0.6340165 0.9964048 0.6191618 0.8244436 0.0000000 0.8969478 0.8471179 0.7018744 
H          0.5284880 0.4620815 0.4896324 0.7999649 0.4933961 0.6724297 0.8969478 0.0000000 0.6122254 0.5484309 
I          0.4339379 0.3318027 0.3955717 0.6046760 0.3348849 0.5949641 0.8471179 0.6122254 0.0000000 0.4755929 
J          0.2611640 0.2260447 0.2799853 0.5288416 0.2220993 0.5023860 0.7018744 0.5484309 0.4755929 0.0000000 
