10
A          0.0000000 0.2456382 0.2929510 0.8717813 0.2545401 0.5482491 0.7044784 0.6532058 0.4193268 0.2807020 
B          0.2456382 0.0000000 0.2641267 0.7017949 0.1860089 0.5261736 0.7053309 0.5682395 0.3932427 0.2642330 
C          0.2929510 0.2641267 0.0000000 0.7067750 0.2371346 0.6300149 0.6785318 0.5446627 0.4124295 0.3024713 
D          0.8717813 0.7017949 0.7067750 0.0000000 0.7465570 1.1440610 1.2277378 1.1527676 1.0273511 0.8198702 
E          0.2545401 0.1860089 0.2371346 0.7465570 0.0000000 0.5364032 0.6830544 0.5514773 0.3783828 0.2373809 
F          0.5482491 0.5261736 0.6300149 1.1440610 0.5364032 0.0000000 0.8849247 0.8952575 0.7352713 0.6148107 
G          0.7044784 0.7053309 0.6785318 1.2277378 0.6830544 0.8849247 0.0000000 1.0277783 0.8520955 0.7518459 
H          0.6532058 0.5682395 0.5446627 1.1527676 0.5514773 0.8952575 1.0277783 0.0000000 0.7023948 0.5832523 
I          0.4193268 0.3932427 0.4124295 1.0273511 0.3783828 0.7352713 0.8520955 0.7023948 0.0000000 0.4191468 
J          0.2807020 0.2642330 0.3024713 0.8198702 0.2373809 0.6148107 0.7518459 0.5832523 0.4191468 0.0000000 
