10
A          0.0000000 0.1804537 0.2897473 0.5927519 0.1937237 0.4984835 0.5420398 0.5638374 0.3033573 0.2954060 
B          0.1804537 0.0000000 0.2243993 0.5275024 0.1447803 0.4005519 0.5087346 0.4977007 0.2509075 0.2352861 
C          0.2897473 0.2243993 0.0000000 0.6357957 0.2279788 0.5004492 0.5951073 0.5426001 0.3450811 0.3257129 
D          0.5927519 0.5275024 0.6357957 0.0000000 0.5713729 0.8570974 0.9065411 0.9605167 0.6938984 0.6317661 
E          0.1937237 0.1447803 0.2279788 0.5713729 0.0000000 0.4438391 0.4816829 0.5577971 0.2588434 0.2448946 
F          0.4984835 0.4005519 0.5004492 0.8570974 0.4438391 0.0000000 0.7575433 0.7857481 0.5203759 0.5043279 
G          0.5420398 0.5087346 0.5951073 0.9065411 0.4816829 0.7575433 0.0000000 0.7917965 0.5664121 0.6454915 
H          0.5638374 0.4977007 0.5426001 0.9605167 0.5577971 0.7857481 0.7917965 0.0000000 0.5832422 0.5382237 
I          0.3033573 0.2509075 0.3450811 0.6938984 0.2588434 0.5203759 0.5664121 0.5832422 0.0000000 0.3226462 
J          0.2954060 0.2352861 0.3257129 0.6317661 0.2448946 0.5043279 0.6454915 0.5382237 0.3226462 0.0000000 
