10
A          0.0000000 0.1758646 0.2295523 0.5525735 0.1881655 0.4644947 0.5444861 0.5118912 0.2955994 0.2478637 
B          0.1758646 0.0000000 0.2286052 0.5471354 0.1621825 0.4357465 0.5392527 0.5082844 0.2720846 0.2226448 
C          0.2295523 0.2286052 0.0000000 0.6089012 0.2389007 0.5043470 0.6162762 0.5395685 0.3495306 0.2944504 
D          0.5525735 0.5471354 0.6089012 0.0000000 0.5748672 0.9175429 0.9233487 0.9535554 0.6433205 0.6675990 
E          0.1881655 0.1621825 0.2389007 0.5748672 0.0000000 0.4890755 0.5645414 0.5265240 0.2795991 0.2564463 
F          0.4644947 0.4357465 0.5043470 0.9175429 0.4890755 0.0000000 0.8787371 0.7436808 0.5544727 0.4955558 
G          0.5444861 0.5392527 0.6162762 0.9233487 0.5645414 0.8787371 0.0000000 0.8103740 0.7051027 0.6357277 
H          0.5118912 0.5082844 0.5395685 0.9535554 0.5265240 0.7436808 0.8103740 0.0000000 0.6239374 0.5758762 
I          0.2955994 0.2720846 0.3495306 0.6433205 0.2795991 0.5544727 0.7051027 0.6239374 0.0000000 0.3745476 
J          0.2478637 0.2226448 0.2944504 0.6675990 0.2564463 0.4955558 0.6357277 0.5758762 0.3745476 0.0000000 
