10
A          0.0000000 0.1016590 0.1341001 0.2742826 0.1020492 0.2498219 0.2811519 0.2361162 0.1837731 0.1527050 
B          0.1016590 0.0000000 0.1251903 0.2428564 0.1018030 0.2179387 0.2575161 0.2431857 0.1682153 0.1338945 
C          0.1341001 0.1251903 0.0000000 0.2853539 0.1461668 0.2541300 0.3026108 0.2587696 0.1985362 0.1644514 
D          0.2742826 0.2428564 0.2853539 0.0000000 0.2744112 0.3627090 0.3918309 0.3875317 0.3160283 0.3002730 
E          0.1020492 0.1018030 0.1461668 0.2744112 0.0000000 0.2394906 0.2865892 0.2665633 0.1795893 0.1590725 
F          0.2498219 0.2179387 0.2541300 0.3627090 0.2394906 0.0000000 0.3599863 0.3772208 0.2893109 0.2648164 
G          0.2811519 0.2575161 0.3026108 0.3918309 0.2865892 0.3599863 0.0000000 0.4041726 0.3505896 0.3237615 
H          0.2361162 0.2431857 0.2587696 0.3875317 0.2665633 0.3772208 0.4041726 0.0000000 0.3012774 0.2723978 
I          0.1837731 0.1682153 0.1985362 0.3160283 0.1795893 0.2893109 0.3505896 0.3012774 0.0000000 0.2159933 
J          0.1527050 0.1338945 0.1644514 0.3002730 0.1590725 0.2648164 0.3237615 0.2723978 0.2159933 0.0000000 
