10
A          0.0000000 0.1733992 0.2296548 0.5681849 0.1503734 0.4679680 0.5437763 0.4882691 0.2930963 0.2231903 
B          0.1733992 0.0000000 0.1978028 0.5488377 0.1544316 0.4958444 0.5142503 0.4980747 0.2678130 0.2098514 
C          0.2296548 0.1978028 0.0000000 0.6137615 0.2055460 0.4482961 0.5544645 0.4915183 0.3073337 0.2304195 
D          0.5681849 0.5488377 0.6137615 0.0000000 0.5586764 0.9582598 0.9071430 0.8883265 0.6250338 0.5758708 
E          0.1503734 0.1544316 0.2055460 0.5586764 0.0000000 0.4739674 0.4873441 0.4942218 0.2814131 0.2035447 
F          0.4679680 0.4958444 0.4482961 0.9582598 0.4739674 0.0000000 0.7596379 0.8619701 0.5739801 0.5146767 
G          0.5437763 0.5142503 0.5544645 0.9071430 0.4873441 0.7596379 0.0000000 0.8133970 0.5887206 0.5742018 
H          0.4882691 0.4980747 0.4915183 0.8883265 0.4942218 0.8619701 0.8133970 0.0000000 0.6011145 0.5579258 
I          0.2930963 0.2678130 0.3073337 0.6250338 0.2814131 0.5739801 0.5887206 0.6011145 0.0000000 0.3448772 
J          0.2231903 0.2098514 0.2304195 0.5758708 0.2035447 0.5146767 0.5742018 0.5579258 0.3448772 0.0000000 
