10
A          0.0000000 0.1960711 0.2819613 0.5681215 0.1984813 0.4743083 0.5918267 0.4941264 0.3280038 0.2462166 
B          0.1960711 0.0000000 0.2784367 0.5777088 0.1610505 0.4959137 0.5340140 0.4526970 0.3143507 0.2514101 
C          0.2819613 0.2784367 0.0000000 0.6519649 0.2927141 0.5562016 0.6824305 0.5310268 0.3873406 0.3256828 
D          0.5681215 0.5777088 0.6519649 0.0000000 0.5623886 0.7892125 0.9386764 0.9265864 0.6803336 0.6533431 
E          0.1984813 0.1610505 0.2927141 0.5623886 0.0000000 0.4926559 0.5469574 0.4687532 0.2890882 0.2343921 
F          0.4743083 0.4959137 0.5562016 0.7892125 0.4926559 0.0000000 0.8399449 0.8809364 0.6536195 0.5428446 
G          0.5918267 0.5340140 0.6824305 0.9386764 0.5469574 0.8399449 0.0000000 0.8094602 0.7002227 0.6158214 
H          0.4941264 0.4526970 0.5310268 0.9265864 0.4687532 0.8809364 0.8094602 0.0000000 0.6227933 0.5446420 
I          0.3280038 0.3143507 0.3873406 0.6803336 0.2890882 0.6536195 0.7002227 0.6227933 0.0000000 0.3881328 
J          0.2462166 0.2514101 0.3256828 0.6533431 0.2343921 0.5428446 0.6158214 0.5446420 0.3881328 0.0000000 
