10
A          0.0000000 0.3002818 0.3361939 0.7502118 0.2699378 0.4491004 0.6474234 0.6955630 0.3594858 0.3749481 
B          0.3002818 0.0000000 0.3846870 0.5968091 0.1747503 0.5587582 0.5562404 0.7578420 0.4092423 0.3852398 
C          0.3361939 0.3846870 0.0000000 0.8137612 0.3239357 0.6198263 0.6541704 0.7250431 0.3731874 0.2901087 
D          0.7502118 0.5968091 0.8137612 0.0000000 0.6800240 1.1613467 0.8854265 1.2348672 0.8698192 0.8870139 
E          0.2699378 0.1747503 0.3239357 0.6800240 0.0000000 0.5018173 0.5193534 0.6820622 0.3471871 0.3464507 
F          0.4491004 0.5587582 0.6198263 1.1613467 0.5018173 0.0000000 0.9860883 0.9611048 0.6436567 0.6140794 
G          0.6474234 0.5562404 0.6541704 0.8854265 0.5193534 0.9860883 0.0000000 1.1728708 0.7216627 0.7279863 
H          0.6955630 0.7578420 0.7250431 1.2348672 0.6820622 0.9611048 1.1728708 0.0000000 0.7447118 0.6834594 
I          0.3594858 0.4092423 0.3731874 0.8698192 0.3471871 0.6436567 0.7216627 0.7447118 0.0000000 0.3764393 
J          0.3749481 0.3852398 0.2901087 0.8870139 0.3464507 0.6140794 0.7279863 0.6834594 0.3764393 0.0000000 
