10
A          0.0000000 0.2104898 0.2892226 0.5764115 0.2033514 0.4470053 0.6051589 0.5405028 0.3054095 0.2171158 
B          0.2104898 0.0000000 0.2511559 0.5054745 0.1475164 0.3940980 0.5055195 0.4867470 0.2578732 0.2063169 
C          0.2892226 0.2511559 0.0000000 0.5990032 0.2152637 0.4869069 0.6592879 0.5578295 0.3261390 0.2689758 
D          0.5764115 0.5054745 0.5990032 0.0000000 0.5010980 0.7823533 0.8833029 0.8423820 0.6141894 0.5818547 
E          0.2033514 0.1475164 0.2152637 0.5010980 0.0000000 0.3744705 0.4816164 0.4296370 0.2383808 0.1790868 
F          0.4470053 0.3940980 0.4869069 0.7823533 0.3744705 0.0000000 0.7461732 0.7157979 0.4737557 0.4157019 
G          0.6051589 0.5055195 0.6592879 0.8833029 0.4816164 0.7461732 0.0000000 0.7627493 0.6001026 0.6272160 
H          0.5405028 0.4867470 0.5578295 0.8423820 0.4296370 0.7157979 0.7627493 0.0000000 0.5701469 0.5092701 
I          0.3054095 0.2578732 0.3261390 0.6141894 0.2383808 0.4737557 0.6001026 0.5701469 0.0000000 0.2843769 
J          0.2171158 0.2063169 0.2689758 0.5818547 0.1790868 0.4157019 0.6272160 0.5092701 0.2843769 0.0000000 
