10
A          0.0000000 0.1902746 0.2329571 0.5231316 0.1958215 0.4090105 0.5654868 0.4838912 0.2780107 0.2127997 
B          0.1902746 0.0000000 0.2012921 0.5535762 0.1909638 0.4223470 0.5431191 0.4909581 0.2552630 0.2195894 
C          0.2329571 0.2012921 0.0000000 0.5919287 0.2275063 0.4421696 0.5825026 0.4726065 0.3028478 0.2568827 
D          0.5231316 0.5535762 0.5919287 0.0000000 0.5276867 0.7910313 0.8242080 0.7691947 0.5901440 0.5916549 
E          0.1958215 0.1909638 0.2275063 0.5276867 0.0000000 0.4087703 0.5332052 0.4308613 0.2646484 0.1974432 
F          0.4090105 0.4223470 0.4421696 0.7910313 0.4087703 0.0000000 0.8951934 0.6966836 0.4995701 0.4253344 
G          0.5654868 0.5431191 0.5825026 0.8242080 0.5332052 0.8951934 0.0000000 0.8456119 0.6131155 0.6134677 
H          0.4838912 0.4909581 0.4726065 0.7691947 0.4308613 0.6966836 0.8456119 0.0000000 0.5308913 0.4710322 
I          0.2780107 0.2552630 0.3028478 0.5901440 0.2646484 0.4995701 0.6131155 0.5308913 0.0000000 0.2734886 
J          0.2127997 0.2195894 0.2568827 0.5916549 0.1974432 0.4253344 0.6134677 0.4710322 0.2734886 0.0000000 
