10
A          0.0000000 0.8241862 0.7458721 1.0020507 1.0135663 1.0235846 0.8732527 1.0979815 1.2125174 0.8754459 
B          0.8241862 0.0000000 0.5279554 0.8418858 0.9345011 0.7899602 0.6621911 0.9655669 0.8411223 0.6204951 
C          0.7458721 0.5279554 0.0000000 0.6488246 0.5937020 0.5569666 0.4704618 0.6687407 0.7254455 0.5165316 
D          1.0020507 0.8418858 0.6488246 0.0000000 0.9531786 0.9612899 0.9101248 0.9995259 1.2085403 0.8334078 
E          1.0135663 0.9345011 0.5937020 0.9531786 0.0000000 0.8968698 0.8017698 0.9486940 1.0934790 0.7986356 
F          1.0235846 0.7899602 0.5569666 0.9612899 0.8968698 0.0000000 0.7132161 0.9594907 0.8552596 0.7450735 
G          0.8732527 0.6621911 0.4704618 0.9101248 0.8017698 0.7132161 0.0000000 0.8616886 0.9012680 0.7689228 
H          1.0979815 0.9655669 0.6687407 0.9995259 0.9486940 0.9594907 0.8616886 0.0000000 1.0392595 0.7994122 
I          1.2125174 0.8411223 0.7254455 1.2085403 1.0934790 0.8552596 0.9012680 1.0392595 0.0000000 0.9077233 
J          0.8754459 0.6204951 0.5165316 0.8334078 0.7986356 0.7450735 0.7689228 0.7994122 0.9077233 0.0000000 
