10
A          0.0000000 0.8318599 0.6465348 1.0726260 0.8804995 0.9231299 0.9894531 1.0582852 1.0529278 0.7811951 
B          0.8318599 0.0000000 0.4644882 0.8986934 0.7202246 0.7705874 0.7074092 0.8114838 0.9470636 0.6221859 
C          0.6465348 0.4644882 0.0000000 0.6253777 0.4847737 0.5038849 0.4709510 0.6740505 0.7049695 0.4169824 
D          1.0726260 0.8986934 0.6253777 0.0000000 0.8320991 0.8781030 0.9725486 1.1599348 1.1915325 0.8242292 
E          0.8804995 0.7202246 0.4847737 0.8320991 0.0000000 0.7978165 0.7578687 0.8187144 0.9821688 0.7104391 
F          0.9231299 0.7705874 0.5038849 0.8781030 0.7978165 0.0000000 0.7276779 0.9400539 0.9511111 0.7078108 
G          0.9894531 0.7074092 0.4709510 0.9725486 0.7578687 0.7276779 0.0000000 0.8713962 0.9119981 0.6315014 
H          1.0582852 0.8114838 0.6740505 1.1599348 0.8187144 0.9400539 0.8713962 0.0000000 1.0364119 0.8649063 
I          1.0529278 0.9470636 0.7049695 1.1915325 0.9821688 0.9511111 0.9119981 1.0364119 0.0000000 0.8509100 
J          0.7811951 0.6221859 0.4169824 0.8242292 0.7104391 0.7078108 0.6315014 0.8649063 0.8509100 0.0000000 
