10
A          0.0000000 0.7522825 0.5040465 0.7859565 0.7664460 0.7471877 0.6190616 0.7763093 0.9056092 0.6760505 
B          0.7522825 0.0000000 0.3608601 0.7349972 0.6600557 0.5875624 0.4809655 0.5816127 0.7207285 0.5703078 
C          0.5040465 0.3608601 0.0000000 0.5038978 0.4410403 0.4102945 0.2895971 0.3610932 0.5314172 0.3344702 
D          0.7859565 0.7349972 0.5038978 0.0000000 0.6664370 0.7067761 0.5518365 0.8054854 0.9056808 0.6301475 
E          0.7664460 0.6600557 0.4410403 0.6664370 0.0000000 0.6542623 0.5491534 0.6447675 0.7951446 0.5874148 
F          0.7471877 0.5875624 0.4102945 0.7067761 0.6542623 0.0000000 0.5646999 0.5899858 0.7293442 0.5832058 
G          0.6190616 0.4809655 0.2895971 0.5518365 0.5491534 0.5646999 0.0000000 0.5021263 0.6965677 0.4786424 
H          0.7763093 0.5816127 0.3610932 0.8054854 0.6447675 0.5899858 0.5021263 0.0000000 0.7656180 0.5457243 
I          0.9056092 0.7207285 0.5314172 0.9056808 0.7951446 0.7293442 0.6965677 0.7656180 0.0000000 0.7462407 
J          0.6760505 0.5703078 0.3344702 0.6301475 0.5874148 0.5832058 0.4786424 0.5457243 0.7462407 0.0000000 
