10
A          0.0000000 0.7445435 0.5341876 0.7443174 0.7745815 0.6960099 0.6592620 0.8260408 0.8645364 0.6660909 
B          0.7445435 0.0000000 0.4248813 0.6560864 0.6686717 0.6358917 0.5120483 0.6922264 0.7200532 0.5598629 
C          0.5341876 0.4248813 0.0000000 0.5486149 0.5378195 0.4716488 0.3756264 0.5195212 0.5333003 0.3933305 
D          0.7443174 0.6560864 0.5486149 0.0000000 0.7813646 0.7496745 0.6205641 0.8627397 0.8352800 0.6710030 
E          0.7745815 0.6686717 0.5378195 0.7813646 0.0000000 0.7004183 0.6671710 0.8375278 0.8023416 0.6082401 
F          0.6960099 0.6358917 0.4716488 0.7496745 0.7004183 0.0000000 0.5347737 0.6817081 0.8450518 0.5566250 
G          0.6592620 0.5120483 0.3756264 0.6205641 0.6671710 0.5347737 0.0000000 0.6736215 0.7179766 0.4696452 
H          0.8260408 0.6922264 0.5195212 0.8627397 0.8375278 0.6817081 0.6736215 0.0000000 0.8120105 0.5897677 
I          0.8645364 0.7200532 0.5333003 0.8352800 0.8023416 0.8450518 0.7179766 0.8120105 0.0000000 0.7297929 
J          0.6660909 0.5598629 0.3933305 0.6710030 0.6082401 0.5566250 0.4696452 0.5897677 0.7297929 0.0000000 
