10
A          0.0000000 0.6869054 0.5134695 0.8504359 0.6757397 0.7146783 0.6945092 0.8360363 0.9210173 0.6815399 
B          0.6869054 0.0000000 0.3541257 0.5570788 0.5234162 0.6145958 0.4893889 0.6182095 0.7201941 0.5067620 
C          0.5134695 0.3541257 0.0000000 0.4550406 0.3994740 0.3995155 0.3518377 0.4798717 0.5469799 0.3516593 
D          0.8504359 0.5570788 0.4550406 0.0000000 0.6115274 0.7145739 0.6126569 0.7555833 0.9016497 0.6972817 
E          0.6757397 0.5234162 0.3994740 0.6115274 0.0000000 0.5981121 0.5462817 0.6853676 0.7772670 0.5362861 
F          0.7146783 0.6145958 0.3995155 0.7145739 0.5981121 0.0000000 0.5298712 0.7459910 0.7614644 0.5748908 
G          0.6945092 0.4893889 0.3518377 0.6126569 0.5462817 0.5298712 0.0000000 0.6658676 0.7929737 0.5070025 
H          0.8360363 0.6182095 0.4798717 0.7555833 0.6853676 0.7459910 0.6658676 0.0000000 0.8000470 0.6292533 
I          0.9210173 0.7201941 0.5469799 0.9016497 0.7772670 0.7614644 0.7929737 0.8000470 0.0000000 0.7335148 
J          0.6815399 0.5067620 0.3516593 0.6972817 0.5362861 0.5748908 0.5070025 0.6292533 0.7335148 0.0000000 
