10
A          0.0000000 0.7896623 0.4817601 0.8731766 0.7485965 0.8174362 0.6707707 0.7817577 0.9098082 0.6465493 
B          0.7896623 0.0000000 0.3755137 0.7641960 0.6412315 0.7837689 0.5171318 0.6940772 0.7502321 0.5597068 
C          0.4817601 0.3755137 0.0000000 0.5739683 0.4292249 0.5178884 0.3306396 0.5167511 0.5544274 0.3584032 
D          0.8731766 0.7641960 0.5739683 0.0000000 0.8886597 0.8540731 0.6694181 0.8399125 0.9826493 0.7301970 
E          0.7485965 0.6412315 0.4292249 0.8886597 0.0000000 0.8719917 0.5244345 0.7814344 0.8356909 0.6278921 
F          0.8174362 0.7837689 0.5178884 0.8540731 0.8719917 0.0000000 0.6560215 0.8036287 0.8449001 0.7226502 
G          0.6707707 0.5171318 0.3306396 0.6694181 0.5244345 0.6560215 0.0000000 0.6384144 0.7325838 0.5297536 
H          0.7817577 0.6940772 0.5167511 0.8399125 0.7814344 0.8036287 0.6384144 0.0000000 0.8341066 0.6269932 
I          0.9098082 0.7502321 0.5544274 0.9826493 0.8356909 0.8449001 0.7325838 0.8341066 0.0000000 0.7333701 
J          0.6465493 0.5597068 0.3584032 0.7301970 0.6278921 0.7226502 0.5297536 0.6269932 0.7333701 0.0000000 
