10
A          0.0000000 0.7194348 0.5930857 1.0872694 0.6999116 0.8395190 0.7107322 0.8514215 1.1375798 0.8056742 
B          0.7194348 0.0000000 0.3728183 0.7009885 0.5972909 0.5630961 0.5159706 0.5852270 0.8671644 0.5196253 
C          0.5930857 0.3728183 0.0000000 0.5767449 0.4209797 0.4823041 0.3674527 0.4513182 0.7272482 0.3742366 
D          1.0872694 0.7009885 0.5767449 0.0000000 0.8566868 0.8463605 0.7244378 0.8535131 1.0114848 0.7465665 
E          0.6999116 0.5972909 0.4209797 0.8566868 0.0000000 0.6790692 0.5865901 0.6024016 0.8429152 0.6154403 
F          0.8395190 0.5630961 0.4823041 0.8463605 0.6790692 0.0000000 0.5580626 0.7498840 0.9870302 0.6422349 
G          0.7107322 0.5159706 0.3674527 0.7244378 0.5865901 0.5580626 0.0000000 0.5769182 0.7704893 0.5300760 
H          0.8514215 0.5852270 0.4513182 0.8535131 0.6024016 0.7498840 0.5769182 0.0000000 0.8978364 0.6029512 
I          1.1375798 0.8671644 0.7272482 1.0114848 0.8429152 0.9870302 0.7704893 0.8978364 0.0000000 0.8727565 
J          0.8056742 0.5196253 0.3742366 0.7465665 0.6154403 0.6422349 0.5300760 0.6029512 0.8727565 0.0000000 
