10
A          0.0000000 0.6674410 0.4867320 0.8128702 0.7624238 0.7513142 0.6916168 0.7533694 0.8910606 0.6802983 
B          0.6674410 0.0000000 0.4076478 0.7537349 0.7004881 0.5199096 0.5742570 0.6384429 0.8293771 0.6080908 
C          0.4867320 0.4076478 0.0000000 0.5943579 0.5052225 0.4391407 0.3398681 0.4850224 0.5776466 0.4500428 
D          0.8128702 0.7537349 0.5943579 0.0000000 0.7413759 0.7948982 0.6910614 0.8260099 1.0501412 0.7024534 
E          0.7624238 0.7004881 0.5052225 0.7413759 0.0000000 0.6729018 0.6281309 0.7368783 0.9217162 0.6699490 
F          0.7513142 0.5199096 0.4391407 0.7948982 0.6729018 0.0000000 0.5816932 0.7403598 0.7854786 0.7111447 
G          0.6916168 0.5742570 0.3398681 0.6910614 0.6281309 0.5816932 0.0000000 0.6557024 0.8003840 0.6132871 
H          0.7533694 0.6384429 0.4850224 0.8260099 0.7368783 0.7403598 0.6557024 0.0000000 0.9096126 0.6472115 
I          0.8910606 0.8293771 0.5776466 1.0501412 0.9217162 0.7854786 0.8003840 0.9096126 0.0000000 0.8161646 
J          0.6802983 0.6080908 0.4500428 0.7024534 0.6699490 0.7111447 0.6132871 0.6472115 0.8161646 0.0000000 
