10
A          0.0000000 0.6808526 0.5529965 0.7902900 0.6770935 0.7071971 0.5477569 0.8644547 0.8721195 0.5833702 
B          0.6808526 0.0000000 0.3597639 0.6610834 0.5719486 0.6546767 0.5034347 0.6242036 0.7046307 0.4937303 
C          0.5529965 0.3597639 0.0000000 0.4754985 0.4269499 0.4809814 0.3157937 0.5508426 0.5559861 0.3881826 
D          0.7902900 0.6610834 0.4754985 0.0000000 0.6934903 0.7696222 0.5616305 0.7812372 0.8299118 0.6416801 
E          0.6770935 0.5719486 0.4269499 0.6934903 0.0000000 0.6817478 0.5287496 0.7249007 0.8179224 0.5855809 
F          0.7071971 0.6546767 0.4809814 0.7696222 0.6817478 0.0000000 0.5738537 0.8159394 0.9815779 0.6732368 
G          0.5477569 0.5034347 0.3157937 0.5616305 0.5287496 0.5738537 0.0000000 0.6093166 0.6824764 0.4976985 
H          0.8644547 0.6242036 0.5508426 0.7812372 0.7249007 0.8159394 0.6093166 0.0000000 0.7995893 0.6305575 
I          0.8721195 0.7046307 0.5559861 0.8299118 0.8179224 0.9815779 0.6824764 0.7995893 0.0000000 0.7444170 
J          0.5833702 0.4937303 0.3881826 0.6416801 0.5855809 0.6732368 0.4976985 0.6305575 0.7444170 0.0000000 
