10
A          0.0000000 0.6662248 0.4916655 0.8500155 0.8203276 0.7390663 0.6486212 0.7505936 0.8161379 0.6477786 
B          0.6662248 0.0000000 0.3629997 0.6786461 0.6738427 0.6506085 0.4852228 0.5609427 0.8367526 0.5653099 
C          0.4916655 0.3629997 0.0000000 0.4401074 0.4791704 0.4306354 0.3111503 0.4298063 0.5159331 0.3532287 
D          0.8500155 0.6786461 0.4401074 0.0000000 0.7252468 0.6815194 0.5081963 0.6604773 0.8345648 0.6138594 
E          0.8203276 0.6738427 0.4791704 0.7252468 0.0000000 0.6463933 0.6085844 0.6403981 0.7835768 0.6377491 
F          0.7390663 0.6506085 0.4306354 0.6815194 0.6463933 0.0000000 0.5549983 0.6267722 0.7691806 0.6130703 
G          0.6486212 0.4852228 0.3111503 0.5081963 0.6085844 0.5549983 0.0000000 0.5924654 0.6775229 0.5492109 
H          0.7505936 0.5609427 0.4298063 0.6604773 0.6403981 0.6267722 0.5924654 0.0000000 0.7560141 0.6096867 
I          0.8161379 0.8367526 0.5159331 0.8345648 0.7835768 0.7691806 0.6775229 0.7560141 0.0000000 0.7538259 
J          0.6477786 0.5653099 0.3532287 0.6138594 0.6377491 0.6130703 0.5492109 0.6096867 0.7538259 0.0000000 
