10
A          0.0000000 0.6225186 0.4907809 0.7540864 0.6533686 0.7377205 0.6076760 0.7617185 0.9105817 0.6634211 
B          0.6225186 0.0000000 0.3588148 0.6172989 0.5622472 0.6381477 0.5448177 0.5419434 0.7177037 0.5337064 
C          0.4907809 0.3588148 0.0000000 0.4544280 0.3807141 0.4297399 0.3521465 0.4458074 0.6046939 0.3238176 
D          0.7540864 0.6172989 0.4544280 0.0000000 0.6301554 0.6830788 0.6331372 0.6764123 0.8578040 0.6244310 
E          0.6533686 0.5622472 0.3807141 0.6301554 0.0000000 0.5728521 0.5504828 0.5793970 0.8275709 0.4880117 
F          0.7377205 0.6381477 0.4297399 0.6830788 0.5728521 0.0000000 0.5745379 0.6861045 0.7815266 0.5169424 
G          0.6076760 0.5448177 0.3521465 0.6331372 0.5504828 0.5745379 0.0000000 0.6408108 0.6467642 0.5034457 
H          0.7617185 0.5419434 0.4458074 0.6764123 0.5793970 0.6861045 0.6408108 0.0000000 0.9384392 0.5671021 
I          0.9105817 0.7177037 0.6046939 0.8578040 0.8275709 0.7815266 0.6467642 0.9384392 0.0000000 0.7339230 
J          0.6634211 0.5337064 0.3238176 0.6244310 0.4880117 0.5169424 0.5034457 0.5671021 0.7339230 0.0000000 
