10
A          0.0000000 0.6984373 0.5880167 0.7629161 0.7273997 0.8114572 0.7609022 0.7513551 0.9850830 0.7393953 
B          0.6984373 0.0000000 0.3680655 0.6494760 0.5726941 0.5967981 0.5452787 0.6832962 0.7439223 0.5141015 
C          0.5880167 0.3680655 0.0000000 0.5464794 0.4510077 0.4875956 0.3452858 0.4844326 0.5331846 0.3345795 
D          0.7629161 0.6494760 0.5464794 0.0000000 0.6826491 0.7521333 0.7740915 0.8226962 0.8599094 0.6933467 
E          0.7273997 0.5726941 0.4510077 0.6826491 0.0000000 0.7126213 0.6157274 0.7232422 0.7534835 0.5506315 
F          0.8114572 0.5967981 0.4875956 0.7521333 0.7126213 0.0000000 0.6946940 0.8436275 0.8628940 0.6141632 
G          0.7609022 0.5452787 0.3452858 0.7740915 0.6157274 0.6946940 0.0000000 0.6184156 0.7601487 0.4768171 
H          0.7513551 0.6832962 0.4844326 0.8226962 0.7232422 0.8436275 0.6184156 0.0000000 0.8201259 0.6804126 
I          0.9850830 0.7439223 0.5331846 0.8599094 0.7534835 0.8628940 0.7601487 0.8201259 0.0000000 0.6958628 
J          0.7393953 0.5141015 0.3345795 0.6933467 0.5506315 0.6141632 0.4768171 0.6804126 0.6958628 0.0000000 
