10
A          0.0000000 0.7076998 0.4895623 0.5740268 0.7389017 0.6891068 0.7247945 0.4940176 0.8130190 0.5567062 
B          0.7076998 0.0000000 0.5791066 0.7219872 0.8658779 0.8195461 0.7965496 0.6756458 1.0238330 0.6421481 
C          0.4895623 0.5791066 0.0000000 0.4925287 0.6277471 0.5404880 0.5850452 0.4293423 0.7099466 0.4221162 
D          0.5740268 0.7219872 0.4925287 0.0000000 0.8030078 0.6599075 0.6758595 0.5266288 0.8287455 0.5097304 
E          0.7389017 0.8658779 0.6277471 0.8030078 0.0000000 0.9254545 0.9009677 0.8033358 1.0358163 0.7099549 
F          0.6891068 0.8195461 0.5404880 0.6599075 0.9254545 0.0000000 0.8841250 0.7055174 0.9839255 0.6125346 
G          0.7247945 0.7965496 0.5850452 0.6758595 0.9009677 0.8841250 0.0000000 0.6767522 1.0566913 0.6471872 
H          0.4940176 0.6756458 0.4293423 0.5266288 0.8033358 0.7055174 0.6767522 0.0000000 0.7647172 0.4492810 
I          0.8130190 1.0238330 0.7099466 0.8287455 1.0358163 0.9839255 1.0566913 0.7647172 0.0000000 0.7431636 
J          0.5567062 0.6421481 0.4221162 0.5097304 0.7099549 0.6125346 0.6471872 0.4492810 0.7431636 0.0000000 
