10
A          0.0000000 0.7257582 0.4767336 0.5293284 0.8278166 0.7764493 0.6472744 0.5235541 0.7776711 0.5474140 
B          0.7257582 0.0000000 0.5677338 0.6944452 0.9344398 0.7977542 0.7810869 0.7603414 0.8587946 0.7337986 
C          0.4767336 0.5677338 0.0000000 0.5197532 0.5748100 0.5717460 0.5695374 0.4778398 0.6530305 0.5139291 
D          0.5293284 0.6944452 0.5197532 0.0000000 0.8877602 0.7334378 0.6190145 0.4273243 0.7016967 0.5545387 
E          0.8278166 0.9344398 0.5748100 0.8877602 0.0000000 0.7631799 0.9738931 0.8945148 0.9660942 0.6882125 
F          0.7764493 0.7977542 0.5717460 0.7334378 0.7631799 0.0000000 0.8048425 0.6625728 0.7979680 0.7436372 
G          0.6472744 0.7810869 0.5695374 0.6190145 0.9738931 0.8048425 0.0000000 0.5831427 0.8139990 0.6591098 
H          0.5235541 0.7603414 0.4778398 0.4273243 0.8945148 0.6625728 0.5831427 0.0000000 0.7284383 0.5257884 
I          0.7776711 0.8587946 0.6530305 0.7016967 0.9660942 0.7979680 0.8139990 0.7284383 0.0000000 0.7151582 
J          0.5474140 0.7337986 0.5139291 0.5545387 0.6882125 0.7436372 0.6591098 0.5257884 0.7151582 0.0000000 
