10
A          0.0000000 0.7471801 0.4739973 0.5673248 0.6660587 0.7096439 0.6324796 0.4705934 0.7511377 0.5116990 
B          0.7471801 0.0000000 0.6042491 0.6831635 0.8550793 0.7770787 0.7544862 0.6150116 0.8427801 0.7137640 
C          0.4739973 0.6042491 0.0000000 0.4955221 0.5803052 0.6360920 0.5075137 0.3837706 0.6971835 0.4212396 
D          0.5673248 0.6831635 0.4955221 0.0000000 0.7206250 0.8072371 0.5977025 0.5129921 0.7879130 0.5121309 
E          0.6660587 0.8550793 0.5803052 0.7206250 0.0000000 0.8269177 0.7754283 0.6736612 0.9619369 0.7084382 
F          0.7096439 0.7770787 0.6360920 0.8072371 0.8269177 0.0000000 0.6832941 0.6341718 0.7791860 0.6906972 
G          0.6324796 0.7544862 0.5075137 0.5977025 0.7754283 0.6832941 0.0000000 0.4716273 0.7679243 0.5833480 
H          0.4705934 0.6150116 0.3837706 0.5129921 0.6736612 0.6341718 0.4716273 0.0000000 0.6487658 0.4691783 
I          0.7511377 0.8427801 0.6971835 0.7879130 0.9619369 0.7791860 0.7679243 0.6487658 0.0000000 0.6462839 
J          0.5116990 0.7137640 0.4212396 0.5121309 0.7084382 0.6906972 0.5833480 0.4691783 0.6462839 0.0000000 
