10
A          0.0000000 0.7235288 0.4740127 0.4886806 0.6955516 0.5984918 0.6795079 0.4892518 0.6841893 0.5418911 
B          0.7235288 0.0000000 0.6566264 0.6530932 0.9374292 0.7270237 0.8904289 0.6390913 0.9047154 0.7057107 
C          0.4740127 0.6566264 0.0000000 0.3848364 0.6719426 0.5252804 0.5745219 0.3151920 0.6503155 0.4844750 
D          0.4886806 0.6530932 0.3848364 0.0000000 0.7091384 0.6241847 0.6309405 0.4146614 0.6066250 0.5365802 
E          0.6955516 0.9374292 0.6719426 0.7091384 0.0000000 0.7567311 0.8947066 0.6465868 0.9692407 0.6953324 
F          0.5984918 0.7270237 0.5252804 0.6241847 0.7567311 0.0000000 0.7260750 0.5692985 0.8360929 0.5945612 
G          0.6795079 0.8904289 0.5745219 0.6309405 0.8947066 0.7260750 0.0000000 0.5539287 0.7821317 0.7434673 
H          0.4892518 0.6390913 0.3151920 0.4146614 0.6465868 0.5692985 0.5539287 0.0000000 0.7026456 0.4972858 
I          0.6841893 0.9047154 0.6503155 0.6066250 0.9692407 0.8360929 0.7821317 0.7026456 0.0000000 0.7144293 
J          0.5418911 0.7057107 0.4844750 0.5365802 0.6953324 0.5945612 0.7434673 0.4972858 0.7144293 0.0000000 
