10
A          0.0000000 0.6206797 0.3482457 0.4148421 0.5908559 0.5630439 0.5609349 0.4634521 0.6098902 0.4348795 
B          0.6206797 0.0000000 0.5499635 0.5850622 0.7241487 0.6596159 0.7733596 0.5925847 0.8347224 0.5842743 
C          0.3482457 0.5499635 0.0000000 0.3759447 0.5801926 0.5075848 0.5018488 0.3716225 0.5905073 0.3895993 
D          0.4148421 0.5850622 0.3759447 0.0000000 0.6222905 0.5683759 0.6258598 0.4075305 0.6415883 0.4397973 
E          0.5908559 0.7241487 0.5801926 0.6222905 0.0000000 0.6467688 0.7411548 0.5656884 0.8814349 0.5580099 
F          0.5630439 0.6596159 0.5075848 0.5683759 0.6467688 0.0000000 0.6451356 0.5134366 0.8591485 0.5367461 
G          0.5609349 0.7733596 0.5018488 0.6258598 0.7411548 0.6451356 0.0000000 0.6307076 0.8355253 0.6472435 
H          0.4634521 0.5925847 0.3716225 0.4075305 0.5656884 0.5134366 0.6307076 0.0000000 0.5891023 0.4106537 
I          0.6098902 0.8347224 0.5905073 0.6415883 0.8814349 0.8591485 0.8355253 0.5891023 0.0000000 0.7046686 
J          0.4348795 0.5842743 0.3895993 0.4397973 0.5580099 0.5367461 0.6472435 0.4106537 0.7046686 0.0000000 
