10
A          0.0000000 0.5870744 0.4217825 0.5397275 0.6851709 0.5790869 0.6570188 0.4521495 0.7203155 0.4942584 
B          0.5870744 0.0000000 0.5787204 0.7083459 0.9174393 0.7088306 0.7407793 0.6398683 0.8171933 0.6491234 
C          0.4217825 0.5787204 0.0000000 0.4222513 0.6628579 0.5533013 0.5986417 0.3587661 0.5899522 0.4364207 
D          0.5397275 0.7083459 0.4222513 0.0000000 0.7078937 0.6661100 0.5846402 0.4330680 0.6749122 0.5077671 
E          0.6851709 0.9174393 0.6628579 0.7078937 0.0000000 0.9981011 0.9060983 0.7276434 0.9168898 0.6374788 
F          0.5790869 0.7088306 0.5533013 0.6661100 0.9981011 0.0000000 0.7652369 0.6131430 0.9437995 0.5782501 
G          0.6570188 0.7407793 0.5986417 0.5846402 0.9060983 0.7652369 0.0000000 0.6024285 0.8345007 0.6066552 
H          0.4521495 0.6398683 0.3587661 0.4330680 0.7276434 0.6131430 0.6024285 0.0000000 0.6589411 0.4098457 
I          0.7203155 0.8171933 0.5899522 0.6749122 0.9168898 0.9437995 0.8345007 0.6589411 0.0000000 0.7028949 
J          0.4942584 0.6491234 0.4364207 0.5077671 0.6374788 0.5782501 0.6066552 0.4098457 0.7028949 0.0000000 
