10
A          0.0000000 0.6067888 0.4327699 0.5365390 0.7092060 0.6528448 0.6142990 0.4767995 0.6401637 0.4647153 
B          0.6067888 0.0000000 0.5634612 0.6256526 0.7641070 0.7733132 0.7059724 0.5932189 0.7486838 0.6775019 
C          0.4327699 0.5634612 0.0000000 0.4362953 0.6267755 0.5378012 0.5661636 0.3555567 0.5454675 0.3880485 
D          0.5365390 0.6256526 0.4362953 0.0000000 0.6889792 0.6081609 0.5325012 0.4244000 0.6345655 0.5067495 
E          0.7092060 0.7641070 0.6267755 0.6889792 0.0000000 0.7818108 0.8173498 0.7140976 0.7936609 0.6677405 
F          0.6528448 0.7733132 0.5378012 0.6081609 0.7818108 0.0000000 0.6947266 0.6013698 0.7858808 0.6300542 
G          0.6142990 0.7059724 0.5661636 0.5325012 0.8173498 0.6947266 0.0000000 0.5559044 0.7662864 0.5913051 
H          0.4767995 0.5932189 0.3555567 0.4244000 0.7140976 0.6013698 0.5559044 0.0000000 0.6127146 0.5051189 
I          0.6401637 0.7486838 0.5454675 0.6345655 0.7936609 0.7858808 0.7662864 0.6127146 0.0000000 0.5709328 
J          0.4647153 0.6775019 0.3880485 0.5067495 0.6677405 0.6300542 0.5913051 0.5051189 0.5709328 0.0000000 
