10
A          0.0000000 0.3426709 0.2231804 0.4357315 0.4271758 0.5186846 0.1921448 0.3773885 0.6011878 0.5352505 
B          0.3426709 0.0000000 0.3185993 0.4559462 0.4532337 0.5470861 0.2649472 0.3797961 0.5984924 0.5959783 
C          0.2231804 0.3185993 0.0000000 0.3929897 0.3515219 0.4492181 0.1619494 0.3300154 0.5261394 0.4466804 
D          0.4357315 0.4559462 0.3929897 0.0000000 0.5194180 0.7118077 0.3653663 0.5156209 0.7247480 0.7420522 
E          0.4271758 0.4532337 0.3515219 0.5194180 0.0000000 0.6891770 0.3141832 0.4419768 0.6646783 0.5930199 
F          0.5186846 0.5470861 0.4492181 0.7118077 0.6891770 0.0000000 0.4289007 0.5932607 0.8655639 0.6903438 
G          0.1921448 0.2649472 0.1619494 0.3653663 0.3141832 0.4289007 0.0000000 0.2828975 0.4982260 0.4137342 
H          0.3773885 0.3797961 0.3300154 0.5156209 0.4419768 0.5932607 0.2828975 0.0000000 0.5868999 0.5256261 
I          0.6011878 0.5984924 0.5261394 0.7247480 0.6646783 0.8655639 0.4982260 0.5868999 0.0000000 0.8064640 
J          0.5352505 0.5959783 0.4466804 0.7420522 0.5930199 0.6903438 0.4137342 0.5256261 0.8064640 0.0000000 
