10
A          0.0000000 0.5627299 0.3460392 0.3811610 0.3943827 0.6914848 0.2748506 0.4005087 0.6062053 0.5224961 
B          0.5627299 0.0000000 0.3343653 0.6775396 0.6862775 0.5932671 0.4391452 0.5381647 0.8632883 0.5806724 
C          0.3460392 0.3343653 0.0000000 0.4798271 0.4365670 0.4962092 0.2513430 0.3593999 0.5882914 0.3961903 
D          0.3811610 0.6775396 0.4798271 0.0000000 0.4803203 0.7285337 0.3570653 0.5448971 0.6667612 0.6414395 
E          0.3943827 0.6862775 0.4365670 0.4803203 0.0000000 0.7872034 0.3258281 0.5228816 0.6749218 0.5912460 
F          0.6914848 0.5932671 0.4962092 0.7285337 0.7872034 0.0000000 0.6102473 0.7179969 0.9028357 0.7379486 
G          0.2748506 0.4391452 0.2513430 0.3570653 0.3258281 0.6102473 0.0000000 0.3098517 0.5748884 0.4369882 
H          0.4005087 0.5381647 0.3593999 0.5448971 0.5228816 0.7179969 0.3098517 0.0000000 0.6730075 0.5272999 
I          0.6062053 0.8632883 0.5882914 0.6667612 0.6749218 0.9028357 0.5748884 0.6730075 0.0000000 0.8250751 
J          0.5224961 0.5806724 0.3961903 0.6414395 0.5912460 0.7379486 0.4369882 0.5272999 0.8250751 0.0000000 
