10
A          0.0000000 0.3561960 0.2474074 0.4618497 0.4452423 0.5658445 0.2079580 0.4346009 0.5583164 0.4958752 
B          0.3561960 0.0000000 0.2869901 0.5227591 0.5125710 0.5477130 0.2693680 0.5130421 0.6686988 0.5276025 
C          0.2474074 0.2869901 0.0000000 0.4540843 0.3725656 0.4733672 0.1610636 0.3393409 0.5091478 0.4235143 
D          0.4618497 0.5227591 0.4540843 0.0000000 0.6342516 0.7112082 0.3743713 0.6361810 0.8566877 0.6741899 
E          0.4452423 0.5125710 0.3725656 0.6342516 0.0000000 0.7064009 0.3285922 0.5320909 0.7788713 0.6425583 
F          0.5658445 0.5477130 0.4733672 0.7112082 0.7064009 0.0000000 0.4640250 0.6593363 0.9015918 0.6943910 
G          0.2079580 0.2693680 0.1610636 0.3743713 0.3285922 0.4640250 0.0000000 0.3057249 0.5075374 0.4105079 
H          0.4346009 0.5130421 0.3393409 0.6361810 0.5320909 0.6593363 0.3057249 0.0000000 0.6970504 0.5837373 
I          0.5583164 0.6686988 0.5091478 0.8566877 0.7788713 0.9015918 0.5075374 0.6970504 0.0000000 0.6826213 
J          0.4958752 0.5276025 0.4235143 0.6741899 0.6425583 0.6943910 0.4105079 0.5837373 0.6826213 0.0000000 
