10
A          0.0000000 0.4861912 0.3370060 0.4483777 0.4375710 0.7195859 0.2674670 0.4561926 0.6314797 0.5839840 
B          0.4861912 0.0000000 0.3370269 0.6334215 0.6144896 0.6666928 0.3619112 0.4987347 0.8694826 0.5562856 
C          0.3370060 0.3370269 0.0000000 0.4915539 0.4385106 0.5303706 0.2121895 0.4235453 0.6561171 0.4102740 
D          0.4483777 0.6334215 0.4915539 0.0000000 0.5819455 0.7923707 0.4222063 0.5940118 0.7982274 0.7467882 
E          0.4375710 0.6144896 0.4385106 0.5819455 0.0000000 0.8316492 0.3439332 0.5961253 0.7168539 0.6507933 
F          0.7195859 0.6666928 0.5303706 0.7923707 0.8316492 0.0000000 0.6152940 0.7875325 1.1619348 0.8249187 
G          0.2674670 0.3619112 0.2121895 0.4222063 0.3439332 0.6152940 0.0000000 0.3813124 0.5867861 0.4508870 
H          0.4561926 0.4987347 0.4235453 0.5940118 0.5961253 0.7875325 0.3813124 0.0000000 0.7812048 0.5818755 
I          0.6314797 0.8694826 0.6561171 0.7982274 0.7168539 1.1619348 0.5867861 0.7812048 0.0000000 0.8366958 
J          0.5839840 0.5562856 0.4102740 0.7467882 0.6507933 0.8249187 0.4508870 0.5818755 0.8366958 0.0000000 
