10
A          0.0000000 0.3458811 0.2393754 0.3992081 0.3327625 0.5531572 0.2089175 0.3850855 0.4823240 0.5138234 
B          0.3458811 0.0000000 0.2816192 0.4560953 0.3609072 0.5969335 0.2725495 0.3958385 0.5887752 0.5300735 
C          0.2393754 0.2816192 0.0000000 0.3703545 0.2496269 0.5072049 0.1559540 0.3226164 0.4960335 0.4296664 
D          0.3992081 0.4560953 0.3703545 0.0000000 0.4757462 0.6663904 0.3424843 0.5089509 0.6495043 0.6624465 
E          0.3327625 0.3609072 0.2496269 0.4757462 0.0000000 0.6203430 0.2501775 0.4249401 0.5933560 0.5668070 
F          0.5531572 0.5969335 0.5072049 0.6663904 0.6203430 0.0000000 0.4655538 0.6373391 0.9080676 0.7226054 
G          0.2089175 0.2725495 0.1559540 0.3424843 0.2501775 0.4655538 0.0000000 0.2922322 0.4597612 0.3934742 
H          0.3850855 0.3958385 0.3226164 0.5089509 0.4249401 0.6373391 0.2922322 0.0000000 0.7067513 0.5888955 
I          0.4823240 0.5887752 0.4960335 0.6495043 0.5933560 0.9080676 0.4597612 0.7067513 0.0000000 0.7719829 
J          0.5138234 0.5300735 0.4296664 0.6624465 0.5668070 0.7226054 0.3934742 0.5888955 0.7719829 0.0000000 
