10
A          0.0000000 0.3695839 0.2782757 0.4031622 0.3541537 0.5803660 0.2487229 0.4293094 0.5781957 0.6084514 
B          0.3695839 0.0000000 0.2722730 0.4754869 0.4054765 0.5474760 0.2658964 0.4783661 0.6007148 0.6212895 
C          0.2782757 0.2722730 0.0000000 0.3934685 0.3284029 0.4024955 0.1627345 0.3218869 0.5108682 0.4903205 
D          0.4031622 0.4754869 0.3934685 0.0000000 0.4767289 0.6427186 0.3439848 0.5461093 0.6670742 0.6964469 
E          0.3541537 0.4054765 0.3284029 0.4767289 0.0000000 0.6256913 0.2660156 0.4359259 0.6000930 0.5493102 
F          0.5803660 0.5474760 0.4024955 0.6427186 0.6256913 0.0000000 0.4317335 0.6204573 0.6678989 0.7352652 
G          0.2487229 0.2658964 0.1627345 0.3439848 0.2660156 0.4317335 0.0000000 0.2908173 0.4709781 0.4243908 
H          0.4293094 0.4783661 0.3218869 0.5461093 0.4359259 0.6204573 0.2908173 0.0000000 0.6911343 0.5993521 
I          0.5781957 0.6007148 0.5108682 0.6670742 0.6000930 0.6678989 0.4709781 0.6911343 0.0000000 0.7117006 
J          0.6084514 0.6212895 0.4903205 0.6964469 0.5493102 0.7352652 0.4243908 0.5993521 0.7117006 0.0000000 
