10
A          0.0000000 0.3917911 0.2449482 0.4177516 0.4353212 0.5185534 0.1867898 0.3618029 0.5706964 0.4826823 
B          0.3917911 0.0000000 0.2574930 0.5016839 0.4463751 0.5784252 0.2467945 0.4098198 0.5918474 0.4999970 
C          0.2449482 0.2574930 0.0000000 0.3587347 0.3066347 0.3949523 0.1224852 0.2956546 0.4901997 0.4062728 
D          0.4177516 0.5016839 0.3587347 0.0000000 0.5385054 0.6173032 0.3399001 0.5018545 0.5686232 0.6279599 
E          0.4353212 0.4463751 0.3066347 0.5385054 0.0000000 0.5716790 0.2915564 0.4514241 0.6197946 0.5894705 
F          0.5185534 0.5784252 0.3949523 0.6173032 0.5716790 0.0000000 0.3919165 0.5580017 0.7531256 0.6725862 
G          0.1867898 0.2467945 0.1224852 0.3399001 0.2915564 0.3919165 0.0000000 0.2551256 0.4247074 0.3782534 
H          0.3618029 0.4098198 0.2956546 0.5018545 0.4514241 0.5580017 0.2551256 0.0000000 0.5352341 0.4967216 
I          0.5706964 0.5918474 0.4901997 0.5686232 0.6197946 0.7531256 0.4247074 0.5352341 0.0000000 0.6983316 
J          0.4826823 0.4999970 0.4062728 0.6279599 0.5894705 0.6725862 0.3782534 0.4967216 0.6983316 0.0000000 
