10
A          0.0000000 0.4196862 0.2402066 0.3644576 0.3254215 0.4757686 0.2110938 0.3399432 0.4919461 0.5203862 
B          0.4196862 0.0000000 0.3215106 0.5394378 0.4411710 0.5921846 0.3015196 0.4318956 0.6635854 0.5889373 
C          0.2402066 0.3215106 0.0000000 0.3374287 0.2832409 0.3844379 0.1680550 0.2630564 0.4665740 0.4723121 
D          0.3644576 0.5394378 0.3374287 0.0000000 0.4675110 0.5471759 0.3341849 0.4607715 0.6059827 0.6126744 
E          0.3254215 0.4411710 0.2832409 0.4675110 0.0000000 0.5196298 0.2788123 0.3809894 0.5454345 0.5572911 
F          0.4757686 0.5921846 0.3844379 0.5471759 0.5196298 0.0000000 0.3850317 0.5325799 0.7126875 0.7830888 
G          0.2110938 0.3015196 0.1680550 0.3341849 0.2788123 0.3850317 0.0000000 0.2551041 0.4509010 0.4230807 
H          0.3399432 0.4318956 0.2630564 0.4607715 0.3809894 0.5325799 0.2551041 0.0000000 0.5487648 0.5067908 
I          0.4919461 0.6635854 0.4665740 0.6059827 0.5454345 0.7126875 0.4509010 0.5487648 0.0000000 0.6590141 
J          0.5203862 0.5889373 0.4723121 0.6126744 0.5572911 0.7830888 0.4230807 0.5067908 0.6590141 0.0000000 
