10
A          0.0000000 0.5519104 0.3947820 0.4797054 0.4235887 0.7191327 0.2864598 0.5155532 0.6036546 0.6596334 
B          0.5519104 0.0000000 0.3828951 0.7353806 0.6160055 0.5452422 0.4182952 0.5895453 0.7879436 0.6209878 
C          0.3947820 0.3828951 0.0000000 0.5384684 0.4859765 0.5697673 0.2476887 0.4378076 0.6805473 0.4945652 
D          0.4797054 0.7353806 0.5384684 0.0000000 0.5522463 0.7690808 0.4263970 0.6402820 0.7075380 0.8094843 
E          0.4235887 0.6160055 0.4859765 0.5522463 0.0000000 0.7272351 0.3727109 0.5468722 0.6552399 0.6948924 
F          0.7191327 0.5452422 0.5697673 0.7690808 0.7272351 0.0000000 0.5881430 0.7439384 0.9602469 0.7890499 
G          0.2864598 0.4182952 0.2476887 0.4263970 0.3727109 0.5881430 0.0000000 0.3095381 0.5311522 0.4631866 
H          0.5155532 0.5895453 0.4378076 0.6402820 0.5468722 0.7439384 0.3095381 0.0000000 0.6424956 0.6551048 
I          0.6036546 0.7879436 0.6805473 0.7075380 0.6552399 0.9602469 0.5311522 0.6424956 0.0000000 0.9075652 
J          0.6596334 0.6209878 0.4945652 0.8094843 0.6948924 0.7890499 0.4631866 0.6551048 0.9075652 0.0000000 
