10
A          0.0000000 0.3504186 0.2314428 0.3782445 0.3817552 0.4881442 0.1694123 0.3228035 0.4417717 0.4390660 
B          0.3504186 0.0000000 0.3005556 0.5131250 0.5052734 0.5760668 0.2671740 0.4479701 0.5464807 0.5710065 
C          0.2314428 0.3005556 0.0000000 0.3572578 0.3600736 0.5074890 0.1414576 0.3094682 0.4330525 0.4274352 
D          0.3782445 0.5131250 0.3572578 0.0000000 0.4936654 0.6522049 0.2974701 0.4738361 0.5083658 0.5965512 
E          0.3817552 0.5052734 0.3600736 0.4936654 0.0000000 0.6899430 0.3230117 0.4554046 0.5378859 0.5576014 
F          0.4881442 0.5760668 0.5074890 0.6522049 0.6899430 0.0000000 0.4340125 0.5849141 0.6857097 0.6585852 
G          0.1694123 0.2671740 0.1414576 0.2974701 0.3230117 0.4340125 0.0000000 0.2579693 0.3799117 0.3566209 
H          0.3228035 0.4479701 0.3094682 0.4738361 0.4554046 0.5849141 0.2579693 0.0000000 0.5281607 0.5037549 
I          0.4417717 0.5464807 0.4330525 0.5083658 0.5378859 0.6857097 0.3799117 0.5281607 0.0000000 0.6692374 
J          0.4390660 0.5710065 0.4274352 0.5965512 0.5576014 0.6585852 0.3566209 0.5037549 0.6692374 0.0000000 
