10
A          0.0000000 0.4962673 0.3095191 0.4676922 0.4410404 0.5920170 0.2648695 0.4041565 0.5786919 0.5594140 
B          0.4962673 0.0000000 0.3012490 0.6381637 0.6009398 0.5745076 0.3382848 0.4830842 0.7926284 0.5992540 
C          0.3095191 0.3012490 0.0000000 0.3924606 0.3907629 0.4499044 0.1749101 0.2933278 0.5431020 0.4004484 
D          0.4676922 0.6381637 0.3924606 0.0000000 0.5437154 0.6775294 0.3736352 0.5075255 0.6798728 0.6780924 
E          0.4410404 0.6009398 0.3907629 0.5437154 0.0000000 0.5738355 0.3371574 0.5013226 0.5518518 0.6040942 
F          0.5920170 0.5745076 0.4499044 0.6775294 0.5738355 0.0000000 0.5030344 0.6296920 0.8214020 0.6387367 
G          0.2648695 0.3382848 0.1749101 0.3736352 0.3371574 0.5030344 0.0000000 0.2665665 0.4992226 0.4000122 
H          0.4041565 0.4830842 0.2933278 0.5075255 0.5013226 0.6296920 0.2665665 0.0000000 0.6412356 0.5741653 
I          0.5786919 0.7926284 0.5431020 0.6798728 0.5518518 0.8214020 0.4992226 0.6412356 0.0000000 0.7878582 
J          0.5594140 0.5992540 0.4004484 0.6780924 0.6040942 0.6387367 0.4000122 0.5741653 0.7878582 0.0000000 
