10
A          0.0000000 0.4104818 0.2935795 0.3978368 0.3709916 0.5455036 0.2330104 0.4142500 0.5467756 0.6032733 
B          0.4104818 0.0000000 0.3013892 0.5191476 0.4415622 0.5134781 0.3070330 0.4207829 0.6449593 0.5654521 
C          0.2935795 0.3013892 0.0000000 0.3895369 0.3405559 0.5052585 0.1944506 0.3490048 0.6051308 0.4427155 
D          0.3978368 0.5191476 0.3895369 0.0000000 0.4714921 0.6847220 0.3286499 0.5228945 0.7895714 0.7007333 
E          0.3709916 0.4415622 0.3405559 0.4714921 0.0000000 0.6557183 0.2773789 0.4462745 0.6969828 0.5787330 
F          0.5455036 0.5134781 0.5052585 0.6847220 0.6557183 0.0000000 0.4937199 0.6182132 0.8599947 0.7470393 
G          0.2330104 0.3070330 0.1944506 0.3286499 0.2773789 0.4937199 0.0000000 0.3099172 0.5200912 0.4204085 
H          0.4142500 0.4207829 0.3490048 0.5228945 0.4462745 0.6182132 0.3099172 0.0000000 0.7421722 0.5903229 
I          0.5467756 0.6449593 0.6051308 0.7895714 0.6969828 0.8599947 0.5200912 0.7421722 0.0000000 0.8304867 
J          0.6032733 0.5654521 0.4427155 0.7007333 0.5787330 0.7470393 0.4204085 0.5903229 0.8304867 0.0000000 
