10
A          0.0000000 0.3466917 0.2278950 0.3308664 0.3683227 0.4636936 0.1899920 0.3619747 0.5074191 0.3847157 
B          0.3466917 0.0000000 0.2945406 0.4387219 0.4810073 0.6023166 0.2598646 0.5214836 0.6455136 0.5474453 
C          0.2278950 0.2945406 0.0000000 0.3261573 0.3369787 0.4204695 0.1637461 0.3552056 0.5360691 0.4265076 
D          0.3308664 0.4387219 0.3261573 0.0000000 0.4249908 0.5382244 0.2920665 0.4724658 0.5950318 0.5144080 
E          0.3683227 0.4810073 0.3369787 0.4249908 0.0000000 0.5467164 0.2893631 0.4549335 0.6094121 0.5589877 
F          0.4636936 0.6023166 0.4204695 0.5382244 0.5467164 0.0000000 0.3966819 0.5665782 0.7621520 0.5915545 
G          0.1899920 0.2598646 0.1637461 0.2920665 0.2893631 0.3966819 0.0000000 0.3024705 0.4368957 0.3693414 
H          0.3619747 0.5214836 0.3552056 0.4724658 0.4549335 0.5665782 0.3024705 0.0000000 0.5829502 0.5255854 
I          0.5074191 0.6455136 0.5360691 0.5950318 0.6094121 0.7621520 0.4368957 0.5829502 0.0000000 0.6597812 
J          0.3847157 0.5474453 0.4265076 0.5144080 0.5589877 0.5915545 0.3693414 0.5255854 0.6597812 0.0000000 
