10
A          0.0000000 0.6497471 1.0135746 0.8615145 0.9957658 0.9741790 0.6352458 1.0091137 0.6342271 0.7291706 
B          0.6497471 0.0000000 0.7246469 0.4055219 0.5397030 0.4796668 0.2232567 0.5438405 0.2609898 0.2777804 
C          1.0135746 0.7246469 0.0000000 0.9415031 1.1589187 0.9621449 0.7122096 0.9935203 0.7511369 0.7479604 
D          0.8615145 0.4055219 0.9415031 0.0000000 0.7429842 0.7004592 0.4534096 0.8509816 0.4483150 0.5400143 
E          0.9957658 0.5397030 1.1589187 0.7429842 0.0000000 0.7872600 0.6128848 0.8367784 0.6613928 0.5927801 
F          0.9741790 0.4796668 0.9621449 0.7004592 0.7872600 0.0000000 0.5006534 0.8725362 0.5158487 0.5701680 
G          0.6352458 0.2232567 0.7122096 0.4534096 0.6128848 0.5006534 0.0000000 0.5777729 0.2446611 0.2851460 
H          1.0091137 0.5438405 0.9935203 0.8509816 0.8367784 0.8725362 0.5777729 0.0000000 0.6476432 0.5973324 
I          0.6342271 0.2609898 0.7511369 0.4483150 0.6613928 0.5158487 0.2446611 0.6476432 0.0000000 0.3623255 
J          0.7291706 0.2777804 0.7479604 0.5400143 0.5927801 0.5701680 0.2851460 0.5973324 0.3623255 0.0000000 
