10
A          0.0000000 0.5211160 0.9265979 0.8729394 0.9546689 0.7421773 0.6272394 0.8537343 0.5962418 0.6339322 
B          0.5211160 0.0000000 0.6502028 0.5549856 0.6782413 0.4744823 0.2602078 0.5353005 0.2848370 0.3672584 
C          0.9265979 0.6502028 0.0000000 0.9856465 0.9511291 0.9102526 0.6609551 1.1036645 0.6992364 0.6433358 
D          0.8729394 0.5549856 0.9856465 0.0000000 0.9487925 0.7711081 0.4156002 0.8117890 0.5080622 0.6020175 
E          0.9546689 0.6782413 0.9511291 0.9487925 0.0000000 0.8416683 0.7112676 1.1744112 0.7814324 0.6305078 
F          0.7421773 0.4744823 0.9102526 0.7711081 0.8416683 0.0000000 0.4865198 0.9104987 0.5718675 0.5283288 
G          0.6272394 0.2602078 0.6609551 0.4156002 0.7112676 0.4865198 0.0000000 0.6687905 0.2777550 0.3678250 
H          0.8537343 0.5353005 1.1036645 0.8117890 1.1744112 0.9104987 0.6687905 0.0000000 0.5959484 0.7735181 
I          0.5962418 0.2848370 0.6992364 0.5080622 0.7814324 0.5718675 0.2777550 0.5959484 0.0000000 0.3974487 
J          0.6339322 0.3672584 0.6433358 0.6020175 0.6305078 0.5283288 0.3678250 0.7735181 0.3974487 0.0000000 
