10
A          0.0000000 0.6080094 1.0339316 0.8479784 1.0046576 0.7872282 0.6440639 1.0205596 0.6337917 0.6893293 
B          0.6080094 0.0000000 0.5534957 0.4456769 0.5492629 0.3920928 0.2279898 0.5942540 0.2516123 0.2721022 
C          1.0339316 0.5534957 0.0000000 0.8236885 1.0802925 0.8177624 0.6490654 0.8832718 0.6828025 0.6872650 
D          0.8479784 0.4456769 0.8236885 0.0000000 0.8944588 0.7096923 0.4735715 0.8924884 0.5538720 0.5271596 
E          1.0046576 0.5492629 1.0802925 0.8944588 0.0000000 0.8117455 0.5963912 0.8319792 0.5797746 0.6242984 
F          0.7872282 0.3920928 0.8177624 0.7096923 0.8117455 0.0000000 0.4420195 0.7998807 0.4935934 0.5062341 
G          0.6440639 0.2279898 0.6490654 0.4735715 0.5963912 0.4420195 0.0000000 0.6297146 0.2825482 0.2965024 
H          1.0205596 0.5942540 0.8832718 0.8924884 0.8319792 0.7998807 0.6297146 0.0000000 0.6092677 0.5797069 
I          0.6337917 0.2516123 0.6828025 0.5538720 0.5797746 0.4935934 0.2825482 0.6092677 0.0000000 0.3462137 
J          0.6893293 0.2721022 0.6872650 0.5271596 0.6242984 0.5062341 0.2965024 0.5797069 0.3462137 0.0000000 
