10
A          0.0000000 0.6518843 1.1478583 0.9370406 1.1144771 0.9430529 0.6299834 1.0404500 0.6667310 0.6974957 
B          0.6518843 0.0000000 0.6861480 0.4585611 0.6193006 0.5121895 0.2233685 0.5685628 0.2889428 0.2677949 
C          1.1478583 0.6861480 0.0000000 0.8958157 1.0050101 0.9608078 0.6264528 0.9245544 0.7288033 0.7248002 
D          0.9370406 0.4585611 0.8958157 0.0000000 0.9045730 0.7282774 0.4965660 0.6998785 0.4968071 0.5505088 
E          1.1144771 0.6193006 1.0050101 0.9045730 0.0000000 0.9857976 0.6376122 0.9713563 0.6867635 0.6670323 
F          0.9430529 0.5121895 0.9608078 0.7282774 0.9857976 0.0000000 0.5245602 0.8899948 0.5507185 0.5574422 
G          0.6299834 0.2233685 0.6264528 0.4965660 0.6376122 0.5245602 0.0000000 0.5693891 0.2720184 0.2582611 
H          1.0404500 0.5685628 0.9245544 0.6998785 0.9713563 0.8899948 0.5693891 0.0000000 0.5876815 0.5975700 
I          0.6667310 0.2889428 0.7288033 0.4968071 0.6867635 0.5507185 0.2720184 0.5876815 0.0000000 0.3260496 
J          0.6974957 0.2677949 0.7248002 0.5505088 0.6670323 0.5574422 0.2582611 0.5975700 0.3260496 0.0000000 
