10
A          0.0000000 0.5918739 0.8867604 0.7267288 0.8741548 0.7449841 0.5890628 0.8559612 0.5886930 0.6171618 
B          0.5918739 0.0000000 0.5853624 0.4121176 0.5095924 0.4187637 0.2322221 0.5296673 0.2504240 0.3074014 
C          0.8867604 0.5853624 0.0000000 0.7159455 0.8804138 0.8371980 0.5651487 0.8998833 0.6263572 0.5777423 
D          0.7267288 0.4121176 0.7159455 0.0000000 0.6837651 0.5592513 0.4051612 0.7812856 0.4041169 0.4740833 
E          0.8741548 0.5095924 0.8804138 0.6837651 0.0000000 0.7643665 0.5082302 0.8736452 0.6212407 0.6325542 
F          0.7449841 0.4187637 0.8371980 0.5592513 0.7643665 0.0000000 0.4545108 0.7411364 0.5186917 0.5435667 
G          0.5890628 0.2322221 0.5651487 0.4051612 0.5082302 0.4545108 0.0000000 0.5469751 0.2654945 0.2947096 
H          0.8559612 0.5296673 0.8998833 0.7812856 0.8736452 0.7411364 0.5469751 0.0000000 0.6135915 0.6551460 
I          0.5886930 0.2504240 0.6263572 0.4041169 0.6212407 0.5186917 0.2654945 0.6135915 0.0000000 0.3449778 
J          0.6171618 0.3074014 0.5777423 0.4740833 0.6325542 0.5435667 0.2947096 0.6551460 0.3449778 0.0000000 
