10
A          0.0000000 0.6708458 0.9112529 0.9317518 1.0985657 1.0884053 0.6909659 1.0942439 0.8095170 0.7204504 
B          0.6708458 0.0000000 0.4959539 0.4234446 0.5975280 0.5088756 0.2166941 0.6032161 0.2838753 0.2945085 
C          0.9112529 0.4959539 0.0000000 0.6916499 0.8992259 0.8814089 0.5432001 0.8746472 0.5912655 0.5975723 
D          0.9317518 0.4234446 0.6916499 0.0000000 0.9161929 0.7012405 0.4502967 0.7606415 0.5060984 0.5370616 
E          1.0985657 0.5975280 0.8992259 0.9161929 0.0000000 0.9368163 0.5943895 0.9527606 0.6750152 0.6961449 
F          1.0884053 0.5088756 0.8814089 0.7012405 0.9368163 0.0000000 0.4794333 0.9856972 0.5628217 0.5694519 
G          0.6909659 0.2166941 0.5432001 0.4502967 0.5943895 0.4794333 0.0000000 0.5617268 0.2605832 0.2711596 
H          1.0942439 0.6032161 0.8746472 0.7606415 0.9527606 0.9856972 0.5617268 0.0000000 0.6738306 0.6989963 
I          0.8095170 0.2838753 0.5912655 0.5060984 0.6750152 0.5628217 0.2605832 0.6738306 0.0000000 0.3872798 
J          0.7204504 0.2945085 0.5975723 0.5370616 0.6961449 0.5694519 0.2711596 0.6989963 0.3872798 0.0000000 
