10
A          0.0000000 0.5896493 0.8409235 0.7982895 0.9394506 0.8101492 0.5693093 0.8324198 0.5535617 0.6101666 
B          0.5896493 0.0000000 0.6162972 0.5277586 0.7359191 0.4828403 0.2761977 0.6199502 0.2937107 0.3536433 
C          0.8409235 0.6162972 0.0000000 0.8254557 0.8700041 0.8221876 0.6109643 1.0329395 0.6621258 0.6244622 
D          0.7982895 0.5277586 0.8254557 0.0000000 0.7939762 0.6740654 0.4482114 0.8248645 0.5346781 0.5275933 
E          0.9394506 0.7359191 0.8700041 0.7939762 0.0000000 0.8492114 0.7214609 1.1134194 0.7245347 0.6809915 
F          0.8101492 0.4828403 0.8221876 0.6740654 0.8492114 0.0000000 0.4709080 0.8409881 0.4953350 0.5002264 
G          0.5693093 0.2761977 0.6109643 0.4482114 0.7214609 0.4709080 0.0000000 0.6256085 0.2551497 0.3066220 
H          0.8324198 0.6199502 1.0329395 0.8248645 1.1134194 0.8409881 0.6256085 0.0000000 0.5743807 0.6279282 
I          0.5535617 0.2937107 0.6621258 0.5346781 0.7245347 0.4953350 0.2551497 0.5743807 0.0000000 0.3375116 
J          0.6101666 0.3536433 0.6244622 0.5275933 0.6809915 0.5002264 0.3066220 0.6279282 0.3375116 0.0000000 
