10
A          0.0000000 0.6412484 0.8932971 0.9254361 0.9801944 0.7327017 0.5849301 0.7485382 0.6070031 0.6380577 
B          0.6412484 0.0000000 0.5181776 0.5588987 0.5999490 0.4147756 0.2437594 0.5324372 0.2614636 0.2850987 
C          0.8932971 0.5181776 0.0000000 0.8186783 0.8703357 0.6937129 0.4930789 0.7857411 0.5691532 0.5086223 
D          0.9254361 0.5588987 0.8186783 0.0000000 0.9548596 0.7555596 0.5527298 0.7818525 0.6094243 0.5876153 
E          0.9801944 0.5999490 0.8703357 0.9548596 0.0000000 0.8368752 0.6130146 0.8957905 0.6495849 0.6893101 
F          0.7327017 0.4147756 0.6937129 0.7555596 0.8368752 0.0000000 0.4280901 0.7034154 0.4749454 0.4717484 
G          0.5849301 0.2437594 0.4930789 0.5527298 0.6130146 0.4280901 0.0000000 0.5111865 0.2992527 0.3102903 
H          0.7485382 0.5324372 0.7857411 0.7818525 0.8957905 0.7034154 0.5111865 0.0000000 0.5563304 0.5292006 
I          0.6070031 0.2614636 0.5691532 0.6094243 0.6495849 0.4749454 0.2992527 0.5563304 0.0000000 0.3265817 
J          0.6380577 0.2850987 0.5086223 0.5876153 0.6893101 0.4717484 0.3102903 0.5292006 0.3265817 0.0000000 
