10
A          0.0000000 0.6268197 1.1175309 0.8265906 1.0914446 0.8808127 0.6952525 1.1931930 0.7172942 0.7660775 
B          0.6268197 0.0000000 0.7402440 0.4486406 0.6414675 0.5241175 0.1987664 0.6187004 0.3243987 0.3331775 
C          1.1175309 0.7402440 0.0000000 1.0025248 1.0523969 1.0270524 0.7057931 1.1262680 0.7567403 0.7600866 
D          0.8265906 0.4486406 1.0025248 0.0000000 0.9352756 0.8135337 0.4631330 0.9224592 0.4880225 0.6503972 
E          1.0914446 0.6414675 1.0523969 0.9352756 0.0000000 0.9138886 0.6158631 1.0759355 0.7250309 0.7756332 
F          0.8808127 0.5241175 1.0270524 0.8135337 0.9138886 0.0000000 0.4954072 0.8716884 0.6102089 0.6332880 
G          0.6952525 0.1987664 0.7057931 0.4631330 0.6158631 0.4954072 0.0000000 0.6639731 0.3045769 0.3588900 
H          1.1931930 0.6187004 1.1262680 0.9224592 1.0759355 0.8716884 0.6639731 0.0000000 0.7183290 0.7267492 
I          0.7172942 0.3243987 0.7567403 0.4880225 0.7250309 0.6102089 0.3045769 0.7183290 0.0000000 0.4361848 
J          0.7660775 0.3331775 0.7600866 0.6503972 0.7756332 0.6332880 0.3588900 0.7267492 0.4361848 0.0000000 
