10
A          0.0000000 0.5151687 0.8929377 0.8135984 0.9631673 0.7952193 0.6462604 0.9650360 0.7132184 0.6271916 
B          0.5151687 0.0000000 0.5710542 0.4842276 0.5755952 0.4368880 0.2271061 0.5402104 0.2825370 0.2388743 
C          0.8929377 0.5710542 0.0000000 0.9337219 0.9544849 0.8712495 0.6935675 0.8659792 0.7766058 0.5819799 
D          0.8135984 0.4842276 0.9337219 0.0000000 0.9231672 0.6845154 0.5199130 0.8126155 0.5933232 0.4977910 
E          0.9631673 0.5755952 0.9544849 0.9231672 0.0000000 0.9066152 0.6610844 0.9748469 0.7222296 0.6537594 
F          0.7952193 0.4368880 0.8712495 0.6845154 0.9066152 0.0000000 0.5031793 0.7965537 0.4600999 0.5143527 
G          0.6462604 0.2271061 0.6935675 0.5199130 0.6610844 0.5031793 0.0000000 0.6144299 0.3356681 0.3361020 
H          0.9650360 0.5402104 0.8659792 0.8126155 0.9748469 0.7965537 0.6144299 0.0000000 0.5923464 0.6182940 
I          0.7132184 0.2825370 0.7766058 0.5933232 0.7222296 0.4600999 0.3356681 0.5923464 0.0000000 0.3373873 
J          0.6271916 0.2388743 0.5819799 0.4977910 0.6537594 0.5143527 0.3361020 0.6182940 0.3373873 0.0000000 
