10
A          0.0000000 0.7275739 1.0529283 0.9836042 1.0096522 0.9646754 0.7163801 1.0168220 0.8539306 0.6738594 
B          0.7275739 0.0000000 0.7896461 0.5918251 0.8099911 0.5535776 0.3180456 0.5404593 0.4072012 0.4119678 
C          1.0529283 0.7896461 0.0000000 1.3164815 0.9759209 1.0440546 0.8866081 1.2120981 0.9302847 0.8449645 
D          0.9836042 0.5918251 1.3164815 0.0000000 1.0501054 0.8491030 0.4227439 0.9611956 0.5478335 0.6998190 
E          1.0096522 0.8099911 0.9759209 1.0501054 0.0000000 0.8666812 0.8138504 1.1095176 0.8874777 0.7563487 
F          0.9646754 0.5535776 1.0440546 0.8491030 0.8666812 0.0000000 0.5861376 0.9160249 0.6354271 0.6734586 
G          0.7163801 0.3180456 0.8866081 0.4227439 0.8138504 0.5861376 0.0000000 0.6224088 0.3149028 0.4113846 
H          1.0168220 0.5404593 1.2120981 0.9611956 1.1095176 0.9160249 0.6224088 0.0000000 0.7104934 0.6824590 
I          0.8539306 0.4072012 0.9302847 0.5478335 0.8874777 0.6354271 0.3149028 0.7104934 0.0000000 0.5193542 
J          0.6738594 0.4119678 0.8449645 0.6998190 0.7563487 0.6734586 0.4113846 0.6824590 0.5193542 0.0000000 
