10
A          0.0000000 0.5151648 0.5684904 0.3302357 0.3795114 0.6799734 0.2809609 0.4539878 0.3591408 0.6133993 
B          0.5151648 0.0000000 0.3981891 0.4523378 0.2947764 0.6878660 0.4518641 0.6721660 0.3375552 0.7213351 
C          0.5684904 0.3981891 0.0000000 0.4544267 0.3138776 0.7022477 0.5097655 0.6835898 0.3507720 0.6737505 
D          0.3302357 0.4523378 0.4544267 0.0000000 0.2875278 0.5187733 0.2614530 0.5141532 0.2613075 0.5716722 
E          0.3795114 0.2947764 0.3138776 0.2875278 0.0000000 0.5924837 0.3300445 0.5094537 0.2056528 0.5466937 
F          0.6799734 0.6878660 0.7022477 0.5187733 0.5924837 0.0000000 0.6097268 0.8220318 0.6100691 0.8754215 
G          0.2809609 0.4518641 0.5097655 0.2614530 0.3300445 0.6097268 0.0000000 0.4619251 0.2610688 0.5386707 
H          0.4539878 0.6721660 0.6835898 0.5141532 0.5094537 0.8220318 0.4619251 0.0000000 0.4912265 0.8018722 
I          0.3591408 0.3375552 0.3507720 0.2613075 0.2056528 0.6100691 0.2610688 0.4912265 0.0000000 0.5024732 
J          0.6133993 0.7213351 0.6737505 0.5716722 0.5466937 0.8754215 0.5386707 0.8018722 0.5024732 0.0000000 
