10
A          0.0000000 0.3835987 0.4043286 0.2672899 0.2449474 0.5875336 0.3112571 0.4437517 0.2812643 0.5405643 
B          0.3835987 0.0000000 0.4314867 0.3264266 0.3296325 0.5998946 0.3259497 0.5370394 0.3257617 0.6696848 
C          0.4043286 0.4314867 0.0000000 0.2949974 0.3066722 0.6527938 0.3276475 0.4699535 0.3095822 0.6340644 
D          0.2672899 0.3264266 0.2949974 0.0000000 0.1940341 0.5601111 0.2165774 0.4020408 0.2080989 0.5202474 
E          0.2449474 0.3296325 0.3066722 0.1940341 0.0000000 0.5475134 0.2137314 0.3608820 0.1953479 0.5190324 
F          0.5875336 0.5998946 0.6527938 0.5601111 0.5475134 0.0000000 0.6133152 0.7105561 0.6015984 0.8892203 
G          0.3112571 0.3259497 0.3276475 0.2165774 0.2137314 0.6133152 0.0000000 0.3643765 0.2295356 0.5321956 
H          0.4437517 0.5370394 0.4699535 0.4020408 0.3608820 0.7105561 0.3643765 0.0000000 0.3953282 0.7424702 
I          0.2812643 0.3257617 0.3095822 0.2080989 0.1953479 0.6015984 0.2295356 0.3953282 0.0000000 0.5345586 
J          0.5405643 0.6696848 0.6340644 0.5202474 0.5190324 0.8892203 0.5321956 0.7424702 0.5345586 0.0000000 
