10
A          0.0000000 0.4297901 0.3987249 0.2669009 0.2655712 0.5515679 0.2749350 0.4354123 0.2986638 0.5948820 
B          0.4297901 0.0000000 0.4107223 0.3578450 0.3175913 0.6094693 0.3365305 0.5537033 0.3487123 0.6459642 
C          0.3987249 0.4107223 0.0000000 0.3652128 0.3115733 0.6106122 0.3533183 0.4435969 0.3331454 0.6604082 
D          0.2669009 0.3578450 0.3652128 0.0000000 0.2142025 0.4782080 0.2315802 0.3941253 0.2348417 0.5917712 
E          0.2655712 0.3175913 0.3115733 0.2142025 0.0000000 0.4834026 0.1939344 0.3845740 0.1862738 0.5291833 
F          0.5515679 0.6094693 0.6106122 0.4782080 0.4834026 0.0000000 0.4733563 0.4987384 0.4938545 0.8724353 
G          0.2749350 0.3365305 0.3533183 0.2315802 0.1939344 0.4733563 0.0000000 0.3772789 0.2363114 0.5843870 
H          0.4354123 0.5537033 0.4435969 0.3941253 0.3845740 0.4987384 0.3772789 0.0000000 0.3662109 0.7042941 
I          0.2986638 0.3487123 0.3331454 0.2348417 0.1862738 0.4938545 0.2363114 0.3662109 0.0000000 0.5860823 
J          0.5948820 0.6459642 0.6604082 0.5917712 0.5291833 0.8724353 0.5843870 0.7042941 0.5860823 0.0000000 
