10
A          0.0000000 0.3569400 0.3087925 0.2097879 0.2098652 0.5465633 0.2196681 0.3597756 0.2211461 0.5041559 
B          0.3569400 0.0000000 0.4222295 0.3775554 0.3263755 0.7506060 0.3323280 0.4988059 0.3358754 0.6065911 
C          0.3087925 0.4222295 0.0000000 0.2964891 0.2790273 0.7090099 0.3231042 0.4823830 0.2954349 0.6299341 
D          0.2097879 0.3775554 0.2964891 0.0000000 0.1794647 0.4573442 0.2220915 0.3683820 0.2090419 0.4917613 
E          0.2098652 0.3263755 0.2790273 0.1794647 0.0000000 0.5402300 0.2059618 0.3203036 0.1893284 0.4945808 
F          0.5465633 0.7506060 0.7090099 0.4573442 0.5402300 0.0000000 0.5389570 0.7742843 0.5272240 0.8056850 
G          0.2196681 0.3323280 0.3231042 0.2220915 0.2059618 0.5389570 0.0000000 0.3418727 0.2077639 0.5254539 
H          0.3597756 0.4988059 0.4823830 0.3683820 0.3203036 0.7742843 0.3418727 0.0000000 0.3372219 0.6548925 
I          0.2211461 0.3358754 0.2954349 0.2090419 0.1893284 0.5272240 0.2077639 0.3372219 0.0000000 0.5150645 
J          0.5041559 0.6065911 0.6299341 0.4917613 0.4945808 0.8056850 0.5254539 0.6548925 0.5150645 0.0000000 
