10
A          0.0000000 0.3706993 0.3422471 0.2505560 0.2655550 0.5306628 0.2533202 0.3256825 0.2261688 0.6850306 
B          0.3706993 0.0000000 0.3837300 0.2995990 0.2916214 0.4939619 0.3181028 0.4486214 0.2813584 0.6627906 
C          0.3422471 0.3837300 0.0000000 0.3079385 0.2832081 0.5477920 0.3222369 0.4273363 0.2918717 0.6800369 
D          0.2505560 0.2995990 0.3079385 0.0000000 0.2439278 0.4411047 0.2290105 0.3257628 0.1912004 0.6062635 
E          0.2655550 0.2916214 0.2832081 0.2439278 0.0000000 0.4539467 0.2397064 0.3642905 0.2236960 0.5741867 
F          0.5306628 0.4939619 0.5477920 0.4411047 0.4539467 0.0000000 0.4545666 0.5562017 0.4339980 0.8784778 
G          0.2533202 0.3181028 0.3222369 0.2290105 0.2397064 0.4545666 0.0000000 0.3815120 0.1995223 0.6410651 
H          0.3256825 0.4486214 0.4273363 0.3257628 0.3642905 0.5562017 0.3815120 0.0000000 0.3274818 0.7205772 
I          0.2261688 0.2813584 0.2918717 0.1912004 0.2236960 0.4339980 0.1995223 0.3274818 0.0000000 0.6069147 
J          0.6850306 0.6627906 0.6800369 0.6062635 0.5741867 0.8784778 0.6410651 0.7205772 0.6069147 0.0000000 
