10
A          0.0000000 0.3503592 0.3052631 0.2208626 0.2161936 0.4972827 0.2334888 0.3626576 0.2276573 0.5892237 
B          0.3503592 0.0000000 0.3780247 0.3139021 0.3267221 0.6146794 0.3665541 0.5240365 0.3312175 0.7026930 
C          0.3052631 0.3780247 0.0000000 0.2868202 0.2652249 0.5018457 0.3377001 0.4408344 0.2938473 0.7197673 
D          0.2208626 0.3139021 0.2868202 0.0000000 0.1991468 0.4662193 0.2244164 0.3411749 0.1964545 0.5822839 
E          0.2161936 0.3267221 0.2652249 0.1991468 0.0000000 0.4653085 0.2212876 0.3725449 0.2043779 0.6138956 
F          0.4972827 0.6146794 0.5018457 0.4662193 0.4653085 0.0000000 0.5378013 0.6624427 0.4895788 0.8572613 
G          0.2334888 0.3665541 0.3377001 0.2244164 0.2212876 0.5378013 0.0000000 0.3597228 0.2352280 0.6135995 
H          0.3626576 0.5240365 0.4408344 0.3411749 0.3725449 0.6624427 0.3597228 0.0000000 0.3521306 0.7962232 
I          0.2276573 0.3312175 0.2938473 0.1964545 0.2043779 0.4895788 0.2352280 0.3521306 0.0000000 0.5564230 
J          0.5892237 0.7026930 0.7197673 0.5822839 0.6138956 0.8572613 0.6135995 0.7962232 0.5564230 0.0000000 
