10
A          0.0000000 0.3276966 0.3557298 0.2777682 0.2228611 0.5247230 0.2464696 0.4003518 0.2298088 0.5683003 
B          0.3276966 0.0000000 0.3859995 0.3766901 0.2931606 0.5941218 0.3444367 0.4513288 0.3446835 0.6425591 
C          0.3557298 0.3859995 0.0000000 0.3773908 0.3014442 0.6011919 0.3099521 0.4963257 0.3023879 0.6338579 
D          0.2777682 0.3766901 0.3773908 0.0000000 0.2258992 0.5868453 0.2493016 0.3718600 0.2411089 0.6149515 
E          0.2228611 0.2931606 0.3014442 0.2258992 0.0000000 0.4666409 0.2016610 0.3447974 0.2117265 0.5676939 
F          0.5247230 0.5941218 0.6011919 0.5868453 0.4666409 0.0000000 0.4392501 0.6168864 0.4646233 0.8366470 
G          0.2464696 0.3444367 0.3099521 0.2493016 0.2016610 0.4392501 0.0000000 0.3573001 0.2140914 0.5979193 
H          0.4003518 0.4513288 0.4963257 0.3718600 0.3447974 0.6168864 0.3573001 0.0000000 0.3289306 0.6853416 
I          0.2298088 0.3446835 0.3023879 0.2411089 0.2117265 0.4646233 0.2140914 0.3289306 0.0000000 0.5311104 
J          0.5683003 0.6425591 0.6338579 0.6149515 0.5676939 0.8366470 0.5979193 0.6853416 0.5311104 0.0000000 
