10
A          0.0000000 0.5034989 0.4850979 0.3013871 0.2996564 0.5482969 0.2640225 0.3964679 0.2579670 0.5722191 
B          0.5034989 0.0000000 0.4877440 0.5296347 0.4023388 0.7486323 0.4986467 0.6578567 0.4289786 0.7282453 
C          0.4850979 0.4877440 0.0000000 0.4897860 0.3295029 0.7841533 0.4134329 0.5914264 0.3767222 0.7004271 
D          0.3013871 0.5296347 0.4897860 0.0000000 0.3204991 0.5243364 0.2797241 0.4745247 0.2766591 0.6054565 
E          0.2996564 0.4023388 0.3295029 0.3204991 0.0000000 0.5476852 0.2803267 0.4655979 0.2274390 0.5292163 
F          0.5482969 0.7486323 0.7841533 0.5243364 0.5476852 0.0000000 0.4639965 0.7564915 0.5328428 0.7438456 
G          0.2640225 0.4986467 0.4134329 0.2797241 0.2803267 0.4639965 0.0000000 0.4202410 0.2572706 0.5387184 
H          0.3964679 0.6578567 0.5914264 0.4745247 0.4655979 0.7564915 0.4202410 0.0000000 0.4240916 0.8143381 
I          0.2579670 0.4289786 0.3767222 0.2766591 0.2274390 0.5328428 0.2572706 0.4240916 0.0000000 0.4573685 
J          0.5722191 0.7282453 0.7004271 0.6054565 0.5292163 0.7438456 0.5387184 0.8143381 0.4573685 0.0000000 
