10
A          0.0000000 0.6000834 0.9486638 0.7221133 0.9696799 0.8212186 0.6323413 0.8902842 0.6862224 0.3333563 
B          0.6000834 0.0000000 0.5599607 0.6094498 0.6097483 0.7077210 0.5910949 0.5515425 0.6661862 0.3774554 
C          0.9486638 0.5599607 0.0000000 0.9504833 0.9618437 1.1386455 0.9645911 0.9652141 1.0148551 0.6965913 
D          0.7221133 0.6094498 0.9504833 0.0000000 1.0442640 0.9514898 0.8694148 0.9851998 0.8456901 0.5175724 
E          0.9696799 0.6097483 0.9618437 1.0442640 0.0000000 1.1877842 0.9649313 0.8907753 1.0600550 0.7308366 
F          0.8212186 0.7077210 1.1386455 0.9514898 1.1877842 0.0000000 0.8539871 1.0710775 0.7742101 0.6257281 
G          0.6323413 0.5910949 0.9645911 0.8694148 0.9649313 0.8539871 0.0000000 0.8813042 0.5877827 0.4059918 
H          0.8902842 0.5515425 0.9652141 0.9851998 0.8907753 1.0710775 0.8813042 0.0000000 0.9477549 0.6490460 
I          0.6862224 0.6661862 1.0148551 0.8456901 1.0600550 0.7742101 0.5877827 0.9477549 0.0000000 0.4476049 
J          0.3333563 0.3774554 0.6965913 0.5175724 0.7308366 0.6257281 0.4059918 0.6490460 0.4476049 0.0000000 
