10
A          0.0000000 0.5746625 0.8913702 0.7353078 0.8617862 0.6579797 0.6061561 0.6972658 0.5336680 0.3442634 
B          0.5746625 0.0000000 0.5862769 0.6959128 0.6453597 0.6723227 0.5512184 0.5691190 0.5438501 0.3225182 
C          0.8913702 0.5862769 0.0000000 0.9833101 0.9560602 1.0583766 0.8605285 0.9088217 0.7579509 0.6750751 
D          0.7353078 0.6959128 0.9833101 0.0000000 1.1137896 0.9101256 0.7818737 0.8687462 0.7760904 0.5479961 
E          0.8617862 0.6453597 0.9560602 1.1137896 0.0000000 0.9255709 0.8180892 1.0190243 0.8106770 0.6365446 
F          0.6579797 0.6723227 1.0583766 0.9101256 0.9255709 0.0000000 0.7059480 0.8931078 0.6760980 0.4846776 
G          0.6061561 0.5512184 0.8605285 0.7818737 0.8180892 0.7059480 0.0000000 0.7609990 0.5065359 0.4102400 
H          0.6972658 0.5691190 0.9088217 0.8687462 1.0190243 0.8931078 0.7609990 0.0000000 0.7847286 0.5442308 
I          0.5336680 0.5438501 0.7579509 0.7760904 0.8106770 0.6760980 0.5065359 0.7847286 0.0000000 0.3864496 
J          0.3442634 0.3225182 0.6750751 0.5479961 0.6365446 0.4846776 0.4102400 0.5442308 0.3864496 0.0000000 
