10
A          0.0000000 0.4783976 0.6996646 0.7680500 0.8615013 0.7354779 0.5778025 0.7724655 0.5032172 0.3569094 
B          0.4783976 0.0000000 0.5768514 0.6280293 0.6703361 0.6359570 0.4538254 0.5761390 0.4040315 0.2120752 
C          0.6996646 0.5768514 0.0000000 0.9398734 1.0025569 0.9388337 0.8408923 1.0303581 0.6110683 0.4947349 
D          0.7680500 0.6280293 0.9398734 0.0000000 0.9507564 0.8736428 0.7521332 0.9481534 0.7679358 0.5211974 
E          0.8615013 0.6703361 1.0025569 0.9507564 0.0000000 0.9079998 0.9066380 1.0695815 0.8171707 0.6066317 
F          0.7354779 0.6359570 0.9388337 0.8736428 0.9079998 0.0000000 0.7882329 0.9816261 0.7336477 0.5008065 
G          0.5778025 0.4538254 0.8408923 0.7521332 0.9066380 0.7882329 0.0000000 0.7635888 0.5589110 0.3579380 
H          0.7724655 0.5761390 1.0303581 0.9481534 1.0695815 0.9816261 0.7635888 0.0000000 0.7056270 0.5368691 
I          0.5032172 0.4040315 0.6110683 0.7679358 0.8171707 0.7336477 0.5589110 0.7056270 0.0000000 0.3043934 
J          0.3569094 0.2120752 0.4947349 0.5211974 0.6066317 0.5008065 0.3579380 0.5368691 0.3043934 0.0000000 
