10
A          0.0000000 0.3817457 0.5765608 0.6685692 0.7037294 0.6770808 0.4517249 0.6517270 0.4490203 0.3001816 
B          0.3817457 0.0000000 0.4517092 0.5169612 0.4695081 0.5446398 0.3482812 0.4569464 0.3305319 0.1741242 
C          0.5765608 0.4517092 0.0000000 0.7724995 0.6350284 0.7936678 0.5354212 0.6910164 0.5666151 0.4031830 
D          0.6685692 0.5169612 0.7724995 0.0000000 0.7695942 0.8665559 0.6619979 0.7286540 0.6227190 0.4393611 
E          0.7037294 0.4695081 0.6350284 0.7695942 0.0000000 0.8563914 0.6138075 0.8513078 0.5913614 0.4154639 
F          0.6770808 0.5446398 0.7936678 0.8665559 0.8563914 0.0000000 0.6334359 0.6602617 0.6161070 0.4585791 
G          0.4517249 0.3482812 0.5354212 0.6619979 0.6138075 0.6334359 0.0000000 0.5624019 0.4461398 0.2741332 
H          0.6517270 0.4569464 0.6910164 0.7286540 0.8513078 0.6602617 0.5624019 0.0000000 0.6127630 0.4338472 
I          0.4490203 0.3305319 0.5666151 0.6227190 0.5913614 0.6161070 0.4461398 0.6127630 0.0000000 0.2653982 
J          0.3001816 0.1741242 0.4031830 0.4393611 0.4154639 0.4585791 0.2741332 0.4338472 0.2653982 0.0000000 
