10
A          0.0000000 0.3793066 0.7571303 0.6859961 0.9048938 0.7926695 0.5437269 0.5987733 0.5201490 0.3704814 
B          0.3793066 0.0000000 0.5353697 0.5166552 0.6856879 0.5676675 0.3761704 0.3950176 0.3635244 0.1683717 
C          0.7571303 0.5353697 0.0000000 0.8041343 0.9718099 0.9886812 0.6744761 0.7935564 0.6815804 0.4899091 
D          0.6859961 0.5166552 0.8041343 0.0000000 0.8970509 0.9991347 0.7386767 0.7180634 0.6720110 0.5081677 
E          0.9048938 0.6856879 0.9718099 0.8970509 0.0000000 1.0081410 0.8588486 0.9452855 0.7439948 0.6182267 
F          0.7926695 0.5676675 0.9886812 0.9991347 1.0081410 0.0000000 0.7572508 0.8161012 0.7747616 0.6144058 
G          0.5437269 0.3761704 0.6744761 0.7386767 0.8588486 0.7572508 0.0000000 0.6413789 0.5062944 0.3220266 
H          0.5987733 0.3950176 0.7935564 0.7180634 0.9452855 0.8161012 0.6413789 0.0000000 0.5821948 0.4300905 
I          0.5201490 0.3635244 0.6815804 0.6720110 0.7439948 0.7747616 0.5062944 0.5821948 0.0000000 0.3595224 
J          0.3704814 0.1683717 0.4899091 0.5081677 0.6182267 0.6144058 0.3220266 0.4300905 0.3595224 0.0000000 
