10
A          0.0000000 0.4075782 0.6549470 0.6373369 0.6224216 0.6874063 0.4844508 0.7056801 0.4639545 0.3337151 
B          0.4075782 0.0000000 0.4790045 0.5257259 0.4942832 0.5010974 0.3018282 0.5023765 0.3311621 0.1752058 
C          0.6549470 0.4790045 0.0000000 0.7794638 0.7599023 0.7476527 0.5717222 0.7404323 0.5965091 0.4171517 
D          0.6373369 0.5257259 0.7794638 0.0000000 0.7971503 0.7349926 0.6146612 0.7147745 0.5835250 0.4230927 
E          0.6224216 0.4942832 0.7599023 0.7971503 0.0000000 0.7657869 0.6235049 0.7209694 0.5735327 0.4310443 
F          0.6874063 0.5010974 0.7476527 0.7349926 0.7657869 0.0000000 0.6219705 0.7522864 0.5576015 0.4342817 
G          0.4844508 0.3018282 0.5717222 0.6146612 0.6235049 0.6219705 0.0000000 0.5991309 0.4105781 0.2622586 
H          0.7056801 0.5023765 0.7404323 0.7147745 0.7209694 0.7522864 0.5991309 0.0000000 0.5794638 0.4547930 
I          0.4639545 0.3311621 0.5965091 0.5835250 0.5735327 0.5576015 0.4105781 0.5794638 0.0000000 0.2651872 
J          0.3337151 0.1752058 0.4171517 0.4230927 0.4310443 0.4342817 0.2622586 0.4547930 0.2651872 0.0000000 
