10
A          0.0000000 0.3917893 0.6186131 0.6205212 0.6382352 0.6717114 0.4610573 0.5569779 0.4803749 0.3066995 
B          0.3917893 0.0000000 0.4791618 0.4903585 0.4751834 0.5392547 0.3611991 0.3766363 0.3268291 0.1880265 
C          0.6186131 0.4791618 0.0000000 0.6898953 0.6711949 0.7645803 0.5627839 0.6174644 0.5575249 0.4464603 
D          0.6205212 0.4903585 0.6898953 0.0000000 0.8387853 0.7303622 0.6068576 0.6465363 0.6155462 0.4299642 
E          0.6382352 0.4751834 0.6711949 0.8387853 0.0000000 0.7742947 0.6271916 0.6303980 0.6031488 0.4357043 
F          0.6717114 0.5392547 0.7645803 0.7303622 0.7742947 0.0000000 0.5561796 0.6701518 0.5628128 0.4272752 
G          0.4610573 0.3611991 0.5627839 0.6068576 0.6271916 0.5561796 0.0000000 0.5220465 0.3712820 0.2595080 
H          0.5569779 0.3766363 0.6174644 0.6465363 0.6303980 0.6701518 0.5220465 0.0000000 0.5020594 0.3494559 
I          0.4803749 0.3268291 0.5575249 0.6155462 0.6031488 0.5628128 0.3712820 0.5020594 0.0000000 0.2615599 
J          0.3066995 0.1880265 0.4464603 0.4299642 0.4357043 0.4272752 0.2595080 0.3494559 0.2615599 0.0000000 
