10
A          0.0000000 0.3955910 0.6609962 0.6604995 0.8864722 0.7128189 0.4920605 0.6719792 0.5082343 0.3422466 
B          0.3955910 0.0000000 0.5600807 0.5279149 0.6374736 0.5770394 0.3599358 0.4725292 0.3690615 0.1846064 
C          0.6609962 0.5600807 0.0000000 0.8061803 1.0517265 0.9138689 0.6203235 0.8219177 0.6802996 0.5236045 
D          0.6604995 0.5279149 0.8061803 0.0000000 0.9464362 0.8499767 0.6153388 0.7800214 0.6334266 0.4705922 
E          0.8864722 0.6374736 1.0517265 0.9464362 0.0000000 0.9538754 0.8296379 1.0622040 0.7554040 0.6076301 
F          0.7128189 0.5770394 0.9138689 0.8499767 0.9538754 0.0000000 0.6567329 0.7637066 0.7414966 0.5341408 
G          0.4920605 0.3599358 0.6203235 0.6153388 0.8296379 0.6567329 0.0000000 0.6471664 0.4785907 0.3173287 
H          0.6719792 0.4725292 0.8219177 0.7800214 1.0622040 0.7637066 0.6471664 0.0000000 0.6476371 0.4192339 
I          0.5082343 0.3690615 0.6802996 0.6334266 0.7554040 0.7414966 0.4785907 0.6476371 0.0000000 0.3286576 
J          0.3422466 0.1846064 0.5236045 0.4705922 0.6076301 0.5341408 0.3173287 0.4192339 0.3286576 0.0000000 
