10
A          0.0000000 0.4488524 0.7103569 0.7704774 0.6815727 0.7251863 0.6467249 0.6826537 0.5703211 0.3373882 
B          0.4488524 0.0000000 0.6065675 0.5846604 0.5105027 0.6460878 0.4178032 0.4929147 0.4128525 0.2260593 
C          0.7103569 0.6065675 0.0000000 0.8270587 0.7887247 0.8495183 0.6744900 0.7342553 0.6585427 0.4770518 
D          0.7704774 0.5846604 0.8270587 0.0000000 0.7844087 0.8617603 0.7398799 0.7448813 0.6676922 0.5486666 
E          0.6815727 0.5105027 0.7887247 0.7844087 0.0000000 0.8743227 0.6210530 0.7093695 0.5987113 0.4467249 
F          0.7251863 0.6460878 0.8495183 0.8617603 0.8743227 0.0000000 0.7964729 0.7599353 0.7125122 0.5422814 
G          0.6467249 0.4178032 0.6744900 0.7398799 0.6210530 0.7964729 0.0000000 0.6168792 0.5200886 0.3666971 
H          0.6826537 0.4929147 0.7342553 0.7448813 0.7093695 0.7599353 0.6168792 0.0000000 0.5796878 0.4368630 
I          0.5703211 0.4128525 0.6585427 0.6676922 0.5987113 0.7125122 0.5200886 0.5796878 0.0000000 0.3303768 
J          0.3373882 0.2260593 0.4770518 0.5486666 0.4467249 0.5422814 0.3666971 0.4368630 0.3303768 0.0000000 
