10
A          0.0000000 0.4488365 0.6640716 0.6506252 0.6468804 0.6722497 0.4682243 0.6545052 0.5418414 0.3597353 
B          0.4488365 0.0000000 0.4825937 0.5410044 0.5129502 0.5205709 0.3813717 0.4818340 0.3767203 0.2546434 
C          0.6640716 0.4825937 0.0000000 0.7160992 0.7428432 0.7363237 0.6136967 0.7155756 0.6461893 0.4709249 
D          0.6506252 0.5410044 0.7160992 0.0000000 0.8085496 0.8361147 0.6773233 0.7136744 0.7018234 0.4822081 
E          0.6468804 0.5129502 0.7428432 0.8085496 0.0000000 0.7359075 0.6535017 0.7500675 0.7086328 0.5716784 
F          0.6722497 0.5205709 0.7363237 0.8361147 0.7359075 0.0000000 0.5598346 0.7800249 0.6129856 0.4848160 
G          0.4682243 0.3813717 0.6136967 0.6773233 0.6535017 0.5598346 0.0000000 0.6438581 0.4213636 0.3154140 
H          0.6545052 0.4818340 0.7155756 0.7136744 0.7500675 0.7800249 0.6438581 0.0000000 0.6611827 0.4835830 
I          0.5418414 0.3767203 0.6461893 0.7018234 0.7086328 0.6129856 0.4213636 0.6611827 0.0000000 0.3401097 
J          0.3597353 0.2546434 0.4709249 0.4822081 0.5716784 0.4848160 0.3154140 0.4835830 0.3401097 0.0000000 
