10
A          0.0000000 0.8166975 0.4454063 0.3894284 0.5845406 0.3698182 0.4534357 0.6486506 0.6008023 0.7881336 
B          0.8166975 0.0000000 0.6265157 0.6173283 0.7632931 0.5475011 0.6500405 0.7810918 0.7326940 0.8845839 
C          0.4454063 0.6265157 0.0000000 0.2436187 0.4310164 0.2389224 0.2982948 0.4951710 0.4313452 0.5846323 
D          0.3894284 0.6173283 0.2436187 0.0000000 0.4091836 0.1738502 0.2324679 0.4363138 0.3993568 0.5562354 
E          0.5845406 0.7632931 0.4310164 0.4091836 0.0000000 0.3969343 0.4341596 0.6285781 0.5215037 0.7836306 
F          0.3698182 0.5475011 0.2389224 0.1738502 0.3969343 0.0000000 0.2133858 0.4127034 0.3798791 0.5489967 
G          0.4534357 0.6500405 0.2982948 0.2324679 0.4341596 0.2133858 0.0000000 0.4540079 0.4123436 0.5503757 
H          0.6486506 0.7810918 0.4951710 0.4363138 0.6285781 0.4127034 0.4540079 0.0000000 0.6353525 0.9013499 
I          0.6008023 0.7326940 0.4313452 0.3993568 0.5215037 0.3798791 0.4123436 0.6353525 0.0000000 0.7680650 
J          0.7881336 0.8845839 0.5846323 0.5562354 0.7836306 0.5489967 0.5503757 0.9013499 0.7680650 0.0000000 
