10
A          0.0000000 0.9330739 0.5066727 0.4726817 0.6604485 0.4298603 0.5289808 0.6611667 0.5905151 0.7964285 
B          0.9330739 0.0000000 0.6799869 0.6736724 0.8860600 0.6324933 0.6841984 0.9022724 0.7872476 1.1271447 
C          0.5066727 0.6799869 0.0000000 0.2682974 0.4963468 0.2406915 0.3023469 0.4314139 0.3540036 0.6608617 
D          0.4726817 0.6736724 0.2682974 0.0000000 0.4426615 0.1791898 0.2736110 0.3956315 0.3576769 0.6059641 
E          0.6604485 0.8860600 0.4963468 0.4426615 0.0000000 0.4229643 0.5138281 0.5322162 0.5266637 0.8087576 
F          0.4298603 0.6324933 0.2406915 0.1791898 0.4229643 0.0000000 0.2597555 0.3756437 0.3419745 0.5520000 
G          0.5289808 0.6841984 0.3023469 0.2736110 0.5138281 0.2597555 0.0000000 0.4347559 0.4495302 0.6820466 
H          0.6611667 0.9022724 0.4314139 0.3956315 0.5322162 0.3756437 0.4347559 0.0000000 0.5044031 0.7892181 
I          0.5905151 0.7872476 0.3540036 0.3576769 0.5266637 0.3419745 0.4495302 0.5044031 0.0000000 0.7490369 
J          0.7964285 1.1271447 0.6608617 0.6059641 0.8087576 0.5520000 0.6820466 0.7892181 0.7490369 0.0000000 
