10
A          0.0000000 0.8993497 0.5446181 0.4395084 0.6646152 0.3687919 0.4846998 0.6347918 0.7364797 0.8141539 
B          0.8993497 0.0000000 0.8819571 0.6681067 0.8598046 0.6629066 0.7846377 1.0315485 0.9873665 0.9600051 
C          0.5446181 0.8819571 0.0000000 0.3323148 0.5809135 0.2832415 0.4185614 0.5865417 0.6422108 0.6948634 
D          0.4395084 0.6681067 0.3323148 0.0000000 0.4473186 0.1990525 0.2810304 0.4727190 0.5070321 0.5852476 
E          0.6646152 0.8598046 0.5809135 0.4473186 0.0000000 0.4257912 0.5098752 0.6764192 0.7079783 0.7868734 
F          0.3687919 0.6629066 0.2832415 0.1990525 0.4257912 0.0000000 0.2339551 0.4363751 0.4398830 0.5539174 
G          0.4846998 0.7846377 0.4185614 0.2810304 0.5098752 0.2339551 0.0000000 0.6162557 0.5958052 0.6389965 
H          0.6347918 1.0315485 0.5865417 0.4727190 0.6764192 0.4363751 0.6162557 0.0000000 0.7655689 0.8862917 
I          0.7364797 0.9873665 0.6422108 0.5070321 0.7079783 0.4398830 0.5958052 0.7655689 0.0000000 0.8057692 
J          0.8141539 0.9600051 0.6948634 0.5852476 0.7868734 0.5539174 0.6389965 0.8862917 0.8057692 0.0000000 
