10
A          0.0000000 0.7821828 0.4354679 0.4068636 0.5863515 0.3809072 0.4681127 0.6191397 0.6623104 0.7515581 
B          0.7821828 0.0000000 0.6225453 0.6398541 0.8697181 0.5448591 0.7080960 0.9265096 0.8756570 0.9605360 
C          0.4354679 0.6225453 0.0000000 0.2525896 0.4763507 0.2191977 0.3158865 0.4951210 0.4928322 0.6591329 
D          0.4068636 0.6398541 0.2525896 0.0000000 0.3996485 0.1505784 0.2645866 0.4391965 0.3941713 0.5853680 
E          0.5863515 0.8697181 0.4763507 0.3996485 0.0000000 0.3684191 0.4559869 0.7588775 0.6485018 0.7203810 
F          0.3809072 0.5448591 0.2191977 0.1505784 0.3684191 0.0000000 0.2099147 0.4054635 0.3638365 0.5304033 
G          0.4681127 0.7080960 0.3158865 0.2645866 0.4559869 0.2099147 0.0000000 0.5134142 0.4770852 0.7081758 
H          0.6191397 0.9265096 0.4951210 0.4391965 0.7588775 0.4054635 0.5134142 0.0000000 0.6905072 0.8953303 
I          0.6623104 0.8756570 0.4928322 0.3941713 0.6485018 0.3638365 0.4770852 0.6905072 0.0000000 0.8402757 
J          0.7515581 0.9605360 0.6591329 0.5853680 0.7203810 0.5304033 0.7081758 0.8953303 0.8402757 0.0000000 
