10
A          0.0000000 0.7594321 0.5912334 0.4281755 0.5959163 0.3943758 0.5149368 0.6647525 0.6706838 0.9057237 
B          0.7594321 0.0000000 0.6044654 0.5711004 0.7797654 0.4904755 0.5623546 0.7230403 0.7420562 1.0373140 
C          0.5912334 0.6044654 0.0000000 0.2767278 0.5233622 0.2968695 0.3758372 0.4985984 0.5408757 0.7484858 
D          0.4281755 0.5711004 0.2767278 0.0000000 0.4145339 0.1869123 0.2677433 0.4439247 0.4314287 0.6440513 
E          0.5959163 0.7797654 0.5233622 0.4145339 0.0000000 0.4014279 0.4929058 0.7401721 0.5866082 0.8111730 
F          0.3943758 0.4904755 0.2968695 0.1869123 0.4014279 0.0000000 0.1935777 0.4123693 0.4463029 0.5506388 
G          0.5149368 0.5623546 0.3758372 0.2677433 0.4929058 0.1935777 0.0000000 0.5293553 0.4825583 0.6311729 
H          0.6647525 0.7230403 0.4985984 0.4439247 0.7401721 0.4123693 0.5293553 0.0000000 0.7132980 0.9245532 
I          0.6706838 0.7420562 0.5408757 0.4314287 0.5866082 0.4463029 0.4825583 0.7132980 0.0000000 0.9207527 
J          0.9057237 1.0373140 0.7484858 0.6440513 0.8111730 0.5506388 0.6311729 0.9245532 0.9207527 0.0000000 
