10
A          0.0000000 1.0059300 0.6476914 0.4875496 0.7765726 0.4598035 0.5935610 0.8158272 0.8855798 0.9579952 
B          1.0059300 0.0000000 0.7151450 0.6073796 0.8149454 0.5372214 0.6636594 0.8261291 0.8500129 1.1311188 
C          0.6476914 0.7151450 0.0000000 0.3233879 0.5916464 0.2838263 0.4042642 0.6242558 0.6438973 0.7690832 
D          0.4875496 0.6073796 0.3233879 0.0000000 0.5095325 0.1832642 0.2739354 0.4661864 0.4944681 0.6134451 
E          0.7765726 0.8149454 0.5916464 0.5095325 0.0000000 0.4416415 0.5221377 0.6294844 0.7836797 1.0288726 
F          0.4598035 0.5372214 0.2838263 0.1832642 0.4416415 0.0000000 0.2451032 0.4563880 0.4650027 0.6250232 
G          0.5935610 0.6636594 0.4042642 0.2739354 0.5221377 0.2451032 0.0000000 0.5554229 0.5967007 0.7460992 
H          0.8158272 0.8261291 0.6242558 0.4661864 0.6294844 0.4563880 0.5554229 0.0000000 0.7254409 0.9291762 
I          0.8855798 0.8500129 0.6438973 0.4944681 0.7836797 0.4650027 0.5967007 0.7254409 0.0000000 0.9976790 
J          0.9579952 1.1311188 0.7690832 0.6134451 1.0288726 0.6250232 0.7460992 0.9291762 0.9976790 0.0000000 
