10
A          0.0000000 1.0019223 0.6430278 0.6116833 0.8812436 0.4845907 0.6304695 0.8311696 0.7874080 0.9387561 
B          1.0019223 0.0000000 0.7683575 0.6644640 0.9720096 0.6043238 0.7890119 1.0786120 0.9187496 1.0438216 
C          0.6430278 0.7683575 0.0000000 0.3576885 0.5872289 0.2714665 0.4172962 0.6247687 0.5801761 0.7199511 
D          0.6116833 0.6644640 0.3576885 0.0000000 0.5049129 0.1870395 0.3218145 0.5607997 0.4978024 0.6587105 
E          0.8812436 0.9720096 0.5872289 0.5049129 0.0000000 0.4470242 0.6084269 0.7778956 0.7157530 0.8698040 
F          0.4845907 0.6043238 0.2714665 0.1870395 0.4470242 0.0000000 0.2347134 0.4556916 0.4246495 0.5936665 
G          0.6304695 0.7890119 0.4172962 0.3218145 0.6084269 0.2347134 0.0000000 0.6150915 0.5812304 0.7070972 
H          0.8311696 1.0786120 0.6247687 0.5607997 0.7778956 0.4556916 0.6150915 0.0000000 0.7748221 0.9701058 
I          0.7874080 0.9187496 0.5801761 0.4978024 0.7157530 0.4246495 0.5812304 0.7748221 0.0000000 0.8919924 
J          0.9387561 1.0438216 0.7199511 0.6587105 0.8698040 0.5936665 0.7070972 0.9701058 0.8919924 0.0000000 
