10
A          0.0000000 0.8909344 0.6145953 0.4571568 0.7028252 0.4336995 0.5290303 0.7113306 0.7248806 0.8811614 
B          0.8909344 0.0000000 0.7298087 0.6039015 0.8270529 0.5982456 0.7592439 0.7958881 0.8437506 1.0372385 
C          0.6145953 0.7298087 0.0000000 0.3298499 0.6610345 0.3702806 0.4811257 0.5693162 0.5563171 0.8067411 
D          0.4571568 0.6039015 0.3298499 0.0000000 0.4520680 0.2215929 0.3264315 0.4828688 0.5078471 0.6530386 
E          0.7028252 0.8270529 0.6610345 0.4520680 0.0000000 0.4812523 0.5638395 0.7577210 0.7846530 0.8554549 
F          0.4336995 0.5982456 0.3702806 0.2215929 0.4812523 0.0000000 0.2169817 0.4901928 0.5380041 0.5384034 
G          0.5290303 0.7592439 0.4811257 0.3264315 0.5638395 0.2169817 0.0000000 0.6298819 0.6507737 0.5991261 
H          0.7113306 0.7958881 0.5693162 0.4828688 0.7577210 0.4901928 0.6298819 0.0000000 0.7827517 0.9827602 
I          0.7248806 0.8437506 0.5563171 0.5078471 0.7846530 0.5380041 0.6507737 0.7827517 0.0000000 0.8736908 
J          0.8811614 1.0372385 0.8067411 0.6530386 0.8554549 0.5384034 0.5991261 0.9827602 0.8736908 0.0000000 
