10
A          0.0000000 0.8183075 0.5913941 0.4024206 0.7010421 0.3653488 0.5289162 0.7123031 0.7088185 0.9645879 
B          0.8183075 0.0000000 0.6338089 0.5383585 0.8033183 0.5679216 0.6533610 0.9934407 0.8395807 0.9801707 
C          0.5913941 0.6338089 0.0000000 0.3006572 0.5041296 0.2969112 0.3774027 0.5883683 0.6266524 0.7201586 
D          0.4024206 0.5383585 0.3006572 0.0000000 0.3919481 0.1673722 0.2690355 0.4452879 0.4468759 0.6540878 
E          0.7010421 0.8033183 0.5041296 0.3919481 0.0000000 0.3945963 0.5070165 0.6899587 0.7240854 0.8402179 
F          0.3653488 0.5679216 0.2969112 0.1673722 0.3945963 0.0000000 0.2683963 0.4649492 0.4792717 0.6143839 
G          0.5289162 0.6533610 0.3774027 0.2690355 0.5070165 0.2683963 0.0000000 0.5712712 0.5843545 0.7180351 
H          0.7123031 0.9934407 0.5883683 0.4452879 0.6899587 0.4649492 0.5712712 0.0000000 0.7834648 0.9246462 
I          0.7088185 0.8395807 0.6266524 0.4468759 0.7240854 0.4792717 0.5843545 0.7834648 0.0000000 0.9630692 
J          0.9645879 0.9801707 0.7201586 0.6540878 0.8402179 0.6143839 0.7180351 0.9246462 0.9630692 0.0000000 
