10
A          0.0000000 0.6820482 0.5472579 0.5935781 0.5690466 0.4167128 0.6170665 0.7667295 0.7785962 0.4431526 
B          0.6820482 0.0000000 0.5612613 0.5802396 0.5935067 0.4374928 0.6811400 0.7032426 0.7552575 0.4253678 
C          0.5472579 0.5612613 0.0000000 0.4807838 0.4375939 0.3022441 0.5098241 0.6767170 0.6075921 0.3262293 
D          0.5935781 0.5802396 0.4807838 0.0000000 0.4449877 0.3216221 0.5067939 0.6030143 0.6429365 0.3285384 
E          0.5690466 0.5935067 0.4375939 0.4449877 0.0000000 0.2498866 0.5153525 0.5941397 0.6475167 0.2661329 
F          0.4167128 0.4374928 0.3022441 0.3216221 0.2498866 0.0000000 0.3818241 0.4497143 0.5052522 0.1579863 
G          0.6170665 0.6811400 0.5098241 0.5067939 0.5153525 0.3818241 0.0000000 0.7054673 0.7385702 0.4073363 
H          0.7667295 0.7032426 0.6767170 0.6030143 0.5941397 0.4497143 0.7054673 0.0000000 0.8340359 0.5046349 
I          0.7785962 0.7552575 0.6075921 0.6429365 0.6475167 0.5052522 0.7385702 0.8340359 0.0000000 0.5080806 
J          0.4431526 0.4253678 0.3262293 0.3285384 0.2661329 0.1579863 0.4073363 0.5046349 0.5080806 0.0000000 
