10
A          0.0000000 0.7175500 0.6255764 0.7565007 0.7014231 0.4958470 0.6251474 0.8417839 0.8786995 0.5100964 
B          0.7175500 0.0000000 0.6278355 0.7215618 0.5428071 0.5307266 0.5930819 0.9333143 0.7946135 0.5326893 
C          0.6255764 0.6278355 0.0000000 0.6890015 0.4778861 0.3472551 0.4676547 0.6748040 0.7649018 0.3091788 
D          0.7565007 0.7215618 0.6890015 0.0000000 0.5776816 0.4799422 0.5946853 0.8732488 0.7670415 0.4776127 
E          0.7014231 0.5428071 0.4778861 0.5776816 0.0000000 0.3309800 0.4987974 0.7627132 0.7188291 0.3301117 
F          0.4958470 0.5307266 0.3472551 0.4799422 0.3309800 0.0000000 0.3584388 0.5869217 0.5916550 0.1744632 
G          0.6251474 0.5930819 0.4676547 0.5946853 0.4987974 0.3584388 0.0000000 0.6590925 0.6815889 0.3589124 
H          0.8417839 0.9333143 0.6748040 0.8732488 0.7627132 0.5869217 0.6590925 0.0000000 0.9430148 0.5580414 
I          0.8786995 0.7946135 0.7649018 0.7670415 0.7188291 0.5916550 0.6815889 0.9430148 0.0000000 0.5815085 
J          0.5100964 0.5326893 0.3091788 0.4776127 0.3301117 0.1744632 0.3589124 0.5580414 0.5815085 0.0000000 
