10
A          0.0000000 0.8595784 0.5625978 0.6036960 0.5976768 0.4037046 0.6674481 0.8772226 0.8035684 0.4215999 
B          0.8595784 0.0000000 0.5844429 0.6704039 0.6418843 0.5011046 0.7815046 0.8734829 0.8060590 0.4874828 
C          0.5625978 0.5844429 0.0000000 0.4666328 0.4368450 0.3084158 0.6075855 0.7165219 0.7030676 0.3269095 
D          0.6036960 0.6704039 0.4666328 0.0000000 0.4846789 0.3293589 0.5703634 0.7700908 0.6561286 0.3238950 
E          0.5976768 0.6418843 0.4368450 0.4846789 0.0000000 0.2770605 0.5182794 0.7400757 0.6057099 0.2842869 
F          0.4037046 0.5011046 0.3084158 0.3293589 0.2770605 0.0000000 0.3870844 0.5462034 0.4620613 0.1465308 
G          0.6674481 0.7815046 0.6075855 0.5703634 0.5182794 0.3870844 0.0000000 0.9376626 0.8427523 0.3761604 
H          0.8772226 0.8734829 0.7165219 0.7700908 0.7400757 0.5462034 0.9376626 0.0000000 0.9088373 0.5919499 
I          0.8035684 0.8060590 0.7030676 0.6561286 0.6057099 0.4620613 0.8427523 0.9088373 0.0000000 0.5200336 
J          0.4215999 0.4874828 0.3269095 0.3238950 0.2842869 0.1465308 0.3761604 0.5919499 0.5200336 0.0000000 
