10
A          0.0000000 0.7897390 0.6498676 0.6040202 0.6778135 0.4828606 0.8229053 0.9852169 0.8568185 0.4780407 
B          0.7897390 0.0000000 0.5498435 0.5889032 0.5261151 0.4446969 0.6570559 0.8536985 0.7973303 0.4648251 
C          0.6498676 0.5498435 0.0000000 0.4915879 0.4979616 0.2874434 0.6008701 0.7688014 0.7145931 0.3786134 
D          0.6040202 0.5889032 0.4915879 0.0000000 0.4963658 0.3350807 0.6282337 0.8158093 0.7677458 0.3753631 
E          0.6778135 0.5261151 0.4979616 0.4963658 0.0000000 0.2913329 0.5527483 0.7008905 0.7578678 0.3216941 
F          0.4828606 0.4446969 0.2874434 0.3350807 0.2913329 0.0000000 0.3833808 0.5697677 0.5315567 0.1786953 
G          0.8229053 0.6570559 0.6008701 0.6282337 0.5527483 0.3833808 0.0000000 0.7913149 0.8289349 0.4619521 
H          0.9852169 0.8536985 0.7688014 0.8158093 0.7008905 0.5697677 0.7913149 0.0000000 1.0781119 0.6161935 
I          0.8568185 0.7973303 0.7145931 0.7677458 0.7578678 0.5315567 0.8289349 1.0781119 0.0000000 0.5679232 
J          0.4780407 0.4648251 0.3786134 0.3753631 0.3216941 0.1786953 0.4619521 0.6161935 0.5679232 0.0000000 
