10
A          0.0000000 0.8989070 0.6891097 0.7224660 0.6335791 0.5086954 0.7162211 0.8909873 0.9520682 0.5225205 
B          0.8989070 0.0000000 0.6948118 0.8590597 0.6929333 0.5776143 0.7868948 0.9990104 0.9978131 0.6008596 
C          0.6891097 0.6948118 0.0000000 0.6146997 0.5144347 0.3229264 0.5253932 0.7242177 0.8008862 0.3613099 
D          0.7224660 0.8590597 0.6146997 0.0000000 0.5717838 0.3807884 0.6388748 0.7828868 0.9877271 0.3930051 
E          0.6335791 0.6929333 0.5144347 0.5717838 0.0000000 0.3236322 0.5658429 0.6693847 0.8152414 0.3930062 
F          0.5086954 0.5776143 0.3229264 0.3807884 0.3236322 0.0000000 0.4026884 0.5066800 0.6348628 0.1569909 
G          0.7162211 0.7868948 0.5253932 0.6388748 0.5658429 0.4026884 0.0000000 0.7431673 0.8969461 0.3863065 
H          0.8909873 0.9990104 0.7242177 0.7828868 0.6693847 0.5066800 0.7431673 0.0000000 1.1402631 0.5197132 
I          0.9520682 0.9978131 0.8008862 0.9877271 0.8152414 0.6348628 0.8969461 1.1402631 0.0000000 0.6844086 
J          0.5225205 0.6008596 0.3613099 0.3930051 0.3930062 0.1569909 0.3863065 0.5197132 0.6844086 0.0000000 
