10
A          0.0000000 0.6687083 0.5196834 0.6115311 0.5118481 0.4157137 0.5896192 0.8106580 0.9031850 0.3994990 
B          0.6687083 0.0000000 0.5226293 0.5291936 0.4946633 0.3661786 0.5850233 0.8886918 0.8100417 0.4026846 
C          0.5196834 0.5226293 0.0000000 0.4238043 0.3665005 0.2629377 0.4572947 0.7351199 0.7029459 0.2952826 
D          0.6115311 0.5291936 0.4238043 0.0000000 0.4400067 0.3210322 0.5087405 0.7596634 0.7421919 0.3430160 
E          0.5118481 0.4946633 0.3665005 0.4400067 0.0000000 0.2663080 0.4599323 0.6940774 0.6904974 0.2511383 
F          0.4157137 0.3661786 0.2629377 0.3210322 0.2663080 0.0000000 0.3574764 0.5701707 0.6027439 0.1403836 
G          0.5896192 0.5850233 0.4572947 0.5087405 0.4599323 0.3574764 0.0000000 0.7544971 0.7273832 0.3522370 
H          0.8106580 0.8886918 0.7351199 0.7596634 0.6940774 0.5701707 0.7544971 0.0000000 1.0146757 0.5326468 
I          0.9031850 0.8100417 0.7029459 0.7421919 0.6904974 0.6027439 0.7273832 1.0146757 0.0000000 0.6024287 
J          0.3994990 0.4026846 0.2952826 0.3430160 0.2511383 0.1403836 0.3522370 0.5326468 0.6024287 0.0000000 
