10
A          0.0000000 0.7903910 0.6399902 0.6871580 0.6054466 0.5016261 0.6719313 0.8469707 1.0608560 0.4213802 
B          0.7903910 0.0000000 0.7324550 0.6600972 0.6968336 0.5662129 0.7017068 0.9915446 0.9948935 0.5351345 
C          0.6399902 0.7324550 0.0000000 0.5588787 0.4967522 0.3798888 0.5573802 0.7431293 0.8612115 0.3358114 
D          0.6871580 0.6600972 0.5588787 0.0000000 0.5619131 0.4349509 0.5946191 0.8610670 0.9583223 0.3997827 
E          0.6054466 0.6968336 0.4967522 0.5619131 0.0000000 0.3547250 0.5532607 0.8035574 0.8600937 0.3283813 
F          0.5016261 0.5662129 0.3798888 0.4349509 0.3547250 0.0000000 0.4364767 0.6682037 0.7296866 0.1802488 
G          0.6719313 0.7017068 0.5573802 0.5946191 0.5532607 0.4364767 0.0000000 0.8863592 0.8911873 0.4050642 
H          0.8469707 0.9915446 0.7431293 0.8610670 0.8035574 0.6682037 0.8863592 0.0000000 1.0991593 0.6449847 
I          1.0608560 0.9948935 0.8612115 0.9583223 0.8600937 0.7296866 0.8911873 1.0991593 0.0000000 0.7528059 
J          0.4213802 0.5351345 0.3358114 0.3997827 0.3283813 0.1802488 0.4050642 0.6449847 0.7528059 0.0000000 
