10
A          0.0000000 0.7537873 0.6217189 0.6030570 0.6995412 0.4673359 0.6904133 0.7536974 0.7752955 0.4334738 
B          0.7537873 0.0000000 0.5543124 0.5127230 0.5965279 0.4055616 0.6766106 0.6818120 0.7595953 0.4233771 
C          0.6217189 0.5543124 0.0000000 0.4393250 0.4343219 0.3035436 0.5171780 0.5877139 0.6718590 0.3149091 
D          0.6030570 0.5127230 0.4393250 0.0000000 0.4851713 0.3118608 0.4959737 0.6020867 0.6764214 0.3205306 
E          0.6995412 0.5965279 0.4343219 0.4851713 0.0000000 0.3126723 0.5261009 0.6241192 0.6289047 0.3198085 
F          0.4673359 0.4055616 0.3035436 0.3118608 0.3126723 0.0000000 0.3482849 0.4776142 0.5130805 0.1429570 
G          0.6904133 0.6766106 0.5171780 0.4959737 0.5261009 0.3482849 0.0000000 0.6190775 0.6355742 0.3361745 
H          0.7536974 0.6818120 0.5877139 0.6020867 0.6241192 0.4776142 0.6190775 0.0000000 0.7305634 0.4632712 
I          0.7752955 0.7595953 0.6718590 0.6764214 0.6289047 0.5130805 0.6355742 0.7305634 0.0000000 0.5085714 
J          0.4334738 0.4233771 0.3149091 0.3205306 0.3198085 0.1429570 0.3361745 0.4632712 0.5085714 0.0000000 
