10
A          0.0000000 0.7349802 0.5448541 0.5537614 0.5623111 0.4263628 0.7617158 0.9763561 0.8849041 0.4680227 
B          0.7349802 0.0000000 0.6720308 0.5964960 0.6376128 0.4495466 0.7037296 0.9053862 0.8140927 0.4616268 
C          0.5448541 0.6720308 0.0000000 0.4739091 0.4584441 0.2828713 0.5864711 0.7489319 0.6770936 0.3061072 
D          0.5537614 0.5964960 0.4739091 0.0000000 0.4716888 0.3415177 0.5465804 0.7437207 0.6828186 0.3408736 
E          0.5623111 0.6376128 0.4584441 0.4716888 0.0000000 0.2775029 0.5287083 0.7345949 0.5969868 0.2846154 
F          0.4263628 0.4495466 0.2828713 0.3415177 0.2775029 0.0000000 0.3935788 0.6099609 0.5107463 0.1350250 
G          0.7617158 0.7037296 0.5864711 0.5465804 0.5287083 0.3935788 0.0000000 0.8184259 0.7733114 0.3992103 
H          0.9763561 0.9053862 0.7489319 0.7437207 0.7345949 0.6099609 0.8184259 0.0000000 0.9535517 0.6070094 
I          0.8849041 0.8140927 0.6770936 0.6828186 0.5969868 0.5107463 0.7733114 0.9535517 0.0000000 0.5095420 
J          0.4680227 0.4616268 0.3061072 0.3408736 0.2846154 0.1350250 0.3992103 0.6070094 0.5095420 0.0000000 
