10
A          0.0000000 0.8017131 0.7560395 0.6369982 0.7121569 0.5749243 0.7531154 0.9258644 0.8463922 0.5178173 
B          0.8017131 0.0000000 0.8387038 0.6799100 0.7957908 0.5803586 0.7637532 0.8664008 0.8720808 0.5738743 
C          0.7560395 0.8387038 0.0000000 0.6663710 0.5303425 0.2776534 0.6547753 0.8552821 0.7585947 0.3396294 
D          0.6369982 0.6799100 0.6663710 0.0000000 0.6355608 0.4308520 0.6079431 0.6988152 0.7179440 0.4441172 
E          0.7121569 0.7957908 0.5303425 0.6355608 0.0000000 0.3588016 0.6510305 0.6864856 0.7542886 0.3338080 
F          0.5749243 0.5803586 0.2776534 0.4308520 0.3588016 0.0000000 0.5160938 0.5707505 0.6493106 0.1413613 
G          0.7531154 0.7637532 0.6547753 0.6079431 0.6510305 0.5160938 0.0000000 0.8252603 0.7838547 0.4369468 
H          0.9258644 0.8664008 0.8552821 0.6988152 0.6864856 0.5707505 0.8252603 0.0000000 0.8697473 0.5966624 
I          0.8463922 0.8720808 0.7585947 0.7179440 0.7542886 0.6493106 0.7838547 0.8697473 0.0000000 0.6549547 
J          0.5178173 0.5738743 0.3396294 0.4441172 0.3338080 0.1413613 0.4369468 0.5966624 0.6549547 0.0000000 
