10
A          0.0000000 0.6918364 0.7989542 0.9489015 0.5843960 0.6267726 0.6279335 0.5734911 0.6450310 0.7121597 
B          0.6918364 0.0000000 0.8777633 1.0547866 0.6170319 0.6358938 0.7237629 0.5464223 0.7137654 0.7553184 
C          0.7989542 0.8777633 0.0000000 1.0564035 0.5513475 0.6750756 0.7357924 0.6872589 0.9412377 0.8614615 
D          0.9489015 1.0547866 1.0564035 0.0000000 0.8365201 0.8964271 0.9291216 0.9046142 0.8915487 1.0404466 
E          0.5843960 0.6170319 0.5513475 0.8365201 0.0000000 0.4837132 0.6184839 0.4812921 0.6178920 0.5921648 
F          0.6267726 0.6358938 0.6750756 0.8964271 0.4837132 0.0000000 0.7134957 0.5105719 0.6708550 0.7262392 
G          0.6279335 0.7237629 0.7357924 0.9291216 0.6184839 0.7134957 0.0000000 0.5740415 0.7083587 0.7352342 
H          0.5734911 0.5464223 0.6872589 0.9046142 0.4812921 0.5105719 0.5740415 0.0000000 0.5693440 0.6456323 
I          0.6450310 0.7137654 0.9412377 0.8915487 0.6178920 0.6708550 0.7083587 0.5693440 0.0000000 0.6893664 
J          0.7121597 0.7553184 0.8614615 1.0404466 0.5921648 0.7262392 0.7352342 0.6456323 0.6893664 0.0000000 
