10
A          0.0000000 0.6078807 0.6875666 0.7447380 0.5325922 0.5593204 0.6138325 0.5824375 0.6879835 0.6627481 
B          0.6078807 0.0000000 0.8465786 0.8444831 0.5413106 0.6410579 0.6814371 0.7605808 0.6963756 0.7633776 
C          0.6875666 0.8465786 0.0000000 0.9067824 0.6255438 0.6993454 0.8237753 0.7467413 0.8818015 0.8952077 
D          0.7447380 0.8444831 0.9067824 0.0000000 0.7090739 0.7689844 0.8584539 0.8112295 0.9453295 0.9086813 
E          0.5325922 0.5413106 0.6255438 0.7090739 0.0000000 0.5109432 0.6540548 0.5810999 0.6160042 0.6481450 
F          0.5593204 0.6410579 0.6993454 0.7689844 0.5109432 0.0000000 0.5900145 0.6037104 0.6440422 0.6371564 
G          0.6138325 0.6814371 0.8237753 0.8584539 0.6540548 0.5900145 0.0000000 0.6575004 0.7640329 0.7749840 
H          0.5824375 0.7605808 0.7467413 0.8112295 0.5810999 0.6037104 0.6575004 0.0000000 0.7184280 0.7243061 
I          0.6879835 0.6963756 0.8818015 0.9453295 0.6160042 0.6440422 0.7640329 0.7184280 0.0000000 0.8553551 
J          0.6627481 0.7633776 0.8952077 0.9086813 0.6481450 0.6371564 0.7749840 0.7243061 0.8553551 0.0000000 
