10
A          0.0000000 0.8447690 0.6904418 0.7778427 0.5177479 0.5709811 0.6035769 0.6664590 0.6939226 0.6576481 
B          0.8447690 0.0000000 0.8198625 0.9097526 0.6478198 0.6350360 0.8840505 0.8007059 0.6764552 0.8480489 
C          0.6904418 0.8198625 0.0000000 0.8158190 0.4720359 0.6081136 0.6095572 0.5572095 0.5423865 0.6445690 
D          0.7778427 0.9097526 0.8158190 0.0000000 0.7168046 0.7107117 0.8181554 0.7100302 0.8104688 0.8091519 
E          0.5177479 0.6478198 0.4720359 0.7168046 0.0000000 0.4464989 0.5727309 0.4700005 0.4866024 0.5521852 
F          0.5709811 0.6350360 0.6081136 0.7107117 0.4464989 0.0000000 0.6564619 0.5508677 0.5331706 0.5610129 
G          0.6035769 0.8840505 0.6095572 0.8181554 0.5727309 0.6564619 0.0000000 0.6704998 0.6500943 0.5767288 
H          0.6664590 0.8007059 0.5572095 0.7100302 0.4700005 0.5508677 0.6704998 0.0000000 0.5254348 0.6285978 
I          0.6939226 0.6764552 0.5423865 0.8104688 0.4866024 0.5331706 0.6500943 0.5254348 0.0000000 0.6499727 
J          0.6576481 0.8480489 0.6445690 0.8091519 0.5521852 0.5610129 0.5767288 0.6285978 0.6499727 0.0000000 
