10
A          0.0000000 0.9715705 0.9700589 0.9980715 0.8849289 0.7221779 0.7084922 0.8594639 0.8592993 0.8604981 
B          0.9715705 0.0000000 0.9192590 1.0571656 0.6947009 0.7656415 0.9514119 0.7783340 0.8420586 0.8932321 
C          0.9700589 0.9192590 0.0000000 1.1156420 0.6749652 0.8305183 0.9501403 0.7497899 0.9388688 1.0708016 
D          0.9980715 1.0571656 1.1156420 0.0000000 0.8828044 0.8461477 0.9709120 0.9399795 1.0919822 0.8997707 
E          0.8849289 0.6947009 0.6749652 0.8828044 0.0000000 0.5874134 0.7969004 0.5208211 0.6522741 0.7819096 
F          0.7221779 0.7656415 0.8305183 0.8461477 0.5874134 0.0000000 0.7044914 0.6337926 0.7004665 0.7285684 
G          0.7084922 0.9514119 0.9501403 0.9709120 0.7969004 0.7044914 0.0000000 0.8606151 0.9084934 0.7542290 
H          0.8594639 0.7783340 0.7497899 0.9399795 0.5208211 0.6337926 0.8606151 0.0000000 0.7912167 0.7872281 
I          0.8592993 0.8420586 0.9388688 1.0919822 0.6522741 0.7004665 0.9084934 0.7912167 0.0000000 0.8610418 
J          0.8604981 0.8932321 1.0708016 0.8997707 0.7819096 0.7285684 0.7542290 0.7872281 0.8610418 0.0000000 
