10
A          0.0000000 0.7504656 0.7759857 0.7571468 0.5265138 0.6104360 0.7662258 0.6641145 0.7034183 0.7074651 
B          0.7504656 0.0000000 0.8755938 0.8631035 0.6055740 0.6827227 0.8297550 0.7533636 0.8201324 0.8332489 
C          0.7759857 0.8755938 0.0000000 0.8090112 0.6659392 0.6874839 0.8756013 0.7426291 0.8695882 0.7420503 
D          0.7571468 0.8631035 0.8090112 0.0000000 0.6122441 0.6228502 0.8311585 0.7501598 0.8181563 0.8683333 
E          0.5265138 0.6055740 0.6659392 0.6122441 0.0000000 0.4647326 0.5833580 0.5321657 0.6326884 0.5709657 
F          0.6104360 0.6827227 0.6874839 0.6228502 0.4647326 0.0000000 0.6019096 0.5371967 0.7365231 0.6495942 
G          0.7662258 0.8297550 0.8756013 0.8311585 0.5833580 0.6019096 0.0000000 0.7009976 0.8870322 0.7371108 
H          0.6641145 0.7533636 0.7426291 0.7501598 0.5321657 0.5371967 0.7009976 0.0000000 0.7550975 0.7437043 
I          0.7034183 0.8201324 0.8695882 0.8181563 0.6326884 0.7365231 0.8870322 0.7550975 0.0000000 0.7555511 
J          0.7074651 0.8332489 0.7420503 0.8683333 0.5709657 0.6495942 0.7371108 0.7437043 0.7555511 0.0000000 
