10
A          0.0000000 0.7390316 0.9224855 0.7847579 0.6364569 0.6048718 0.6734295 0.7139087 0.7758775 0.7198107 
B          0.7390316 0.0000000 0.8430508 0.8650229 0.6628380 0.6368520 0.7880914 0.7781610 0.7425146 0.9017849 
C          0.9224855 0.8430508 0.0000000 0.9691756 0.5846927 0.7343943 0.8892478 0.6947888 0.8490798 0.9926630 
D          0.7847579 0.8650229 0.9691756 0.0000000 0.6533739 0.6662700 0.8210866 0.7542575 0.8085843 0.9642795 
E          0.6364569 0.6628380 0.5846927 0.6533739 0.0000000 0.4852058 0.6563514 0.4657876 0.6409676 0.6669135 
F          0.6048718 0.6368520 0.7343943 0.6662700 0.4852058 0.0000000 0.6822469 0.5394035 0.6067698 0.6756572 
G          0.6734295 0.7880914 0.8892478 0.8210866 0.6563514 0.6822469 0.0000000 0.7037351 0.7763236 0.8160059 
H          0.7139087 0.7781610 0.6947888 0.7542575 0.4657876 0.5394035 0.7037351 0.0000000 0.5873337 0.7510928 
I          0.7758775 0.7425146 0.8490798 0.8085843 0.6409676 0.6067698 0.7763236 0.5873337 0.0000000 0.9144106 
J          0.7198107 0.9017849 0.9926630 0.9642795 0.6669135 0.6756572 0.8160059 0.7510928 0.9144106 0.0000000 
