10
A          0.0000000 0.9494623 0.9811014 0.8915675 0.6424154 0.6570635 0.8022120 0.7088508 0.7946126 0.9048632 
B          0.9494623 0.0000000 0.8494021 1.0171730 0.7363437 0.6799745 1.0026641 0.6428330 0.9016025 1.0546881 
C          0.9811014 0.8494021 0.0000000 1.0182888 0.7120846 0.7855603 0.8840911 0.7141521 0.9936744 1.0790893 
D          0.8915675 1.0171730 1.0182888 0.0000000 0.7051229 0.6525655 0.9098674 0.8017572 0.8891125 1.0582391 
E          0.6424154 0.7363437 0.7120846 0.7051229 0.0000000 0.4841200 0.6693161 0.5089668 0.6143190 0.7534746 
F          0.6570635 0.6799745 0.7855603 0.6525655 0.4841200 0.0000000 0.7230525 0.5405423 0.6129120 0.7386657 
G          0.8022120 1.0026641 0.8840911 0.9098674 0.6693161 0.7230525 0.0000000 0.6941658 0.8627422 0.9630812 
H          0.7088508 0.6428330 0.7141521 0.8017572 0.5089668 0.5405423 0.6941658 0.0000000 0.6743783 0.7517133 
I          0.7946126 0.9016025 0.9936744 0.8891125 0.6143190 0.6129120 0.8627422 0.6743783 0.0000000 0.7988243 
J          0.9048632 1.0546881 1.0790893 1.0582391 0.7534746 0.7386657 0.9630812 0.7517133 0.7988243 0.0000000 
