10
A          0.0000000 0.7431564 0.6606288 0.7535560 0.6589582 0.6301343 0.7216496 0.6828333 0.7379400 0.6683615 
B          0.7431564 0.0000000 0.7615656 0.9194457 0.7044611 0.6831721 0.9202922 0.7199848 0.8296130 0.7642801 
C          0.6606288 0.7615656 0.0000000 0.7709146 0.5851675 0.5814798 0.7936006 0.6650922 0.7338734 0.7074124 
D          0.7535560 0.9194457 0.7709146 0.0000000 0.7095520 0.7457704 0.8322025 0.7712021 0.8317479 0.7760322 
E          0.6589582 0.7044611 0.5851675 0.7095520 0.0000000 0.5493649 0.6670291 0.5461465 0.7135248 0.6475565 
F          0.6301343 0.6831721 0.5814798 0.7457704 0.5493649 0.0000000 0.7133947 0.6408882 0.6403173 0.5731290 
G          0.7216496 0.9202922 0.7936006 0.8322025 0.6670291 0.7133947 0.0000000 0.8202890 0.8397626 0.7215783 
H          0.6828333 0.7199848 0.6650922 0.7712021 0.5461465 0.6408882 0.8202890 0.0000000 0.7281292 0.7093306 
I          0.7379400 0.8296130 0.7338734 0.8317479 0.7135248 0.6403173 0.8397626 0.7281292 0.0000000 0.7777456 
J          0.6683615 0.7642801 0.7074124 0.7760322 0.6475565 0.5731290 0.7215783 0.7093306 0.7777456 0.0000000 
