10
A          0.0000000 0.4966661 0.5042081 0.2265250 0.2818964 0.2976347 0.4990123 0.3397345 0.1649653 0.2405707 
B          0.4966661 0.0000000 0.8900322 0.5919418 0.5936872 0.6847293 0.7958475 0.6879929 0.4631903 0.5293942 
C          0.5042081 0.8900322 0.0000000 0.5493311 0.6807917 0.6324275 0.8919284 0.6323489 0.5129942 0.5496633 
D          0.2265250 0.5919418 0.5493311 0.0000000 0.3461459 0.3580798 0.5752950 0.4100129 0.2172031 0.2796930 
E          0.2818964 0.5936872 0.6807917 0.3461459 0.0000000 0.4189400 0.5755994 0.4933317 0.2787907 0.3747253 
F          0.2976347 0.6847293 0.6324275 0.3580798 0.4189400 0.0000000 0.6649505 0.4826987 0.2957446 0.3532856 
G          0.4990123 0.7958475 0.8919284 0.5752950 0.5755994 0.6649505 0.0000000 0.6559493 0.4973099 0.5676357 
H          0.3397345 0.6879929 0.6323489 0.4100129 0.4933317 0.4826987 0.6559493 0.0000000 0.3543880 0.4511075 
I          0.1649653 0.4631903 0.5129942 0.2172031 0.2787907 0.2957446 0.4973099 0.3543880 0.0000000 0.2158801 
J          0.2405707 0.5293942 0.5496633 0.2796930 0.3747253 0.3532856 0.5676357 0.4511075 0.2158801 0.0000000 
