10
A          0.0000000 0.4868336 0.6223260 0.2669860 0.3191207 0.2860436 0.4869484 0.3468345 0.1797106 0.2015959 
B          0.4868336 0.0000000 0.9742743 0.5805606 0.7196345 0.6421808 0.8595771 0.6792979 0.5648714 0.5785052 
C          0.6223260 0.9742743 0.0000000 0.6895397 0.7771176 0.7585614 0.9671062 0.7862653 0.6345963 0.6419058 
D          0.2669860 0.5805606 0.6895397 0.0000000 0.4252236 0.4177877 0.5823397 0.4857424 0.2955177 0.3112977 
E          0.3191207 0.7196345 0.7771176 0.4252236 0.0000000 0.4428601 0.6621515 0.4931074 0.3519133 0.3514564 
F          0.2860436 0.6421808 0.7585614 0.4177877 0.4428601 0.0000000 0.6111235 0.4496298 0.3091986 0.3358073 
G          0.4869484 0.8595771 0.9671062 0.5823397 0.6621515 0.6111235 0.0000000 0.6788828 0.4915435 0.5874067 
H          0.3468345 0.6792979 0.7862653 0.4857424 0.4931074 0.4496298 0.6788828 0.0000000 0.3588046 0.4154508 
I          0.1797106 0.5648714 0.6345963 0.2955177 0.3519133 0.3091986 0.4915435 0.3588046 0.0000000 0.2438023 
J          0.2015959 0.5785052 0.6419058 0.3112977 0.3514564 0.3358073 0.5874067 0.4154508 0.2438023 0.0000000 
