10
A          0.0000000 0.4526201 0.5255332 0.2609969 0.2920464 0.2874827 0.5162460 0.3347941 0.1803723 0.1895059 
B          0.4526201 0.0000000 0.8546771 0.4926879 0.6228421 0.6279738 0.8123853 0.5933711 0.4608282 0.4336479 
C          0.5255332 0.8546771 0.0000000 0.5837710 0.7040813 0.6936572 0.9416165 0.6517094 0.5013637 0.5364408 
D          0.2609969 0.4926879 0.5837710 0.0000000 0.4022666 0.3393211 0.5512480 0.3893447 0.2604218 0.2534646 
E          0.2920464 0.6228421 0.7040813 0.4022666 0.0000000 0.4836944 0.6656145 0.4228906 0.3123726 0.3601468 
F          0.2874827 0.6279738 0.6936572 0.3393211 0.4836944 0.0000000 0.7088471 0.4578918 0.3135731 0.3379158 
G          0.5162460 0.8123853 0.9416165 0.5512480 0.6656145 0.7088471 0.0000000 0.7560240 0.5578565 0.5560186 
H          0.3347941 0.5933711 0.6517094 0.3893447 0.4228906 0.4578918 0.7560240 0.0000000 0.3225800 0.3745881 
I          0.1803723 0.4608282 0.5013637 0.2604218 0.3123726 0.3135731 0.5578565 0.3225800 0.0000000 0.2197594 
J          0.1895059 0.4336479 0.5364408 0.2534646 0.3601468 0.3379158 0.5560186 0.3745881 0.2197594 0.0000000 
