10
A          0.0000000 0.4908415 0.5110933 0.2313953 0.3089452 0.2774393 0.4552992 0.3705417 0.2044402 0.2362722 
B          0.4908415 0.0000000 0.7659106 0.5195420 0.6775008 0.6279250 0.8064710 0.6706369 0.5213189 0.5038449 
C          0.5110933 0.7659106 0.0000000 0.5941917 0.6724442 0.7034897 0.8038532 0.7513895 0.5586840 0.5610778 
D          0.2313953 0.5195420 0.5941917 0.0000000 0.3737467 0.3798425 0.5454629 0.4377141 0.2633920 0.2920459 
E          0.3089452 0.6775008 0.6724442 0.3737467 0.0000000 0.4024277 0.5689668 0.5199046 0.2978166 0.3864400 
F          0.2774393 0.6279250 0.7034897 0.3798425 0.4024277 0.0000000 0.6154876 0.4726318 0.3196127 0.3187722 
G          0.4552992 0.8064710 0.8038532 0.5454629 0.5689668 0.6154876 0.0000000 0.6842309 0.4742827 0.5516777 
H          0.3705417 0.6706369 0.7513895 0.4377141 0.5199046 0.4726318 0.6842309 0.0000000 0.3689244 0.3781272 
I          0.2044402 0.5213189 0.5586840 0.2633920 0.2978166 0.3196127 0.4742827 0.3689244 0.0000000 0.2404222 
J          0.2362722 0.5038449 0.5610778 0.2920459 0.3864400 0.3187722 0.5516777 0.3781272 0.2404222 0.0000000 
