10
A          0.0000000 0.4673038 0.4927403 0.2011835 0.2674754 0.2339689 0.4105898 0.2976026 0.1311311 0.1955267 
B          0.4673038 0.0000000 0.8440039 0.5263553 0.6145898 0.5239967 0.7606189 0.5981958 0.4556428 0.4835004 
C          0.4927403 0.8440039 0.0000000 0.5947594 0.6702789 0.6160060 0.8156926 0.7089970 0.4932385 0.5949158 
D          0.2011835 0.5263553 0.5947594 0.0000000 0.3286752 0.3009345 0.4415377 0.3312675 0.1971662 0.2480824 
E          0.2674754 0.6145898 0.6702789 0.3286752 0.0000000 0.4050629 0.5467736 0.4196289 0.2701672 0.3634029 
F          0.2339689 0.5239967 0.6160060 0.3009345 0.4050629 0.0000000 0.5289900 0.3944536 0.2469571 0.2965154 
G          0.4105898 0.7606189 0.8156926 0.4415377 0.5467736 0.5289900 0.0000000 0.5708057 0.4003108 0.4623008 
H          0.2976026 0.5981958 0.7089970 0.3312675 0.4196289 0.3944536 0.5708057 0.0000000 0.2787369 0.3665026 
I          0.1311311 0.4556428 0.4932385 0.1971662 0.2701672 0.2469571 0.4003108 0.2787369 0.0000000 0.2129790 
J          0.1955267 0.4835004 0.5949158 0.2480824 0.3634029 0.2965154 0.4623008 0.3665026 0.2129790 0.0000000 
