10
A          0.0000000 0.5210834 0.6355474 0.2137057 0.3437281 0.2590095 0.4862022 0.3449683 0.1798390 0.2360717 
B          0.5210834 0.0000000 0.9332943 0.5583441 0.7528888 0.6184640 0.8732453 0.7624267 0.5774393 0.5523316 
C          0.6355474 0.9332943 0.0000000 0.6444551 0.7645208 0.6483536 0.9636742 0.7456320 0.6621130 0.6255921 
D          0.2137057 0.5583441 0.6444551 0.0000000 0.4158266 0.3234527 0.5098403 0.4142547 0.2390062 0.2808697 
E          0.3437281 0.7528888 0.7645208 0.4158266 0.0000000 0.4800144 0.7682182 0.5410798 0.3744021 0.4473582 
F          0.2590095 0.6184640 0.6483536 0.3234527 0.4800144 0.0000000 0.5877042 0.4763732 0.2656188 0.3261764 
G          0.4862022 0.8732453 0.9636742 0.5098403 0.7682182 0.5877042 0.0000000 0.7106439 0.5338144 0.5509802 
H          0.3449683 0.7624267 0.7456320 0.4142547 0.5410798 0.4763732 0.7106439 0.0000000 0.3636259 0.4033581 
I          0.1798390 0.5774393 0.6621130 0.2390062 0.3744021 0.2656188 0.5338144 0.3636259 0.0000000 0.2518423 
J          0.2360717 0.5523316 0.6255921 0.2808697 0.4473582 0.3261764 0.5509802 0.4033581 0.2518423 0.0000000 
