10
A          0.0000000 0.3686639 0.5569737 0.2045204 0.3157440 0.2706934 0.4306264 0.2862631 0.1504684 0.2194682 
B          0.3686639 0.0000000 0.6560231 0.4173092 0.5564935 0.5235273 0.6844808 0.4942455 0.3972460 0.4611994 
C          0.5569737 0.6560231 0.0000000 0.5590558 0.7020014 0.6441217 0.9007185 0.6733226 0.5264678 0.6003151 
D          0.2045204 0.4173092 0.5590558 0.0000000 0.3699732 0.3151183 0.4737510 0.3593456 0.2080618 0.2746952 
E          0.3157440 0.5564935 0.7020014 0.3699732 0.0000000 0.4097771 0.5472047 0.4733026 0.3253170 0.4015170 
F          0.2706934 0.5235273 0.6441217 0.3151183 0.4097771 0.0000000 0.5428885 0.3909022 0.2659171 0.3338452 
G          0.4306264 0.6844808 0.9007185 0.4737510 0.5472047 0.5428885 0.0000000 0.6060157 0.4360880 0.5331984 
H          0.2862631 0.4942455 0.6733226 0.3593456 0.4733026 0.3909022 0.6060157 0.0000000 0.2768169 0.3599103 
I          0.1504684 0.3972460 0.5264678 0.2080618 0.3253170 0.2659171 0.4360880 0.2768169 0.0000000 0.2311459 
J          0.2194682 0.4611994 0.6003151 0.2746952 0.4015170 0.3338452 0.5331984 0.3599103 0.2311459 0.0000000 
