10
A          0.0000000 0.5100326 0.5954059 0.2401935 0.3516969 0.2862967 0.4734245 0.3605776 0.1900068 0.2443101 
B          0.5100326 0.0000000 0.9792911 0.5494495 0.6837943 0.6228069 0.7010630 0.6469147 0.5139571 0.5936311 
C          0.5954059 0.9792911 0.0000000 0.6156387 0.7478231 0.7342307 0.8061167 0.7721928 0.6452088 0.6667702 
D          0.2401935 0.5494495 0.6156387 0.0000000 0.3704740 0.3287568 0.5322114 0.4152069 0.2584756 0.3141861 
E          0.3516969 0.6837943 0.7478231 0.3704740 0.0000000 0.4581602 0.5892661 0.5034649 0.3620614 0.3654556 
F          0.2862967 0.6228069 0.7342307 0.3287568 0.4581602 0.0000000 0.6247543 0.4751507 0.3144080 0.3209726 
G          0.4734245 0.7010630 0.8061167 0.5322114 0.5892661 0.6247543 0.0000000 0.7042808 0.5301300 0.5051473 
H          0.3605776 0.6469147 0.7721928 0.4152069 0.5034649 0.4751507 0.7042808 0.0000000 0.3942139 0.3982730 
I          0.1900068 0.5139571 0.6452088 0.2584756 0.3620614 0.3144080 0.5301300 0.3942139 0.0000000 0.2684533 
J          0.2443101 0.5936311 0.6667702 0.3141861 0.3654556 0.3209726 0.5051473 0.3982730 0.2684533 0.0000000 
