10
A          0.0000000 0.4930861 0.7249829 0.2676063 0.3332863 0.3123877 0.6161892 0.3257631 0.2255331 0.2791235 
B          0.4930861 0.0000000 1.0724075 0.5747091 0.7343954 0.6856814 0.9012988 0.6318332 0.5430260 0.5410042 
C          0.7249829 1.0724075 0.0000000 0.6868303 0.8509965 0.9279122 1.0219715 0.7850375 0.7583267 0.7006474 
D          0.2676063 0.5747091 0.6868303 0.0000000 0.4287895 0.4196393 0.6224148 0.3399554 0.2741722 0.2733340 
E          0.3332863 0.7343954 0.8509965 0.4287895 0.0000000 0.4633629 0.8113093 0.4586019 0.3952634 0.4063588 
F          0.3123877 0.6856814 0.9279122 0.4196393 0.4633629 0.0000000 0.7776364 0.4337747 0.3862572 0.3941663 
G          0.6161892 0.9012988 1.0219715 0.6224148 0.8113093 0.7776364 0.0000000 0.7382571 0.6376411 0.6345971 
H          0.3257631 0.6318332 0.7850375 0.3399554 0.4586019 0.4337747 0.7382571 0.0000000 0.2914875 0.3655498 
I          0.2255331 0.5430260 0.7583267 0.2741722 0.3952634 0.3862572 0.6376411 0.2914875 0.0000000 0.2701886 
J          0.2791235 0.5410042 0.7006474 0.2733340 0.4063588 0.3941663 0.6345971 0.3655498 0.2701886 0.0000000 
