10
A          0.0000000 0.5036724 0.4871811 0.2372253 0.3203742 0.3045357 0.4755055 0.3043186 0.1494809 0.2499791 
B          0.5036724 0.0000000 0.8366798 0.6054411 0.6994601 0.5995479 0.8190294 0.6932737 0.5231764 0.5964301 
C          0.4871811 0.8366798 0.0000000 0.5608602 0.7340437 0.6779368 0.8077388 0.6259654 0.5282754 0.5637402 
D          0.2372253 0.6054411 0.5608602 0.0000000 0.3812761 0.3981490 0.6154266 0.3975751 0.2591481 0.3241573 
E          0.3203742 0.6994601 0.7340437 0.3812761 0.0000000 0.4597705 0.6767563 0.4735569 0.3569436 0.4265559 
F          0.3045357 0.5995479 0.6779368 0.3981490 0.4597705 0.0000000 0.6526412 0.4615148 0.3145217 0.3865508 
G          0.4755055 0.8190294 0.8077388 0.6154266 0.6767563 0.6526412 0.0000000 0.6242941 0.4973816 0.6158183 
H          0.3043186 0.6932737 0.6259654 0.3975751 0.4735569 0.4615148 0.6242941 0.0000000 0.3136237 0.3699708 
I          0.1494809 0.5231764 0.5282754 0.2591481 0.3569436 0.3145217 0.4973816 0.3136237 0.0000000 0.2408377 
J          0.2499791 0.5964301 0.5637402 0.3241573 0.4265559 0.3865508 0.6158183 0.3699708 0.2408377 0.0000000 
