10
A          0.0000000 0.5604476 0.5652619 0.2719399 0.3220818 0.2720113 0.5240451 0.3825411 0.1916602 0.2096344 
B          0.5604476 0.0000000 0.9175685 0.7021609 0.7541661 0.7178360 0.8723565 0.7783725 0.5445350 0.6124170 
C          0.5652619 0.9175685 0.0000000 0.6867398 0.8454058 0.7592166 0.8814186 0.9845233 0.6127152 0.6953050 
D          0.2719399 0.7021609 0.6867398 0.0000000 0.4511991 0.3966728 0.6167478 0.4705593 0.2858859 0.2730755 
E          0.3220818 0.7541661 0.8454058 0.4511991 0.0000000 0.4622956 0.7244858 0.5541072 0.3407840 0.3788272 
F          0.2720113 0.7178360 0.7592166 0.3966728 0.4622956 0.0000000 0.6915274 0.5226124 0.3350772 0.3429849 
G          0.5240451 0.8723565 0.8814186 0.6167478 0.7244858 0.6915274 0.0000000 0.8331853 0.5314297 0.5814652 
H          0.3825411 0.7783725 0.9845233 0.4705593 0.5541072 0.5226124 0.8331853 0.0000000 0.4103886 0.4322124 
I          0.1916602 0.5445350 0.6127152 0.2858859 0.3407840 0.3350772 0.5314297 0.4103886 0.0000000 0.2331918 
J          0.2096344 0.6124170 0.6953050 0.2730755 0.3788272 0.3429849 0.5814652 0.4322124 0.2331918 0.0000000 
