10
A          0.0000000 0.5415508 0.6000247 0.2072372 0.3399690 0.2560003 0.5905392 0.3726463 0.1831933 0.2984368 
B          0.5415508 0.0000000 0.9127005 0.6024170 0.6793240 0.6363811 0.8597071 0.7580461 0.5634652 0.6270802 
C          0.6000247 0.9127005 0.0000000 0.6037315 0.7752794 0.8117521 0.9019474 0.8387577 0.6894544 0.8209840 
D          0.2072372 0.6024170 0.6037315 0.0000000 0.4180955 0.3359644 0.6562775 0.4337572 0.2496028 0.3446770 
E          0.3399690 0.6793240 0.7752794 0.4180955 0.0000000 0.5057885 0.7899422 0.5363282 0.3769559 0.4971711 
F          0.2560003 0.6363811 0.8117521 0.3359644 0.5057885 0.0000000 0.7211051 0.5573763 0.3060413 0.4316764 
G          0.5905392 0.8597071 0.9019474 0.6562775 0.7899422 0.7211051 0.0000000 0.7496904 0.6033695 0.7191296 
H          0.3726463 0.7580461 0.8387577 0.4337572 0.5363282 0.5573763 0.7496904 0.0000000 0.3852470 0.4949384 
I          0.1831933 0.5634652 0.6894544 0.2496028 0.3769559 0.3060413 0.6033695 0.3852470 0.0000000 0.3084267 
J          0.2984368 0.6270802 0.8209840 0.3446770 0.4971711 0.4316764 0.7191296 0.4949384 0.3084267 0.0000000 
