10
A          0.0000000 0.4976474 0.5893823 0.2926054 0.3466304 0.3144865 0.7370860 0.3758967 0.1938231 0.2650704 
B          0.4976474 0.0000000 0.7695315 0.4958947 0.7050203 0.5870670 1.0046831 0.6734873 0.4298342 0.4286447 
C          0.5893823 0.7695315 0.0000000 0.5728657 0.7547068 0.7323326 0.8912943 0.7105831 0.5403826 0.5955873 
D          0.2926054 0.4958947 0.5728657 0.0000000 0.3998076 0.3855486 0.7109099 0.4415508 0.2423463 0.2624007 
E          0.3466304 0.7050203 0.7547068 0.3998076 0.0000000 0.4843828 0.8860552 0.5220908 0.3722675 0.3982108 
F          0.3144865 0.5870670 0.7323326 0.3855486 0.4843828 0.0000000 0.7921532 0.5229623 0.2798783 0.3406829 
G          0.7370860 1.0046831 0.8912943 0.7109099 0.8860552 0.7921532 0.0000000 0.9184125 0.6909554 0.6998519 
H          0.3758967 0.6734873 0.7105831 0.4415508 0.5220908 0.5229623 0.9184125 0.0000000 0.3428012 0.4278198 
I          0.1938231 0.4298342 0.5403826 0.2423463 0.3722675 0.2798783 0.6909554 0.3428012 0.0000000 0.2536320 
J          0.2650704 0.4286447 0.5955873 0.2624007 0.3982108 0.3406829 0.6998519 0.4278198 0.2536320 0.0000000 
