10
A          0.0000000 0.4307765 0.5870448 0.4605629 0.2604529 0.3525417 0.4879623 0.2811017 0.3552768 0.3109829 
B          0.4307765 0.0000000 0.7807925 0.7255992 0.4789943 0.5276678 0.7071764 0.4926118 0.4998951 0.5202598 
C          0.5870448 0.7807925 0.0000000 0.8343652 0.5542975 0.6826473 0.7962480 0.6276998 0.6001552 0.6267113 
D          0.4605629 0.7255992 0.8343652 0.0000000 0.5099481 0.6188936 0.7382064 0.5083464 0.5947508 0.5517316 
E          0.2604529 0.4789943 0.5542975 0.5099481 0.0000000 0.3774037 0.5458173 0.3253921 0.3683520 0.3567071 
F          0.3525417 0.5276678 0.6826473 0.6188936 0.3774037 0.0000000 0.6749768 0.4111934 0.4313545 0.4107434 
G          0.4879623 0.7071764 0.7962480 0.7382064 0.5458173 0.6749768 0.0000000 0.5969089 0.6155857 0.5997649 
H          0.2811017 0.4926118 0.6276998 0.5083464 0.3253921 0.4111934 0.5969089 0.0000000 0.3932981 0.3936903 
I          0.3552768 0.4998951 0.6001552 0.5947508 0.3683520 0.4313545 0.6155857 0.3932981 0.0000000 0.4527912 
J          0.3109829 0.5202598 0.6267113 0.5517316 0.3567071 0.4107434 0.5997649 0.3936903 0.4527912 0.0000000 
