10
A          0.0000000 0.5401094 0.5968499 0.5523355 0.3459502 0.4696933 0.4595995 0.2987992 0.4069954 0.3500049 
B          0.5401094 0.0000000 1.0082296 0.7946070 0.6486304 0.7438139 0.8828528 0.6859833 0.8538425 0.6400292 
C          0.5968499 1.0082296 0.0000000 1.0923936 0.7807863 0.7872908 0.8305239 0.6477710 0.8036298 0.6926286 
D          0.5523355 0.7946070 1.0923936 0.0000000 0.6284722 0.7467678 0.6917183 0.5889034 0.7288008 0.6235603 
E          0.3459502 0.6486304 0.7807863 0.6284722 0.0000000 0.5154140 0.5413209 0.3742964 0.5181039 0.4554127 
F          0.4696933 0.7438139 0.7872908 0.7467678 0.5154140 0.0000000 0.6776223 0.4495124 0.5931975 0.5515201 
G          0.4595995 0.8828528 0.8305239 0.6917183 0.5413209 0.6776223 0.0000000 0.5453413 0.6168326 0.5415851 
H          0.2987992 0.6859833 0.6477710 0.5889034 0.3742964 0.4495124 0.5453413 0.0000000 0.4713657 0.3619594 
I          0.4069954 0.8538425 0.8036298 0.7288008 0.5181039 0.5931975 0.6168326 0.4713657 0.0000000 0.4942186 
J          0.3500049 0.6400292 0.6926286 0.6235603 0.4554127 0.5515201 0.5415851 0.3619594 0.4942186 0.0000000 
