10
A          0.0000000 0.5770533 0.7418493 0.5247840 0.4676742 0.5069237 0.4546672 0.4673125 0.3348917 0.4194754 
B          0.5770533 0.0000000 0.8002462 0.7890941 0.5052993 0.6340022 0.8170045 0.4939106 0.7278303 0.5336463 
C          0.7418493 0.8002462 0.0000000 0.9178616 0.6759416 0.6782796 0.9550491 0.5917361 0.8833991 0.6632308 
D          0.5247840 0.7890941 0.9178616 0.0000000 0.6600897 0.7461943 0.7714551 0.6602518 0.7503446 0.5533041 
E          0.4676742 0.5052993 0.6759416 0.6600897 0.0000000 0.3564275 0.6587416 0.3654535 0.5698431 0.4092221 
F          0.5069237 0.6340022 0.6782796 0.7461943 0.3564275 0.0000000 0.7057070 0.4714324 0.5634227 0.4605653 
G          0.4546672 0.8170045 0.9550491 0.7714551 0.6587416 0.7057070 0.0000000 0.6842953 0.6277344 0.6073179 
H          0.4673125 0.4939106 0.5917361 0.6602518 0.3654535 0.4714324 0.6842953 0.0000000 0.5370070 0.4206005 
I          0.3348917 0.7278303 0.8833991 0.7503446 0.5698431 0.5634227 0.6277344 0.5370070 0.0000000 0.5075900 
J          0.4194754 0.5336463 0.6632308 0.5533041 0.4092221 0.4605653 0.6073179 0.4206005 0.5075900 0.0000000 
