10
A          0.0000000 0.4447608 0.5769114 0.4801583 0.2610703 0.3408665 0.3866124 0.2671831 0.3509499 0.2622126 
B          0.4447608 0.0000000 0.8792108 0.7895615 0.5196886 0.6030509 0.6273761 0.5032367 0.5585276 0.4967610 
C          0.5769114 0.8792108 0.0000000 0.9768332 0.6688948 0.7684040 0.8495073 0.6673391 0.8658819 0.6495537 
D          0.4801583 0.7895615 0.9768332 0.0000000 0.5719669 0.6092318 0.7037142 0.5580063 0.6052330 0.5733024 
E          0.2610703 0.5196886 0.6688948 0.5719669 0.0000000 0.4132377 0.4681900 0.3431800 0.4288141 0.3549056 
F          0.3408665 0.6030509 0.7684040 0.6092318 0.4132377 0.0000000 0.5683639 0.4837257 0.4941526 0.4138669 
G          0.3866124 0.6273761 0.8495073 0.7037142 0.4681900 0.5683639 0.0000000 0.4905535 0.5716249 0.4898707 
H          0.2671831 0.5032367 0.6673391 0.5580063 0.3431800 0.4837257 0.4905535 0.0000000 0.4217288 0.3615170 
I          0.3509499 0.5585276 0.8658819 0.6052330 0.4288141 0.4941526 0.5716249 0.4217288 0.0000000 0.4278198 
J          0.2622126 0.4967610 0.6495537 0.5733024 0.3549056 0.4138669 0.4898707 0.3615170 0.4278198 0.0000000 
