10
A          0.0000000 0.4951357 0.6304412 0.4698474 0.3553866 0.4401255 0.4828647 0.3946210 0.3347720 0.4098482 
B          0.4951357 0.0000000 0.6721710 0.6472846 0.4732819 0.5532922 0.7951535 0.4777372 0.5678421 0.5288430 
C          0.6304412 0.6721710 0.0000000 0.7450340 0.5949092 0.6471881 0.9910987 0.5646137 0.7348394 0.6493456 
D          0.4698474 0.6472846 0.7450340 0.0000000 0.4851022 0.6092707 0.7587603 0.5318583 0.5691079 0.5440654 
E          0.3553866 0.4732819 0.5949092 0.4851022 0.0000000 0.3992955 0.6884304 0.3433922 0.4811753 0.4308748 
F          0.4401255 0.5532922 0.6471881 0.6092707 0.3992955 0.0000000 0.7016462 0.4767059 0.5132643 0.4676446 
G          0.4828647 0.7951535 0.9910987 0.7587603 0.6884304 0.7016462 0.0000000 0.7014664 0.6294483 0.7321904 
H          0.3946210 0.4777372 0.5646137 0.5318583 0.3433922 0.4767059 0.7014664 0.0000000 0.5133920 0.4220363 
I          0.3347720 0.5678421 0.7348394 0.5691079 0.4811753 0.5132643 0.6294483 0.5133920 0.0000000 0.4625141 
J          0.4098482 0.5288430 0.6493456 0.5440654 0.4308748 0.4676446 0.7321904 0.4220363 0.4625141 0.0000000 
