10
A          0.0000000 0.4474787 0.6143116 0.5065080 0.2868583 0.3633134 0.5621936 0.2836495 0.3207661 0.3874043 
B          0.4474787 0.0000000 0.7593332 0.6761462 0.4676573 0.5557518 0.7098437 0.4930794 0.5577019 0.5653061 
C          0.6143116 0.7593332 0.0000000 0.8383568 0.5807192 0.6664752 0.7818371 0.6136380 0.6745370 0.7373260 
D          0.5065080 0.6761462 0.8383568 0.0000000 0.5038033 0.5468151 0.7109259 0.4922859 0.5217740 0.6099439 
E          0.2868583 0.4676573 0.5807192 0.5038033 0.0000000 0.4000767 0.5193710 0.3405796 0.3833759 0.4274088 
F          0.3633134 0.5557518 0.6664752 0.5468151 0.4000767 0.0000000 0.5519939 0.3941820 0.4199293 0.5153253 
G          0.5621936 0.7098437 0.7818371 0.7109259 0.5193710 0.5519939 0.0000000 0.5468672 0.5935523 0.6019779 
H          0.2836495 0.4930794 0.6136380 0.4922859 0.3405796 0.3941820 0.5468672 0.0000000 0.3586393 0.4293533 
I          0.3207661 0.5577019 0.6745370 0.5217740 0.3833759 0.4199293 0.5935523 0.3586393 0.0000000 0.4638771 
J          0.3874043 0.5653061 0.7373260 0.6099439 0.4274088 0.5153253 0.6019779 0.4293533 0.4638771 0.0000000 
