10
A          0.0000000 0.5861712 0.7036104 0.5562065 0.3324042 0.4056620 0.5542113 0.3624008 0.3664295 0.3982515 
B          0.5861712 0.0000000 0.8179663 0.8756053 0.5692017 0.7016467 0.8794019 0.6779849 0.6731005 0.6635887 
C          0.7036104 0.8179663 0.0000000 0.9029073 0.6054363 0.7205598 0.9668332 0.7015805 0.7564267 0.6960872 
D          0.5562065 0.8756053 0.9029073 0.0000000 0.5713629 0.6983861 0.8489147 0.6452554 0.6547697 0.5852743 
E          0.3324042 0.5692017 0.6054363 0.5713629 0.0000000 0.3873656 0.6386520 0.3775767 0.4756846 0.4289051 
F          0.4056620 0.7016467 0.7205598 0.6983861 0.3873656 0.0000000 0.7510205 0.4680718 0.5885613 0.5182293 
G          0.5542113 0.8794019 0.9668332 0.8489147 0.6386520 0.7510205 0.0000000 0.8002854 0.6900618 0.6715139 
H          0.3624008 0.6779849 0.7015805 0.6452554 0.3775767 0.4680718 0.8002854 0.0000000 0.4992814 0.4763907 
I          0.3664295 0.6731005 0.7564267 0.6547697 0.4756846 0.5885613 0.6900618 0.4992814 0.0000000 0.5308964 
J          0.3982515 0.6635887 0.6960872 0.5852743 0.4289051 0.5182293 0.6715139 0.4763907 0.5308964 0.0000000 
