10
A          0.0000000 0.4746131 0.4969708 0.4001904 0.3038432 0.3455951 0.5030836 0.2816168 0.3320787 0.3296141 
B          0.4746131 0.0000000 0.6915830 0.6514891 0.5542060 0.6051837 0.7711882 0.4861170 0.5925234 0.5998878 
C          0.4969708 0.6915830 0.0000000 0.7201857 0.5259552 0.6117067 0.8481100 0.5509747 0.6262923 0.6257497 
D          0.4001904 0.6514891 0.7201857 0.0000000 0.4790975 0.6235713 0.6810653 0.4348257 0.5598502 0.5184208 
E          0.3038432 0.5542060 0.5259552 0.4790975 0.0000000 0.3907180 0.6012413 0.3254780 0.3740248 0.3940740 
F          0.3455951 0.6051837 0.6117067 0.6235713 0.3907180 0.0000000 0.5962028 0.3771462 0.4401169 0.4389014 
G          0.5030836 0.7711882 0.8481100 0.6810653 0.6012413 0.5962028 0.0000000 0.5445023 0.5972091 0.5868421 
H          0.2816168 0.4861170 0.5509747 0.4348257 0.3254780 0.3771462 0.5445023 0.0000000 0.3531197 0.3676421 
I          0.3320787 0.5925234 0.6262923 0.5598502 0.3740248 0.4401169 0.5972091 0.3531197 0.0000000 0.4709882 
J          0.3296141 0.5998878 0.6257497 0.5184208 0.3940740 0.4389014 0.5868421 0.3676421 0.4709882 0.0000000 
