10
A          0.0000000 1.2045798 1.0361880 0.8200594 0.7033661 0.8277944 0.9477834 1.0947549 0.9954483 0.8144252 
B          1.2045798 0.0000000 1.4317519 1.0179922 0.9856219 1.0966075 1.1492745 1.1490845 0.8605658 1.0095551 
C          1.0361880 1.4317519 0.0000000 0.8332372 0.6201919 0.8791696 0.8199175 1.2380115 1.0732898 0.8008166 
D          0.8200594 1.0179922 0.8332372 0.0000000 0.4646071 0.6384335 0.7379162 0.9195946 0.5828047 0.5297615 
E          0.7033661 0.9856219 0.6201919 0.4646071 0.0000000 0.4235063 0.4689101 0.7735152 0.5578507 0.4776822 
F          0.8277944 1.0966075 0.8791696 0.6384335 0.4235063 0.0000000 0.7049004 0.8912036 0.7135879 0.6309487 
G          0.9477834 1.1492745 0.8199175 0.7379162 0.4689101 0.7049004 0.0000000 1.0928996 0.8393559 0.7309310 
H          1.0947549 1.1490845 1.2380115 0.9195946 0.7735152 0.8912036 1.0928996 0.0000000 0.8057682 0.9000470 
I          0.9954483 0.8605658 1.0732898 0.5828047 0.5578507 0.7135879 0.8393559 0.8057682 0.0000000 0.5958889 
J          0.8144252 1.0095551 0.8008166 0.5297615 0.4776822 0.6309487 0.7309310 0.9000470 0.5958889 0.0000000 
