10
A          0.0000000 0.7774605 0.8145853 0.5587884 0.4895665 0.5959462 0.7988423 0.8423899 0.6518510 0.5026174 
B          0.7774605 0.0000000 1.0305123 0.7122015 0.6442335 0.7763270 0.9935620 0.9907161 0.7390017 0.7037144 
C          0.8145853 1.0305123 0.0000000 0.6132964 0.4908918 0.6115634 0.8726201 0.8400867 0.6662957 0.5891240 
D          0.5587884 0.7122015 0.6132964 0.0000000 0.3191323 0.4936049 0.6873907 0.6347821 0.4372407 0.3849037 
E          0.4895665 0.6442335 0.4908918 0.3191323 0.0000000 0.4051493 0.5461593 0.5494099 0.3982229 0.3062869 
F          0.5959462 0.7763270 0.6115634 0.4936049 0.4051493 0.0000000 0.7436651 0.7053269 0.5005343 0.5111823 
G          0.7988423 0.9935620 0.8726201 0.6873907 0.5461593 0.7436651 0.0000000 0.9063597 0.7161251 0.6520670 
H          0.8423899 0.9907161 0.8400867 0.6347821 0.5494099 0.7053269 0.9063597 0.0000000 0.7113744 0.6818813 
I          0.6518510 0.7390017 0.6662957 0.4372407 0.3982229 0.5005343 0.7161251 0.7113744 0.0000000 0.4689218 
J          0.5026174 0.7037144 0.5891240 0.3849037 0.3062869 0.5111823 0.6520670 0.6818813 0.4689218 0.0000000 
