10
A          0.0000000 0.9886242 0.8840313 0.6090132 0.5558362 0.6039069 0.8790108 0.9557061 0.7563743 0.6464522 
B          0.9886242 0.0000000 0.9702312 0.6453880 0.6661880 0.6044231 0.9677536 1.0030231 0.8979542 0.6819071 
C          0.8840313 0.9702312 0.0000000 0.6304583 0.5408657 0.6071422 0.8440179 0.9150659 0.7525553 0.6176581 
D          0.6090132 0.6453880 0.6304583 0.0000000 0.2795439 0.4199751 0.6531018 0.7331543 0.4990304 0.3700938 
E          0.5558362 0.6661880 0.5408657 0.2795439 0.0000000 0.2954158 0.5594607 0.6082798 0.4476976 0.3181510 
F          0.6039069 0.6044231 0.6071422 0.4199751 0.2954158 0.0000000 0.6791426 0.6672387 0.5292858 0.4399361 
G          0.8790108 0.9677536 0.8440179 0.6531018 0.5594607 0.6791426 0.0000000 0.9434539 0.7574549 0.6639694 
H          0.9557061 1.0030231 0.9150659 0.7331543 0.6082798 0.6672387 0.9434539 0.0000000 0.8984178 0.6501819 
I          0.7563743 0.8979542 0.7525553 0.4990304 0.4476976 0.5292858 0.7574549 0.8984178 0.0000000 0.5258479 
J          0.6464522 0.6819071 0.6176581 0.3700938 0.3181510 0.4399361 0.6639694 0.6501819 0.5258479 0.0000000 
