10
A          0.0000000 0.9572469 0.9645909 0.6465477 0.6598040 0.7479988 0.9465114 1.0060553 0.7372580 0.6472694 
B          0.9572469 0.0000000 1.0239747 0.7283501 0.7150720 0.7817524 1.0369134 1.0710937 0.9248035 0.6768811 
C          0.9645909 1.0239747 0.0000000 0.7222657 0.5645386 0.7161100 0.9474719 0.9982380 0.8178130 0.6297674 
D          0.6465477 0.7283501 0.7222657 0.0000000 0.3568055 0.4890059 0.5411308 0.7740140 0.5164339 0.3882226 
E          0.6598040 0.7150720 0.5645386 0.3568055 0.0000000 0.4317876 0.5275726 0.7388230 0.4971211 0.3433806 
F          0.7479988 0.7817524 0.7161100 0.4890059 0.4317876 0.0000000 0.6707184 0.9090255 0.5945340 0.4611449 
G          0.9465114 1.0369134 0.9474719 0.5411308 0.5275726 0.6707184 0.0000000 0.9486919 0.7249309 0.5838560 
H          1.0060553 1.0710937 0.9982380 0.7740140 0.7388230 0.9090255 0.9486919 0.0000000 0.9201364 0.7455219 
I          0.7372580 0.9248035 0.8178130 0.5164339 0.4971211 0.5945340 0.7249309 0.9201364 0.0000000 0.4935086 
J          0.6472694 0.6768811 0.6297674 0.3882226 0.3433806 0.4611449 0.5838560 0.7455219 0.4935086 0.0000000 
