10
A          0.0000000 1.0317545 0.8752581 0.6678701 0.5994803 0.6919876 0.8863444 0.9232811 0.8074227 0.6039199 
B          1.0317545 0.0000000 1.1018849 0.9065088 0.7237004 1.0069069 1.0393244 1.0061207 1.0000065 0.8908274 
C          0.8752581 1.1018849 0.0000000 0.7518679 0.6295319 0.7600743 0.9050696 0.9170852 0.9335302 0.7309410 
D          0.6678701 0.9065088 0.7518679 0.0000000 0.3152636 0.5231602 0.6313042 0.6918236 0.5986885 0.4539696 
E          0.5994803 0.7237004 0.6295319 0.3152636 0.0000000 0.4201145 0.4846595 0.5464127 0.4336360 0.3440659 
F          0.6919876 1.0069069 0.7600743 0.5231602 0.4201145 0.0000000 0.6104777 0.7068538 0.6899388 0.5183273 
G          0.8863444 1.0393244 0.9050696 0.6313042 0.4846595 0.6104777 0.0000000 0.8176285 0.7454195 0.6153037 
H          0.9232811 1.0061207 0.9170852 0.6918236 0.5464127 0.7068538 0.8176285 0.0000000 0.8327440 0.6555204 
I          0.8074227 1.0000065 0.9335302 0.5986885 0.4336360 0.6899388 0.7454195 0.8327440 0.0000000 0.5635523 
J          0.6039199 0.8908274 0.7309410 0.4539696 0.3440659 0.5183273 0.6153037 0.6555204 0.5635523 0.0000000 
