10
A          0.0000000 0.7703615 0.7860573 0.5880955 0.4426758 0.6537472 0.7437782 0.8122353 0.5685726 0.5644566 
B          0.7703615 0.0000000 0.8661860 0.6563461 0.5146938 0.6934776 0.8481344 0.7981307 0.6482149 0.6859206 
C          0.7860573 0.8661860 0.0000000 0.6532710 0.5326800 0.7372682 0.8437357 0.8852339 0.7028918 0.6034047 
D          0.5880955 0.6563461 0.6532710 0.0000000 0.3095100 0.5254801 0.5900951 0.6916751 0.5159015 0.4002494 
E          0.4426758 0.5146938 0.5326800 0.3095100 0.0000000 0.4021395 0.4540844 0.5772670 0.3674646 0.2760180 
F          0.6537472 0.6934776 0.7372682 0.5254801 0.4021395 0.0000000 0.7163897 0.7074634 0.6206342 0.4621955 
G          0.7437782 0.8481344 0.8437357 0.5900951 0.4540844 0.7163897 0.0000000 0.8398202 0.6186409 0.5889024 
H          0.8122353 0.7981307 0.8852339 0.6916751 0.5772670 0.7074634 0.8398202 0.0000000 0.7246070 0.5641178 
I          0.5685726 0.6482149 0.7028918 0.5159015 0.3674646 0.6206342 0.6186409 0.7246070 0.0000000 0.4558483 
J          0.5644566 0.6859206 0.6034047 0.4002494 0.2760180 0.4621955 0.5889024 0.5641178 0.4558483 0.0000000 
