10
A          0.0000000 0.8564305 0.8062454 0.6262472 0.4806554 0.5930375 0.8279233 0.8752110 0.7935635 0.6286462 
B          0.8564305 0.0000000 0.9758269 0.7854337 0.5569477 0.7282454 0.9360773 0.9927707 0.7438465 0.6846580 
C          0.8062454 0.9758269 0.0000000 0.7310190 0.5647692 0.6739581 0.7932577 0.9339498 0.7494461 0.6565434 
D          0.6262472 0.7854337 0.7310190 0.0000000 0.3525081 0.4614850 0.7081560 0.6912240 0.5681069 0.4681658 
E          0.4806554 0.5569477 0.5647692 0.3525081 0.0000000 0.3425670 0.5292390 0.5673647 0.4443789 0.3343178 
F          0.5930375 0.7282454 0.6739581 0.4614850 0.3425670 0.0000000 0.6268706 0.6685863 0.5627924 0.4286366 
G          0.8279233 0.9360773 0.7932577 0.7081560 0.5292390 0.6268706 0.0000000 0.9555958 0.7351165 0.5987395 
H          0.8752110 0.9927707 0.9339498 0.6912240 0.5673647 0.6685863 0.9555958 0.0000000 0.7592328 0.7001125 
I          0.7935635 0.7438465 0.7494461 0.5681069 0.4443789 0.5627924 0.7351165 0.7592328 0.0000000 0.5642027 
J          0.6286462 0.6846580 0.6565434 0.4681658 0.3343178 0.4286366 0.5987395 0.7001125 0.5642027 0.0000000 
