10
A          0.0000000 1.0500709 0.9058945 0.7253506 0.6501894 0.6928683 0.9649476 0.9870988 0.9271056 0.7291709 
B          1.0500709 0.0000000 1.0190191 0.7041865 0.7064479 0.8427689 0.9802163 1.0453390 0.9728247 0.7603209 
C          0.9058945 1.0190191 0.0000000 0.6891617 0.5999818 0.7305561 0.9263117 0.9452103 0.9735592 0.6875360 
D          0.7253506 0.7041865 0.6891617 0.0000000 0.3379509 0.5111159 0.7536295 0.7818267 0.6776416 0.4433491 
E          0.6501894 0.7064479 0.5999818 0.3379509 0.0000000 0.3859606 0.5993367 0.6060903 0.5503122 0.3951144 
F          0.6928683 0.8427689 0.7305561 0.5111159 0.3859606 0.0000000 0.7344632 0.9378016 0.6367313 0.4765949 
G          0.9649476 0.9802163 0.9263117 0.7536295 0.5993367 0.7344632 0.0000000 1.1078636 0.9797286 0.7599896 
H          0.9870988 1.0453390 0.9452103 0.7818267 0.6060903 0.9378016 1.1078636 0.0000000 0.9143869 0.8204317 
I          0.9271056 0.9728247 0.9735592 0.6776416 0.5503122 0.6367313 0.9797286 0.9143869 0.0000000 0.7297171 
J          0.7291709 0.7603209 0.6875360 0.4433491 0.3951144 0.4765949 0.7599896 0.8204317 0.7297171 0.0000000 
