10
A          0.0000000 0.8526132 0.8116578 0.5365665 0.4331430 0.6371124 0.7364701 0.7657210 0.7953011 0.5278568 
B          0.8526132 0.0000000 0.7658271 0.6064376 0.4897185 0.6648404 0.7384054 0.7428487 0.7986869 0.5768003 
C          0.8116578 0.7658271 0.0000000 0.6164798 0.5146886 0.7173160 0.7862564 0.7350374 0.7390142 0.6107834 
D          0.5365665 0.6064376 0.6164798 0.0000000 0.2941263 0.3951762 0.5331077 0.5111018 0.5441304 0.3647500 
E          0.4331430 0.4897185 0.5146886 0.2941263 0.0000000 0.3980322 0.4497928 0.5010877 0.4237120 0.2860174 
F          0.6371124 0.6648404 0.7173160 0.3951762 0.3980322 0.0000000 0.5956730 0.5318289 0.6396079 0.4459690 
G          0.7364701 0.7384054 0.7862564 0.5331077 0.4497928 0.5956730 0.0000000 0.6667365 0.6643350 0.5254753 
H          0.7657210 0.7428487 0.7350374 0.5111018 0.5010877 0.5318289 0.6667365 0.0000000 0.6205363 0.5539155 
I          0.7953011 0.7986869 0.7390142 0.5441304 0.4237120 0.6396079 0.6643350 0.6205363 0.0000000 0.5333296 
J          0.5278568 0.5768003 0.6107834 0.3647500 0.2860174 0.4459690 0.5254753 0.5539155 0.5333296 0.0000000 
