10
A          0.0000000 0.9115046 0.9001119 0.6630157 0.5476122 0.7315203 0.8552468 0.9225907 0.6352032 0.5780445 
B          0.9115046 0.0000000 1.0701069 0.8941678 0.8000766 0.8997828 1.0836822 1.0113192 0.7691926 0.7386943 
C          0.9001119 1.0701069 0.0000000 0.8019724 0.6078546 0.7807420 0.9854317 1.0769504 0.8267609 0.8175265 
D          0.6630157 0.8941678 0.8019724 0.0000000 0.4102494 0.5933659 0.7324528 0.7455729 0.5181427 0.3996909 
E          0.5476122 0.8000766 0.6078546 0.4102494 0.0000000 0.4009446 0.5868945 0.6906821 0.4934887 0.3154798 
F          0.7315203 0.8997828 0.7807420 0.5933659 0.4009446 0.0000000 0.7347211 0.8423554 0.5527122 0.4500980 
G          0.8552468 1.0836822 0.9854317 0.7324528 0.5868945 0.7347211 0.0000000 0.9302474 0.7469405 0.6623601 
H          0.9225907 1.0113192 1.0769504 0.7455729 0.6906821 0.8423554 0.9302474 0.0000000 0.7111921 0.6809320 
I          0.6352032 0.7691926 0.8267609 0.5181427 0.4934887 0.5527122 0.7469405 0.7111921 0.0000000 0.4858821 
J          0.5780445 0.7386943 0.8175265 0.3996909 0.3154798 0.4500980 0.6623601 0.6809320 0.4858821 0.0000000 
