10
A          0.0000000 0.9923491 0.9903520 0.7456050 0.6379246 0.8534312 0.9343340 1.1588061 0.8986297 0.7464830 
B          0.9923491 0.0000000 1.0270191 0.7495902 0.6611990 0.8476417 0.8862807 0.9875275 0.8543927 0.7121936 
C          0.9903520 1.0270191 0.0000000 0.7305962 0.5875888 0.8087956 0.8492374 1.0272815 0.8159095 0.6824020 
D          0.7456050 0.7495902 0.7305962 0.0000000 0.3325534 0.5225121 0.6189158 0.6914853 0.5490977 0.4548843 
E          0.6379246 0.6611990 0.5875888 0.3325534 0.0000000 0.4114611 0.5345309 0.6404729 0.4187597 0.3481406 
F          0.8534312 0.8476417 0.8087956 0.5225121 0.4114611 0.0000000 0.6094647 0.7740757 0.6438779 0.5075238 
G          0.9343340 0.8862807 0.8492374 0.6189158 0.5345309 0.6094647 0.0000000 0.8790231 0.7101945 0.6083629 
H          1.1588061 0.9875275 1.0272815 0.6914853 0.6404729 0.7740757 0.8790231 0.0000000 0.8072323 0.7095366 
I          0.8986297 0.8543927 0.8159095 0.5490977 0.4187597 0.6438779 0.7101945 0.8072323 0.0000000 0.5938041 
J          0.7464830 0.7121936 0.6824020 0.4548843 0.3481406 0.5075238 0.6083629 0.7095366 0.5938041 0.0000000 
