10
A          0.0000000 0.3424566 0.4429143 0.7109785 0.5540400 0.2445178 0.4455238 0.3746011 0.4666513 0.5130932 
B          0.3424566 0.0000000 0.4199834 0.5614240 0.4854907 0.2022435 0.4050327 0.3451240 0.4268800 0.4779498 
C          0.4429143 0.4199834 0.0000000 0.6664864 0.6623617 0.3369701 0.5451754 0.4856791 0.5853025 0.6550594 
D          0.7109785 0.5614240 0.6664864 0.0000000 0.8080490 0.4908420 0.6895294 0.6210066 0.7253436 0.7679416 
E          0.5540400 0.4854907 0.6623617 0.8080490 0.0000000 0.3956908 0.6619856 0.5988589 0.5770328 0.6734731 
F          0.2445178 0.2022435 0.3369701 0.4908420 0.3956908 0.0000000 0.3430939 0.2680281 0.3606012 0.4386616 
G          0.4455238 0.4050327 0.5451754 0.6895294 0.6619856 0.3430939 0.0000000 0.4643349 0.5497926 0.5710562 
H          0.3746011 0.3451240 0.4856791 0.6210066 0.5988589 0.2680281 0.4643349 0.0000000 0.5010875 0.5170137 
I          0.4666513 0.4268800 0.5853025 0.7253436 0.5770328 0.3606012 0.5497926 0.5010875 0.0000000 0.6429004 
J          0.5130932 0.4779498 0.6550594 0.7679416 0.6734731 0.4386616 0.5710562 0.5170137 0.6429004 0.0000000 
