10
A          0.0000000 0.3631595 0.6074979 0.7774676 0.6339263 0.2782543 0.4687168 0.4235758 0.6585319 0.6673290 
B          0.3631595 0.0000000 0.4720809 0.6514899 0.4939203 0.2028833 0.4166949 0.3340784 0.5283767 0.5173186 
C          0.6074979 0.4720809 0.0000000 0.9078634 0.6349402 0.4242327 0.6946903 0.4791977 0.7171198 0.7822643 
D          0.7774676 0.6514899 0.9078634 0.0000000 0.9545260 0.5417369 0.8136873 0.7020655 0.9382114 0.9995529 
E          0.6339263 0.4939203 0.6349402 0.9545260 0.0000000 0.4428259 0.6292921 0.5348829 0.7760853 0.7885002 
F          0.2782543 0.2028833 0.4242327 0.5417369 0.4428259 0.0000000 0.3424570 0.2249632 0.4742966 0.4411176 
G          0.4687168 0.4166949 0.6946903 0.8136873 0.6292921 0.3424570 0.0000000 0.4538218 0.6660166 0.6264570 
H          0.4235758 0.3340784 0.4791977 0.7020655 0.5348829 0.2249632 0.4538218 0.0000000 0.6242861 0.5862909 
I          0.6585319 0.5283767 0.7171198 0.9382114 0.7760853 0.4742966 0.6660166 0.6242861 0.0000000 0.8276844 
J          0.6673290 0.5173186 0.7822643 0.9995529 0.7885002 0.4411176 0.6264570 0.5862909 0.8276844 0.0000000 
