10
A          0.0000000 0.5051233 0.8192528 0.8491969 0.7890402 0.3515598 0.6605363 0.5465228 0.7663179 0.7570905 
B          0.5051233 0.0000000 0.6194244 0.7280956 0.6104832 0.2264769 0.5465909 0.4018781 0.6342241 0.6233163 
C          0.8192528 0.6194244 0.0000000 0.9502344 0.7431020 0.4583714 0.6787803 0.6489396 0.7502232 0.8299201 
D          0.8491969 0.7280956 0.9502344 0.0000000 1.0366281 0.6085245 0.8691163 0.7866418 0.9494215 0.9865986 
E          0.7890402 0.6104832 0.7431020 1.0366281 0.0000000 0.4379390 0.6970320 0.6245839 0.8409025 0.9273960 
F          0.3515598 0.2264769 0.4583714 0.6085245 0.4379390 0.0000000 0.3500059 0.2628311 0.4777037 0.4498747 
G          0.6605363 0.5465909 0.6787803 0.8691163 0.6970320 0.3500059 0.0000000 0.5007845 0.7162231 0.8075832 
H          0.5465228 0.4018781 0.6489396 0.7866418 0.6245839 0.2628311 0.5007845 0.0000000 0.5458615 0.6336222 
I          0.7663179 0.6342241 0.7502232 0.9494215 0.8409025 0.4777037 0.7162231 0.5458615 0.0000000 0.7514390 
J          0.7570905 0.6233163 0.8299201 0.9865986 0.9273960 0.4498747 0.8075832 0.6336222 0.7514390 0.0000000 
