10
A          0.0000000 0.3709381 0.5723243 0.7259697 0.6938313 0.3153103 0.5359151 0.4421626 0.5890701 0.5553634 
B          0.3709381 0.0000000 0.4765841 0.6841674 0.5998994 0.2350111 0.4537774 0.3345353 0.5276843 0.4979057 
C          0.5723243 0.4765841 0.0000000 0.8292282 0.7575963 0.4089766 0.6292075 0.4628649 0.6595797 0.6133550 
D          0.7259697 0.6841674 0.8292282 0.0000000 0.9226725 0.6055541 0.8552223 0.7583737 0.8302157 0.9224361 
E          0.6938313 0.5998994 0.7575963 0.9226725 0.0000000 0.4228909 0.6676302 0.5834120 0.7806298 0.6868083 
F          0.3153103 0.2350111 0.4089766 0.6055541 0.4228909 0.0000000 0.3191078 0.2524806 0.4048142 0.3957878 
G          0.5359151 0.4537774 0.6292075 0.8552223 0.6676302 0.3191078 0.0000000 0.4552540 0.6415528 0.6069855 
H          0.4421626 0.3345353 0.4628649 0.7583737 0.5834120 0.2524806 0.4552540 0.0000000 0.5700335 0.5340926 
I          0.5890701 0.5276843 0.6595797 0.8302157 0.7806298 0.4048142 0.6415528 0.5700335 0.0000000 0.6336346 
J          0.5553634 0.4979057 0.6133550 0.9224361 0.6868083 0.3957878 0.6069855 0.5340926 0.6336346 0.0000000 
