10
A          0.0000000 0.3889483 0.5684110 0.7522208 0.5938251 0.3469673 0.4669933 0.4550380 0.6472390 0.5775437 
B          0.3889483 0.0000000 0.4200572 0.5936987 0.4709434 0.2221789 0.3850489 0.3370060 0.4644082 0.4991926 
C          0.5684110 0.4200572 0.0000000 0.7227856 0.5755570 0.3261222 0.5000327 0.3903666 0.5881745 0.6075075 
D          0.7522208 0.5936987 0.7227856 0.0000000 0.8254150 0.5643355 0.7552940 0.6173774 0.8058795 0.8362572 
E          0.5938251 0.4709434 0.5755570 0.8254150 0.0000000 0.4388882 0.6438101 0.4763393 0.6570233 0.7329292 
F          0.3469673 0.2221789 0.3261222 0.5643355 0.4388882 0.0000000 0.3033533 0.2276729 0.4056431 0.4002486 
G          0.4669933 0.3850489 0.5000327 0.7552940 0.6438101 0.3033533 0.0000000 0.3896236 0.5826578 0.6038813 
H          0.4550380 0.3370060 0.3903666 0.6173774 0.4763393 0.2276729 0.3896236 0.0000000 0.4454027 0.5060564 
I          0.6472390 0.4644082 0.5881745 0.8058795 0.6570233 0.4056431 0.5826578 0.4454027 0.0000000 0.6774488 
J          0.5775437 0.4991926 0.6075075 0.8362572 0.7329292 0.4002486 0.6038813 0.5060564 0.6774488 0.0000000 
