10
A          0.0000000 0.4018663 0.5129863 0.7372455 0.6454485 0.2954642 0.5482311 0.4330345 0.5673398 0.5913639 
B          0.4018663 0.0000000 0.4293306 0.6299252 0.5063796 0.1876269 0.3186454 0.3395994 0.4812229 0.4594756 
C          0.5129863 0.4293306 0.0000000 0.7481337 0.6549294 0.3168797 0.4808101 0.4914747 0.6027103 0.6079230 
D          0.7372455 0.6299252 0.7481337 0.0000000 0.8368503 0.4878054 0.7040066 0.6279445 0.7739415 0.8654685 
E          0.6454485 0.5063796 0.6549294 0.8368503 0.0000000 0.4136076 0.6493879 0.5659751 0.6665536 0.7002481 
F          0.2954642 0.1876269 0.3168797 0.4878054 0.4136076 0.0000000 0.2761910 0.2339429 0.3258411 0.3818521 
G          0.5482311 0.3186454 0.4808101 0.7040066 0.6493879 0.2761910 0.0000000 0.4196059 0.5876811 0.5844406 
H          0.4330345 0.3395994 0.4914747 0.6279445 0.5659751 0.2339429 0.4196059 0.0000000 0.5059468 0.5168152 
I          0.5673398 0.4812229 0.6027103 0.7739415 0.6665536 0.3258411 0.5876811 0.5059468 0.0000000 0.6082412 
J          0.5913639 0.4594756 0.6079230 0.8654685 0.7002481 0.3818521 0.5844406 0.5168152 0.6082412 0.0000000 
