10
A          0.0000000 0.3408835 0.5024563 0.7209978 0.5246985 0.2733559 0.4701862 0.4091728 0.5288564 0.5215121 
B          0.3408835 0.0000000 0.4203147 0.6943512 0.4721150 0.2051580 0.3940690 0.3150724 0.4968336 0.4959375 
C          0.5024563 0.4203147 0.0000000 0.8029200 0.6483658 0.3572055 0.4840268 0.4972679 0.5443170 0.6730727 
D          0.7209978 0.6943512 0.8029200 0.0000000 0.8217954 0.6000575 0.6907104 0.7140005 0.7708749 0.8641317 
E          0.5246985 0.4721150 0.6483658 0.8217954 0.0000000 0.3407352 0.6057205 0.5328843 0.6363605 0.7163596 
F          0.2733559 0.2051580 0.3572055 0.6000575 0.3407352 0.0000000 0.3245304 0.2531099 0.3793589 0.4415291 
G          0.4701862 0.3940690 0.4840268 0.6907104 0.6057205 0.3245304 0.0000000 0.4266758 0.4906719 0.5422946 
H          0.4091728 0.3150724 0.4972679 0.7140005 0.5328843 0.2531099 0.4266758 0.0000000 0.5107866 0.5719601 
I          0.5288564 0.4968336 0.5443170 0.7708749 0.6363605 0.3793589 0.4906719 0.5107866 0.0000000 0.6907953 
J          0.5215121 0.4959375 0.6730727 0.8641317 0.7163596 0.4415291 0.5422946 0.5719601 0.6907953 0.0000000 
