10
A          0.0000000 0.3952283 0.4951931 0.8624885 0.6075653 0.3085901 0.6398675 0.4134677 0.5196173 0.6561466 
B          0.3952283 0.0000000 0.5556154 0.7314829 0.5132980 0.3094801 0.6242622 0.3899384 0.5456710 0.5343205 
C          0.4951931 0.5556154 0.0000000 0.9004688 0.7409392 0.4335761 0.7474144 0.5600401 0.6605842 0.8630428 
D          0.8624885 0.7314829 0.9004688 0.0000000 1.0112702 0.7225319 0.8589999 0.7085887 0.9448308 0.8787721 
E          0.6075653 0.5132980 0.7409392 1.0112702 0.0000000 0.4652356 0.8051136 0.6217271 0.7417988 0.8985706 
F          0.3085901 0.3094801 0.4335761 0.7225319 0.4652356 0.0000000 0.5216416 0.3250790 0.5172835 0.5827118 
G          0.6398675 0.6242622 0.7474144 0.8589999 0.8051136 0.5216416 0.0000000 0.5881091 0.7912203 0.7648844 
H          0.4134677 0.3899384 0.5600401 0.7085887 0.6217271 0.3250790 0.5881091 0.0000000 0.6140032 0.5956932 
I          0.5196173 0.5456710 0.6605842 0.9448308 0.7417988 0.5172835 0.7912203 0.6140032 0.0000000 0.8109231 
J          0.6561466 0.5343205 0.8630428 0.8787721 0.8985706 0.5827118 0.7648844 0.5956932 0.8109231 0.0000000 
