10
A          0.0000000 0.4490925 0.5316721 0.6364993 0.5259428 0.2577366 0.5023397 0.3962254 0.5072390 0.5116901 
B          0.4490925 0.0000000 0.5253960 0.6930336 0.5971747 0.2388073 0.5666244 0.3717637 0.4882988 0.4925332 
C          0.5316721 0.5253960 0.0000000 0.8245126 0.5808945 0.3810673 0.6234499 0.5113953 0.6967096 0.5906826 
D          0.6364993 0.6930336 0.8245126 0.0000000 0.8021253 0.5835936 0.7745598 0.7147400 0.7779833 0.8170868 
E          0.5259428 0.5971747 0.5808945 0.8021253 0.0000000 0.4051942 0.7170310 0.5731614 0.6497295 0.6532970 
F          0.2577366 0.2388073 0.3810673 0.5835936 0.4051942 0.0000000 0.3718271 0.2495200 0.3624540 0.3529042 
G          0.5023397 0.5666244 0.6234499 0.7745598 0.7170310 0.3718271 0.0000000 0.4945843 0.6219615 0.5775998 
H          0.3962254 0.3717637 0.5113953 0.7147400 0.5731614 0.2495200 0.4945843 0.0000000 0.4898133 0.5303304 
I          0.5072390 0.4882988 0.6967096 0.7779833 0.6497295 0.3624540 0.6219615 0.4898133 0.0000000 0.5763968 
J          0.5116901 0.4925332 0.5906826 0.8170868 0.6532970 0.3529042 0.5775998 0.5303304 0.5763968 0.0000000 
