10
A          0.0000000 0.4044301 0.4547604 0.7210223 0.5087293 0.2886249 0.4613067 0.4682264 0.4758424 0.5341203 
B          0.4044301 0.0000000 0.3989550 0.6473298 0.4197209 0.2055036 0.3849729 0.3307653 0.3958108 0.4226885 
C          0.4547604 0.3989550 0.0000000 0.7203345 0.5050678 0.2975337 0.4629119 0.4446069 0.4679484 0.5512526 
D          0.7210223 0.6473298 0.7203345 0.0000000 0.6835690 0.5393884 0.7439487 0.6800116 0.7502046 0.8443410 
E          0.5087293 0.4197209 0.5050678 0.6835690 0.0000000 0.3523073 0.5254761 0.5032836 0.5007316 0.5484820 
F          0.2886249 0.2055036 0.2975337 0.5393884 0.3523073 0.0000000 0.3197359 0.2610687 0.2948533 0.3831269 
G          0.4613067 0.3849729 0.4629119 0.7439487 0.5254761 0.3197359 0.0000000 0.4986630 0.5170494 0.5884551 
H          0.4682264 0.3307653 0.4446069 0.6800116 0.5032836 0.2610687 0.4986630 0.0000000 0.4566121 0.5032956 
I          0.4758424 0.3958108 0.4679484 0.7502046 0.5007316 0.2948533 0.5170494 0.4566121 0.0000000 0.5484826 
J          0.5341203 0.4226885 0.5512526 0.8443410 0.5484820 0.3831269 0.5884551 0.5032956 0.5484826 0.0000000 
