10
A          0.0000000 0.4149706 0.6174451 0.8109644 0.6792196 0.3390303 0.5371165 0.5468056 0.6038348 0.6864745 
B          0.4149706 0.0000000 0.5126444 0.6817586 0.5566043 0.2337111 0.4156033 0.3691759 0.5309354 0.5413512 
C          0.6174451 0.5126444 0.0000000 0.7457932 0.7197259 0.4033111 0.5929669 0.5912508 0.7708136 0.7607350 
D          0.8109644 0.6817586 0.7457932 0.0000000 0.8072160 0.5878385 0.7370548 0.7853425 0.8399657 1.0091798 
E          0.6792196 0.5566043 0.7197259 0.8072160 0.0000000 0.4395654 0.6252069 0.6036015 0.6983548 0.8780515 
F          0.3390303 0.2337111 0.4033111 0.5878385 0.4395654 0.0000000 0.3372485 0.3273349 0.4100235 0.5117629 
G          0.5371165 0.4156033 0.5929669 0.7370548 0.6252069 0.3372485 0.0000000 0.4913932 0.6345965 0.7363644 
H          0.5468056 0.3691759 0.5912508 0.7853425 0.6036015 0.3273349 0.4913932 0.0000000 0.6418640 0.6038999 
I          0.6038348 0.5309354 0.7708136 0.8399657 0.6983548 0.4100235 0.6345965 0.6418640 0.0000000 0.7614415 
J          0.6864745 0.5413512 0.7607350 1.0091798 0.8780515 0.5117629 0.7363644 0.6038999 0.7614415 0.0000000 
