10
A          0.0000000 0.7141680 0.8071044 0.9959118 1.0946482 0.7629543 0.7390396 0.6977136 0.6089880 0.7867647 
B          0.7141680 0.0000000 0.5232579 0.6920471 0.9009112 0.5266204 0.4673086 0.4826411 0.4156978 0.6333303 
C          0.8071044 0.5232579 0.0000000 0.7532917 1.0896151 0.5827011 0.5751331 0.5590039 0.4842121 0.6256697 
D          0.9959118 0.6920471 0.7532917 0.0000000 0.9743745 0.7264289 0.6795379 0.6760728 0.5687843 0.7621911 
E          1.0946482 0.9009112 1.0896151 0.9743745 0.0000000 0.9293665 0.9616687 0.8534112 0.8047983 0.9904139 
F          0.7629543 0.5266204 0.5827011 0.7264289 0.9293665 0.0000000 0.5544059 0.4691792 0.4239529 0.6252964 
G          0.7390396 0.4673086 0.5751331 0.6795379 0.9616687 0.5544059 0.0000000 0.5237819 0.4296051 0.5958364 
H          0.6977136 0.4826411 0.5590039 0.6760728 0.8534112 0.4691792 0.5237819 0.0000000 0.4007021 0.5859190 
I          0.6089880 0.4156978 0.4842121 0.5687843 0.8047983 0.4239529 0.4296051 0.4007021 0.0000000 0.5304144 
J          0.7867647 0.6333303 0.6256697 0.7621911 0.9904139 0.6252964 0.5958364 0.5859190 0.5304144 0.0000000 
