10
A          0.0000000 0.6703434 0.7352285 0.8460119 0.8570096 0.7046747 0.6980107 0.7298765 0.6288696 0.7301474 
B          0.6703434 0.0000000 0.4563447 0.6191778 0.7122381 0.4760834 0.4543588 0.4591644 0.3642051 0.5165966 
C          0.7352285 0.4563447 0.0000000 0.6301596 0.6237474 0.4922746 0.4242041 0.4756803 0.3612994 0.5192038 
D          0.8460119 0.6191778 0.6301596 0.0000000 0.8446650 0.5979541 0.5627191 0.6094162 0.4956186 0.6651630 
E          0.8570096 0.7122381 0.6237474 0.8446650 0.0000000 0.7149538 0.6479025 0.6341901 0.5549578 0.7546661 
F          0.7046747 0.4760834 0.4922746 0.5979541 0.7149538 0.0000000 0.4465826 0.5069517 0.3927979 0.5060956 
G          0.6980107 0.4543588 0.4242041 0.5627191 0.6479025 0.4465826 0.0000000 0.4316640 0.3252048 0.5110785 
H          0.7298765 0.4591644 0.4756803 0.6094162 0.6341901 0.5069517 0.4316640 0.0000000 0.3263728 0.5054025 
I          0.6288696 0.3642051 0.3612994 0.4956186 0.5549578 0.3927979 0.3252048 0.3263728 0.0000000 0.4030735 
J          0.7301474 0.5165966 0.5192038 0.6651630 0.7546661 0.5060956 0.5110785 0.5054025 0.4030735 0.0000000 
