10
A          0.0000000 0.6794816 0.7751968 0.9964795 0.9307429 0.8295213 0.6691110 0.7685993 0.6255940 0.8049755 
B          0.6794816 0.0000000 0.4845578 0.7182841 0.6781722 0.5479290 0.4117482 0.4710891 0.4205154 0.5227332 
C          0.7751968 0.4845578 0.0000000 0.7103473 0.7402115 0.5976283 0.4981369 0.5490498 0.4555260 0.6243864 
D          0.9964795 0.7182841 0.7103473 0.0000000 0.9248112 0.7136480 0.6090434 0.6491082 0.6052552 0.8095509 
E          0.9307429 0.6781722 0.7402115 0.9248112 0.0000000 0.7768402 0.5943659 0.6711524 0.5706866 0.7162237 
F          0.8295213 0.5479290 0.5976283 0.7136480 0.7768402 0.0000000 0.5268003 0.5756596 0.3960075 0.6211002 
G          0.6691110 0.4117482 0.4981369 0.6090434 0.5943659 0.5268003 0.0000000 0.4289623 0.3490508 0.5434194 
H          0.7685993 0.4710891 0.5490498 0.6491082 0.6711524 0.5756596 0.4289623 0.0000000 0.4049297 0.6062325 
I          0.6255940 0.4205154 0.4555260 0.6052552 0.5706866 0.3960075 0.3490508 0.4049297 0.0000000 0.4707727 
J          0.8049755 0.5227332 0.6243864 0.8095509 0.7162237 0.6211002 0.5434194 0.6062325 0.4707727 0.0000000 
