10
A          0.0000000 0.4802853 0.4627709 0.5685953 0.6643296 0.4928493 0.4273107 0.4405432 0.4406125 0.4292762 
B          0.4802853 0.0000000 0.4051863 0.4845172 0.5148784 0.3502076 0.3360256 0.3422831 0.3361165 0.4119944 
C          0.4627709 0.4051863 0.0000000 0.5000725 0.5533748 0.3870702 0.3879891 0.3816858 0.3583028 0.4330695 
D          0.5685953 0.4845172 0.5000725 0.0000000 0.6217285 0.4326472 0.4545611 0.4073459 0.3936518 0.4551016 
E          0.6643296 0.5148784 0.5533748 0.6217285 0.0000000 0.5293887 0.4862916 0.4915108 0.4980072 0.5036939 
F          0.4928493 0.3502076 0.3870702 0.4326472 0.5293887 0.0000000 0.3430308 0.3069146 0.3271808 0.4102486 
G          0.4273107 0.3360256 0.3879891 0.4545611 0.4862916 0.3430308 0.0000000 0.3074279 0.2745128 0.3800006 
H          0.4405432 0.3422831 0.3816858 0.4073459 0.4915108 0.3069146 0.3074279 0.0000000 0.2765799 0.3558946 
I          0.4406125 0.3361165 0.3583028 0.3936518 0.4980072 0.3271808 0.2745128 0.2765799 0.0000000 0.3424097 
J          0.4292762 0.4119944 0.4330695 0.4551016 0.5036939 0.4102486 0.3800006 0.3558946 0.3424097 0.0000000 
