10
A          0.0000000 0.7081597 0.7122099 0.7259489 0.8469699 0.6579534 0.6741220 0.7135982 0.5786120 0.6700197 
B          0.7081597 0.0000000 0.5997762 0.6344550 0.7390809 0.5574752 0.4898450 0.5023303 0.3873883 0.5004995 
C          0.7122099 0.5997762 0.0000000 0.6585897 0.7998779 0.6357899 0.5793739 0.5967721 0.5440775 0.5853164 
D          0.7259489 0.6344550 0.6585897 0.0000000 0.8621753 0.6293578 0.5331563 0.6766220 0.5455566 0.6466886 
E          0.8469699 0.7390809 0.7998779 0.8621753 0.0000000 0.7777871 0.7232585 0.7802918 0.6481209 0.7927154 
F          0.6579534 0.5574752 0.6357899 0.6293578 0.7777871 0.0000000 0.5230581 0.5744153 0.4541460 0.5756654 
G          0.6741220 0.4898450 0.5793739 0.5331563 0.7232585 0.5230581 0.0000000 0.5136356 0.3612406 0.5458962 
H          0.7135982 0.5023303 0.5967721 0.6766220 0.7802918 0.5744153 0.5136356 0.0000000 0.4947688 0.5530069 
I          0.5786120 0.3873883 0.5440775 0.5455566 0.6481209 0.4541460 0.3612406 0.4947688 0.0000000 0.4418312 
J          0.6700197 0.5004995 0.5853164 0.6466886 0.7927154 0.5756654 0.5458962 0.5530069 0.4418312 0.0000000 
