10
A          0.0000000 0.6390782 0.6911651 0.7926074 0.9999032 0.6525308 0.5830290 0.6104311 0.5599413 0.7837751 
B          0.6390782 0.0000000 0.5337330 0.5772841 0.8196696 0.4771265 0.4733700 0.4593027 0.3643202 0.6165806 
C          0.6911651 0.5337330 0.0000000 0.6839300 0.9635327 0.5176756 0.4728272 0.4295442 0.3862026 0.6675554 
D          0.7926074 0.5772841 0.6839300 0.0000000 0.9359415 0.6498224 0.5485042 0.5915082 0.4723267 0.7410072 
E          0.9999032 0.8196696 0.9635327 0.9359415 0.0000000 0.8401609 0.8296849 0.8104076 0.7119862 0.9845628 
F          0.6525308 0.4771265 0.5176756 0.6498224 0.8401609 0.0000000 0.4654191 0.4183834 0.3596001 0.5918670 
G          0.5830290 0.4733700 0.4728272 0.5485042 0.8296849 0.4654191 0.0000000 0.4748703 0.3351441 0.5841224 
H          0.6104311 0.4593027 0.4295442 0.5915082 0.8104076 0.4183834 0.4748703 0.0000000 0.3406036 0.5710509 
I          0.5599413 0.3643202 0.3862026 0.4723267 0.7119862 0.3596001 0.3351441 0.3406036 0.0000000 0.4981689 
J          0.7837751 0.6165806 0.6675554 0.7410072 0.9845628 0.5918670 0.5841224 0.5710509 0.4981689 0.0000000 
