10
A          0.0000000 0.6517128 0.7464109 0.9237982 0.9542641 0.7274216 0.6933870 0.7068434 0.6359338 0.7025085 
B          0.6517128 0.0000000 0.4459763 0.6476824 0.6489649 0.4604753 0.3849370 0.4618025 0.3619251 0.4744015 
C          0.7464109 0.4459763 0.0000000 0.7486302 0.7976852 0.6045997 0.5068897 0.5742991 0.4964541 0.5656262 
D          0.9237982 0.6476824 0.7486302 0.0000000 0.8471959 0.6800394 0.6096745 0.6481678 0.5862480 0.6736685 
E          0.9542641 0.6489649 0.7976852 0.8471959 0.0000000 0.6776854 0.6558047 0.7114293 0.6707903 0.6751005 
F          0.7274216 0.4604753 0.6045997 0.6800394 0.6776854 0.0000000 0.4346695 0.5748517 0.4247913 0.5136197 
G          0.6933870 0.3849370 0.5068897 0.6096745 0.6558047 0.4346695 0.0000000 0.4089546 0.3425701 0.4574783 
H          0.7068434 0.4618025 0.5742991 0.6481678 0.7114293 0.5748517 0.4089546 0.0000000 0.3898169 0.4949853 
I          0.6359338 0.3619251 0.4964541 0.5862480 0.6707903 0.4247913 0.3425701 0.3898169 0.0000000 0.4234757 
J          0.7025085 0.4744015 0.5656262 0.6736685 0.6751005 0.5136197 0.4574783 0.4949853 0.4234757 0.0000000 
