10
A          0.0000000 0.6253561 0.6571019 0.7651795 0.9055164 0.7167091 0.6615048 0.6960017 0.5901996 0.6459480 
B          0.6253561 0.0000000 0.4864232 0.6582241 0.7045364 0.4558832 0.4399770 0.4758407 0.3789894 0.4945510 
C          0.6571019 0.4864232 0.0000000 0.7506482 0.7203269 0.5784573 0.5287462 0.5700514 0.4524434 0.5808383 
D          0.7651795 0.6582241 0.7506482 0.0000000 0.9245702 0.6845502 0.6827979 0.6621559 0.5602834 0.5625214 
E          0.9055164 0.7045364 0.7203269 0.9245702 0.0000000 0.7489887 0.6270070 0.7413407 0.6285164 0.6623233 
F          0.7167091 0.4558832 0.5784573 0.6845502 0.7489887 0.0000000 0.5066312 0.5551712 0.4233731 0.5746290 
G          0.6615048 0.4399770 0.5287462 0.6827979 0.6270070 0.5066312 0.0000000 0.4174964 0.2813919 0.5103204 
H          0.6960017 0.4758407 0.5700514 0.6621559 0.7413407 0.5551712 0.4174964 0.0000000 0.3661997 0.6014366 
I          0.5901996 0.3789894 0.4524434 0.5602834 0.6285164 0.4233731 0.2813919 0.3661997 0.0000000 0.4456835 
J          0.6459480 0.4945510 0.5808383 0.5625214 0.6623233 0.5746290 0.5103204 0.6014366 0.4456835 0.0000000 
