10
A          0.0000000 0.7702241 0.7818934 1.0133983 0.9912658 0.7441384 0.7083475 0.6920043 0.6144101 0.7653558 
B          0.7702241 0.0000000 0.5788184 0.6654933 0.8119507 0.6111991 0.4441240 0.5302409 0.4433326 0.5822565 
C          0.7818934 0.5788184 0.0000000 0.7062470 0.8467481 0.6086551 0.4507648 0.5768226 0.4719201 0.5900855 
D          1.0133983 0.6654933 0.7062470 0.0000000 0.8841696 0.7067873 0.6325964 0.7238876 0.6143882 0.6803526 
E          0.9912658 0.8119507 0.8467481 0.8841696 0.0000000 0.8684824 0.6352741 0.9269150 0.5918782 0.7493079 
F          0.7441384 0.6111991 0.6086551 0.7067873 0.8684824 0.0000000 0.4797243 0.5424059 0.4380412 0.5604412 
G          0.7083475 0.4441240 0.4507648 0.6325964 0.6352741 0.4797243 0.0000000 0.5017654 0.3658395 0.5148237 
H          0.6920043 0.5302409 0.5768226 0.7238876 0.9269150 0.5424059 0.5017654 0.0000000 0.4380318 0.4926392 
I          0.6144101 0.4433326 0.4719201 0.6143882 0.5918782 0.4380412 0.3658395 0.4380318 0.0000000 0.4734060 
J          0.7653558 0.5822565 0.5900855 0.6803526 0.7493079 0.5604412 0.5148237 0.4926392 0.4734060 0.0000000 
