10
A          0.0000000 0.7265904 0.8102105 0.7694728 0.8882372 0.7858829 0.6850046 0.6588939 0.6012919 0.6519268 
B          0.7265904 0.0000000 0.5594743 0.6183462 0.6821525 0.5615600 0.4163201 0.4535866 0.4001897 0.4998912 
C          0.8102105 0.5594743 0.0000000 0.6922922 0.7368024 0.6501259 0.4968178 0.5411582 0.4613206 0.5785543 
D          0.7694728 0.6183462 0.6922922 0.0000000 0.7649846 0.6602277 0.6058769 0.5622449 0.5189297 0.5924810 
E          0.8882372 0.6821525 0.7368024 0.7649846 0.0000000 0.6951356 0.6456145 0.5780169 0.6136495 0.6464417 
F          0.7858829 0.5615600 0.6501259 0.6602277 0.6951356 0.0000000 0.5354483 0.4557406 0.4594009 0.5430779 
G          0.6850046 0.4163201 0.4968178 0.6058769 0.6456145 0.5354483 0.0000000 0.4020443 0.3475230 0.4888723 
H          0.6588939 0.4535866 0.5411582 0.5622449 0.5780169 0.4557406 0.4020443 0.0000000 0.4071868 0.4511996 
I          0.6012919 0.4001897 0.4613206 0.5189297 0.6136495 0.4594009 0.3475230 0.4071868 0.0000000 0.4087922 
J          0.6519268 0.4998912 0.5785543 0.5924810 0.6464417 0.5430779 0.4888723 0.4511996 0.4087922 0.0000000 
