10
A          0.0000000 0.4753721 0.7524006 0.3917708 0.6186598 0.5445981 0.3014511 0.5349047 0.2966371 0.3646077 
B          0.4753721 0.0000000 0.7256586 0.5949952 0.6384404 0.7840990 0.4665763 0.5451361 0.4242992 0.4256125 
C          0.7524006 0.7256586 0.0000000 0.8503337 0.9150263 0.9790594 0.6765625 0.7905478 0.6976629 0.6579223 
D          0.3917708 0.5949952 0.8503337 0.0000000 0.6823532 0.6709870 0.4649950 0.6085891 0.4209238 0.4783461 
E          0.6186598 0.6384404 0.9150263 0.6823532 0.0000000 0.9312817 0.6420234 0.6916419 0.5370772 0.6070059 
F          0.5445981 0.7840990 0.9790594 0.6709870 0.9312817 0.0000000 0.6516573 0.9384511 0.6542809 0.7000931 
G          0.3014511 0.4665763 0.6765625 0.4649950 0.6420234 0.6516573 0.0000000 0.5391723 0.2867181 0.3734744 
H          0.5349047 0.5451361 0.7905478 0.6085891 0.6916419 0.9384511 0.5391723 0.0000000 0.4136767 0.4491066 
I          0.2966371 0.4242992 0.6976629 0.4209238 0.5370772 0.6542809 0.2867181 0.4136767 0.0000000 0.3118431 
J          0.3646077 0.4256125 0.6579223 0.4783461 0.6070059 0.7000931 0.3734744 0.4491066 0.3118431 0.0000000 
