10
A          0.0000000 0.4811472 0.6172834 0.5077167 0.6111287 0.6115633 0.3716069 0.4127358 0.3434890 0.3866496 
B          0.4811472 0.0000000 0.9243717 0.6512463 0.7250862 0.8135513 0.4850563 0.5330014 0.4626753 0.4816737 
C          0.6172834 0.9243717 0.0000000 0.7363242 0.9254548 1.0986315 0.6303346 0.7045158 0.6224933 0.7104896 
D          0.5077167 0.6512463 0.7363242 0.0000000 0.6484274 0.8874858 0.4746593 0.5812516 0.4642712 0.5139515 
E          0.6111287 0.7250862 0.9254548 0.6484274 0.0000000 0.9684321 0.5852351 0.6465884 0.6719337 0.6446677 
F          0.6115633 0.8135513 1.0986315 0.8874858 0.9684321 0.0000000 0.7632501 0.7543640 0.6784506 0.7009781 
G          0.3716069 0.4850563 0.6303346 0.4746593 0.5852351 0.7632501 0.0000000 0.4226366 0.3278047 0.3685379 
H          0.4127358 0.5330014 0.7045158 0.5812516 0.6465884 0.7543640 0.4226366 0.0000000 0.4049911 0.4285433 
I          0.3434890 0.4626753 0.6224933 0.4642712 0.6719337 0.6784506 0.3278047 0.4049911 0.0000000 0.3520219 
J          0.3866496 0.4816737 0.7104896 0.5139515 0.6446677 0.7009781 0.3685379 0.4285433 0.3520219 0.0000000 
