10
A          0.0000000 0.4337082 0.6814693 0.4182031 0.5078781 0.7456641 0.3427515 0.4996664 0.3094498 0.4183447 
B          0.4337082 0.0000000 0.7805317 0.5835375 0.6416898 0.8307757 0.4484004 0.5706258 0.4184260 0.5211937 
C          0.6814693 0.7805317 0.0000000 0.8939764 0.8478638 1.0288055 0.6685712 0.7989560 0.7089096 0.6785919 
D          0.4182031 0.5835375 0.8939764 0.0000000 0.7012688 0.7827807 0.4783412 0.5753749 0.4492586 0.4757334 
E          0.5078781 0.6416898 0.8478638 0.7012688 0.0000000 1.0885963 0.5846202 0.7282837 0.5563599 0.5786019 
F          0.7456641 0.8307757 1.0288055 0.7827807 1.0885963 0.0000000 0.7186510 0.8371917 0.6953595 0.7924780 
G          0.3427515 0.4484004 0.6685712 0.4783412 0.5846202 0.7186510 0.0000000 0.5057505 0.3741788 0.3801312 
H          0.4996664 0.5706258 0.7989560 0.5753749 0.7282837 0.8371917 0.5057505 0.0000000 0.4845467 0.4879044 
I          0.3094498 0.4184260 0.7089096 0.4492586 0.5563599 0.6953595 0.3741788 0.4845467 0.0000000 0.4129447 
J          0.4183447 0.5211937 0.6785919 0.4757334 0.5786019 0.7924780 0.3801312 0.4879044 0.4129447 0.0000000 
