10
A          0.0000000 0.4808634 0.7350044 0.5183473 0.6795461 0.8533982 0.3890915 0.4441222 0.3543349 0.3865777 
B          0.4808634 0.0000000 0.7984573 0.5359579 0.6313366 0.8707393 0.4593228 0.5644716 0.4403833 0.4609186 
C          0.7350044 0.7984573 0.0000000 0.8861108 1.0094292 1.2297454 0.7162214 0.9036962 0.6488785 0.6468056 
D          0.5183473 0.5359579 0.8861108 0.0000000 0.7438150 0.9547146 0.4716823 0.6222186 0.4889228 0.5062663 
E          0.6795461 0.6313366 1.0094292 0.7438150 0.0000000 1.0877935 0.6113636 0.6895312 0.5387165 0.6932740 
F          0.8533982 0.8707393 1.2297454 0.9547146 1.0877935 0.0000000 0.7743234 0.8469371 0.7764963 0.8411780 
G          0.3890915 0.4593228 0.7162214 0.4716823 0.6113636 0.7743234 0.0000000 0.4559778 0.3367144 0.3837194 
H          0.4441222 0.5644716 0.9036962 0.6222186 0.6895312 0.8469371 0.4559778 0.0000000 0.4404412 0.4801895 
I          0.3543349 0.4403833 0.6488785 0.4889228 0.5387165 0.7764963 0.3367144 0.4404412 0.0000000 0.3856748 
J          0.3865777 0.4609186 0.6468056 0.5062663 0.6932740 0.8411780 0.3837194 0.4801895 0.3856748 0.0000000 
