10
A          0.0000000 0.5514827 0.7905355 0.5032223 0.7746383 0.6442004 0.3219335 0.5303044 0.4350400 0.4402319 
B          0.5514827 0.0000000 0.7694178 0.7102071 0.7395960 0.9378988 0.4517279 0.5197588 0.4980088 0.5224458 
C          0.7905355 0.7694178 0.0000000 0.8491937 0.9223128 1.1559669 0.6603028 0.7266643 0.6923484 0.6680346 
D          0.5032223 0.7102071 0.8491937 0.0000000 0.6979209 0.8940197 0.4688236 0.6967137 0.5303919 0.5935833 
E          0.7746383 0.7395960 0.9223128 0.6979209 0.0000000 1.1850987 0.5889504 0.7406717 0.6459715 0.5495193 
F          0.6442004 0.9378988 1.1559669 0.8940197 1.1850987 0.0000000 0.6294128 0.9609353 0.7621144 0.8131005 
G          0.3219335 0.4517279 0.6603028 0.4688236 0.5889504 0.6294128 0.0000000 0.5063546 0.3138218 0.3626813 
H          0.5303044 0.5197588 0.7266643 0.6967137 0.7406717 0.9609353 0.5063546 0.0000000 0.4984369 0.5284481 
I          0.4350400 0.4980088 0.6923484 0.5303919 0.6459715 0.7621144 0.3138218 0.4984369 0.0000000 0.3713507 
J          0.4402319 0.5224458 0.6680346 0.5935833 0.5495193 0.8131005 0.3626813 0.5284481 0.3713507 0.0000000 
