10
A          0.0000000 0.3898195 0.6462487 0.4098697 0.5442965 0.6652752 0.3331260 0.3806366 0.3272139 0.3720689 
B          0.3898195 0.0000000 0.6989198 0.6002853 0.6639897 0.8323044 0.4665168 0.5152621 0.4804361 0.4564077 
C          0.6462487 0.6989198 0.0000000 0.7460606 0.7451192 0.9735145 0.6329513 0.7213492 0.6526553 0.6978014 
D          0.4098697 0.6002853 0.7460606 0.0000000 0.6364545 0.7540050 0.4267374 0.5480349 0.4836095 0.4409541 
E          0.5442965 0.6639897 0.7451192 0.6364545 0.0000000 0.8423760 0.5462764 0.5999032 0.5716016 0.5520830 
F          0.6652752 0.8323044 0.9735145 0.7540050 0.8423760 0.0000000 0.6853992 0.8182333 0.7105721 0.6750606 
G          0.3331260 0.4665168 0.6329513 0.4267374 0.5462764 0.6853992 0.0000000 0.4180680 0.3795774 0.3945296 
H          0.3806366 0.5152621 0.7213492 0.5480349 0.5999032 0.8182333 0.4180680 0.0000000 0.4331836 0.4171848 
I          0.3272139 0.4804361 0.6526553 0.4836095 0.5716016 0.7105721 0.3795774 0.4331836 0.0000000 0.3745707 
J          0.3720689 0.4564077 0.6978014 0.4409541 0.5520830 0.6750606 0.3945296 0.4171848 0.3745707 0.0000000 
