10
A          0.0000000 0.4140184 0.6119102 0.4421055 0.5543426 0.7176436 0.3755763 0.4906671 0.3669131 0.3868218 
B          0.4140184 0.0000000 0.5997975 0.5287348 0.6026052 0.7409222 0.4036822 0.4927023 0.4202382 0.4346419 
C          0.6119102 0.5997975 0.0000000 0.7054927 0.7144140 0.9433653 0.5833271 0.6163314 0.5640871 0.5642661 
D          0.4421055 0.5287348 0.7054927 0.0000000 0.6577370 0.7157556 0.4153287 0.5093496 0.3973780 0.4912510 
E          0.5543426 0.6026052 0.7144140 0.6577370 0.0000000 0.7832019 0.5882285 0.6107995 0.5704044 0.5454630 
F          0.7176436 0.7409222 0.9433653 0.7157556 0.7832019 0.0000000 0.7073350 0.7152097 0.6300631 0.6982025 
G          0.3755763 0.4036822 0.5833271 0.4153287 0.5882285 0.7073350 0.0000000 0.4474824 0.3198228 0.3808799 
H          0.4906671 0.4927023 0.6163314 0.5093496 0.6107995 0.7152097 0.4474824 0.0000000 0.4162070 0.4717522 
I          0.3669131 0.4202382 0.5640871 0.3973780 0.5704044 0.6300631 0.3198228 0.4162070 0.0000000 0.3600719 
J          0.3868218 0.4346419 0.5642661 0.4912510 0.5454630 0.6982025 0.3808799 0.4717522 0.3600719 0.0000000 
