10
A          0.0000000 0.3713781 0.5399580 0.3985645 0.4801753 0.5614559 0.2952640 0.3502866 0.3017862 0.3325019 
B          0.3713781 0.0000000 0.5871813 0.5203946 0.5997225 0.6122155 0.3465729 0.4885006 0.3886957 0.4343028 
C          0.5399580 0.5871813 0.0000000 0.6451191 0.6979083 0.6834014 0.4946278 0.6601002 0.5529363 0.5516802 
D          0.3985645 0.5203946 0.6451191 0.0000000 0.6336198 0.7237570 0.4046810 0.5346837 0.4293453 0.4874983 
E          0.4801753 0.5997225 0.6979083 0.6336198 0.0000000 0.7631157 0.4740832 0.5976554 0.4955356 0.5524382 
F          0.5614559 0.6122155 0.6834014 0.7237570 0.7631157 0.0000000 0.5143257 0.6219841 0.5185823 0.6196359 
G          0.2952640 0.3465729 0.4946278 0.4046810 0.4740832 0.5143257 0.0000000 0.3862217 0.2975653 0.3379190 
H          0.3502866 0.4885006 0.6601002 0.5346837 0.5976554 0.6219841 0.3862217 0.0000000 0.3816850 0.4329293 
I          0.3017862 0.3886957 0.5529363 0.4293453 0.4955356 0.5185823 0.2975653 0.3816850 0.0000000 0.3602020 
J          0.3325019 0.4343028 0.5516802 0.4874983 0.5524382 0.6196359 0.3379190 0.4329293 0.3602020 0.0000000 
