10
A          0.0000000 0.5054826 0.6957673 0.4577421 0.6737475 0.6868879 0.3997243 0.4613055 0.3802800 0.4359864 
B          0.5054826 0.0000000 0.8114311 0.6220418 0.6820622 0.8925037 0.4999642 0.5128053 0.4532374 0.5139628 
C          0.6957673 0.8114311 0.0000000 0.8320027 0.9247488 1.1077496 0.6533079 0.6339535 0.6066151 0.6889293 
D          0.4577421 0.6220418 0.8320027 0.0000000 0.7019541 0.7512999 0.4444861 0.5177348 0.4179253 0.5711977 
E          0.6737475 0.6820622 0.9247488 0.7019541 0.0000000 0.9817451 0.5719205 0.6367310 0.5772592 0.6341218 
F          0.6868879 0.8925037 1.1077496 0.7512999 0.9817451 0.0000000 0.6959169 0.8057682 0.6569886 0.7873277 
G          0.3997243 0.4999642 0.6533079 0.4444861 0.5719205 0.6959169 0.0000000 0.4463992 0.3152138 0.3997968 
H          0.4613055 0.5128053 0.6339535 0.5177348 0.6367310 0.8057682 0.4463992 0.0000000 0.4230498 0.4661507 
I          0.3802800 0.4532374 0.6066151 0.4179253 0.5772592 0.6569886 0.3152138 0.4230498 0.0000000 0.3710979 
J          0.4359864 0.5139628 0.6889293 0.5711977 0.6341218 0.7873277 0.3997968 0.4661507 0.3710979 0.0000000 
