10
A          0.0000000 0.3977445 0.5341733 0.3730416 0.4839561 0.5984953 0.3175387 0.3863604 0.3225901 0.3605650 
B          0.3977445 0.0000000 0.5741641 0.4591466 0.5578122 0.7153229 0.4154941 0.4419594 0.3857955 0.3979857 
C          0.5341733 0.5741641 0.0000000 0.6047642 0.7635258 0.9671576 0.5892126 0.6017776 0.5453342 0.6351933 
D          0.3730416 0.4591466 0.6047642 0.0000000 0.5084242 0.7388386 0.3828631 0.4779590 0.4029900 0.4192990 
E          0.4839561 0.5578122 0.7635258 0.5084242 0.0000000 0.8333317 0.5196929 0.5802696 0.5257403 0.5420895 
F          0.5984953 0.7153229 0.9671576 0.7388386 0.8333317 0.0000000 0.6433010 0.6896643 0.6992444 0.7283046 
G          0.3175387 0.4154941 0.5892126 0.3828631 0.5196929 0.6433010 0.0000000 0.3894113 0.3040793 0.3430591 
H          0.3863604 0.4419594 0.6017776 0.4779590 0.5802696 0.6896643 0.3894113 0.0000000 0.3689147 0.4179338 
I          0.3225901 0.3857955 0.5453342 0.4029900 0.5257403 0.6992444 0.3040793 0.3689147 0.0000000 0.3190780 
J          0.3605650 0.3979857 0.6351933 0.4192990 0.5420895 0.7283046 0.3430591 0.4179338 0.3190780 0.0000000 
