10
A          0.0000000 0.7301675 0.4041758 0.3819541 0.6846730 0.7140366 0.6059191 0.4415375 0.5917198 0.5697737 
B          0.7301675 0.0000000 0.5362291 0.6898549 0.9236912 0.9353286 0.7741260 0.6196156 0.8124358 0.7095581 
C          0.4041758 0.5362291 0.0000000 0.3318732 0.5808928 0.6811070 0.5168965 0.2510167 0.4803504 0.4632617 
D          0.3819541 0.6898549 0.3318732 0.0000000 0.6457759 0.7133600 0.5914799 0.3979241 0.5449690 0.5062839 
E          0.6846730 0.9236912 0.5808928 0.6457759 0.0000000 1.0343314 0.7786503 0.6528929 0.8679502 0.6254981 
F          0.7140366 0.9353286 0.6811070 0.7133600 1.0343314 0.0000000 0.8902307 0.7605153 0.9454656 0.9090398 
G          0.6059191 0.7741260 0.5168965 0.5914799 0.7786503 0.8902307 0.0000000 0.6172041 0.7466431 0.5927155 
H          0.4415375 0.6196156 0.2510167 0.3979241 0.6528929 0.7605153 0.6172041 0.0000000 0.5461364 0.4967073 
I          0.5917198 0.8124358 0.4803504 0.5449690 0.8679502 0.9454656 0.7466431 0.5461364 0.0000000 0.6746253 
J          0.5697737 0.7095581 0.4632617 0.5062839 0.6254981 0.9090398 0.5927155 0.4967073 0.6746253 0.0000000 
