10
A          0.0000000 0.5948574 0.2763173 0.3025452 0.5334772 0.6363467 0.4895399 0.2595665 0.6316570 0.3444800 
B          0.5948574 0.0000000 0.5095641 0.6413179 0.8690718 0.8798478 0.7938795 0.5525852 0.8359982 0.6438963 
C          0.2763173 0.5095641 0.0000000 0.2502136 0.4856281 0.5912217 0.4319759 0.2105737 0.5001976 0.2944323 
D          0.3025452 0.6413179 0.2502136 0.0000000 0.5563219 0.6804817 0.4619948 0.2699306 0.5993463 0.3641649 
E          0.5334772 0.8690718 0.4856281 0.5563219 0.0000000 0.9007516 0.6617389 0.4770716 0.8260262 0.5829174 
F          0.6363467 0.8798478 0.5912217 0.6804817 0.9007516 0.0000000 0.8121472 0.5502710 0.8740397 0.7164236 
G          0.4895399 0.7938795 0.4319759 0.4619948 0.6617389 0.8121472 0.0000000 0.3847498 0.7726047 0.5420436 
H          0.2595665 0.5525852 0.2105737 0.2699306 0.4770716 0.5502710 0.3847498 0.0000000 0.5420785 0.2907586 
I          0.6316570 0.8359982 0.5001976 0.5993463 0.8260262 0.8740397 0.7726047 0.5420785 0.0000000 0.6720603 
J          0.3444800 0.6438963 0.2944323 0.3641649 0.5829174 0.7164236 0.5420436 0.2907586 0.6720603 0.0000000 
