10
A          0.0000000 0.6001744 0.3068397 0.2991535 0.5908683 0.6763529 0.5248090 0.2955548 0.6363082 0.3605006 
B          0.6001744 0.0000000 0.5809863 0.5885551 0.8302797 0.9417168 0.8032512 0.5759330 0.8411594 0.6118868 
C          0.3068397 0.5809863 0.0000000 0.2162255 0.5470626 0.5963052 0.4512639 0.2366804 0.5604692 0.3156056 
D          0.2991535 0.5885551 0.2162255 0.0000000 0.5620274 0.6106681 0.4162873 0.2686916 0.5410640 0.3140718 
E          0.5908683 0.8302797 0.5470626 0.5620274 0.0000000 0.8480481 0.6776101 0.5662569 0.8529081 0.6005358 
F          0.6763529 0.9417168 0.5963052 0.6106681 0.8480481 0.0000000 0.7961193 0.6331886 1.0136414 0.7074189 
G          0.5248090 0.8032512 0.4512639 0.4162873 0.6776101 0.7961193 0.0000000 0.4449814 0.7997294 0.5002605 
H          0.2955548 0.5759330 0.2366804 0.2686916 0.5662569 0.6331886 0.4449814 0.0000000 0.5817816 0.3305702 
I          0.6363082 0.8411594 0.5604692 0.5410640 0.8529081 1.0136414 0.7997294 0.5817816 0.0000000 0.6841614 
J          0.3605006 0.6118868 0.3156056 0.3140718 0.6005358 0.7074189 0.5002605 0.3305702 0.6841614 0.0000000 
