10
A          0.0000000 0.7671539 0.2732728 0.2957699 0.6000359 0.7427085 0.4415924 0.3227532 0.6059266 0.3586997 
B          0.7671539 0.0000000 0.6352449 0.6976175 1.0465410 1.0760958 0.7890169 0.7274897 1.0555845 0.7605837 
C          0.2732728 0.6352449 0.0000000 0.2508935 0.5482002 0.6797290 0.3974431 0.2780965 0.6043135 0.2829293 
D          0.2957699 0.6976175 0.2508935 0.0000000 0.6263936 0.7164392 0.4336563 0.2953992 0.5666796 0.3649564 
E          0.6000359 1.0465410 0.5482002 0.6263936 0.0000000 0.9780570 0.6732970 0.6633037 0.9450621 0.6278258 
F          0.7427085 1.0760958 0.6797290 0.7164392 0.9780570 0.0000000 0.8907001 0.7022131 1.0070880 0.8247920 
G          0.4415924 0.7890169 0.3974431 0.4336563 0.6732970 0.8907001 0.0000000 0.4551318 0.7623264 0.5029119 
H          0.3227532 0.7274897 0.2780965 0.2953992 0.6633037 0.7022131 0.4551318 0.0000000 0.6006689 0.3746859 
I          0.6059266 1.0555845 0.6043135 0.5666796 0.9450621 1.0070880 0.7623264 0.6006689 0.0000000 0.6887484 
J          0.3586997 0.7605837 0.2829293 0.3649564 0.6278258 0.8247920 0.5029119 0.3746859 0.6887484 0.0000000 
