10
A          0.0000000 0.6885607 0.2656093 0.3402514 0.6148939 0.6364804 0.5453799 0.3066532 0.5630319 0.3708679 
B          0.6885607 0.0000000 0.6240791 0.6320723 0.8862256 1.0132761 0.8145026 0.6129770 0.8784751 0.6450296 
C          0.2656093 0.6240791 0.0000000 0.2473363 0.5106370 0.6049465 0.4216640 0.2068946 0.4933390 0.2650221 
D          0.3402514 0.6320723 0.2473363 0.0000000 0.5628681 0.6706711 0.5073405 0.2952450 0.5218412 0.3058913 
E          0.6148939 0.8862256 0.5106370 0.5628681 0.0000000 1.0160228 0.7025589 0.5350717 0.7015508 0.5253550 
F          0.6364804 1.0132761 0.6049465 0.6706711 1.0160228 0.0000000 0.9590008 0.6408419 0.9424807 0.6737168 
G          0.5453799 0.8145026 0.4216640 0.5073405 0.7025589 0.9590008 0.0000000 0.4810761 0.6707862 0.5077710 
H          0.3066532 0.6129770 0.2068946 0.2952450 0.5350717 0.6408419 0.4810761 0.0000000 0.5480827 0.2688211 
I          0.5630319 0.8784751 0.4933390 0.5218412 0.7015508 0.9424807 0.6707862 0.5480827 0.0000000 0.5322636 
J          0.3708679 0.6450296 0.2650221 0.3058913 0.5253550 0.6737168 0.5077710 0.2688211 0.5322636 0.0000000 
