10
A          0.0000000 0.6661342 0.2920465 0.3176498 0.5712625 0.6271394 0.5402696 0.3436119 0.4670589 0.3326861 
B          0.6661342 0.0000000 0.5673826 0.6821362 0.9457560 0.9633318 0.8278825 0.6573202 0.8364520 0.6718799 
C          0.2920465 0.5673826 0.0000000 0.2661375 0.4915706 0.5614964 0.4292539 0.2319294 0.4447169 0.2982276 
D          0.3176498 0.6821362 0.2661375 0.0000000 0.5383303 0.6091989 0.4516251 0.2955194 0.4787496 0.3251415 
E          0.5712625 0.9457560 0.4915706 0.5383303 0.0000000 0.8330537 0.7867880 0.5307965 0.6733551 0.5812477 
F          0.6271394 0.9633318 0.5614964 0.6091989 0.8330537 0.0000000 0.7924631 0.6068844 0.8260109 0.6468001 
G          0.5402696 0.8278825 0.4292539 0.4516251 0.7867880 0.7924631 0.0000000 0.4597486 0.6210792 0.4750862 
H          0.3436119 0.6573202 0.2319294 0.2955194 0.5307965 0.6068844 0.4597486 0.0000000 0.4410587 0.3423709 
I          0.4670589 0.8364520 0.4447169 0.4787496 0.6733551 0.8260109 0.6210792 0.4410587 0.0000000 0.4581698 
J          0.3326861 0.6718799 0.2982276 0.3251415 0.5812477 0.6468001 0.4750862 0.3423709 0.4581698 0.0000000 
