10
A          0.0000000 0.6729048 0.2439141 0.3227886 0.6041948 0.6050569 0.4774769 0.3155059 0.5250594 0.4102694 
B          0.6729048 0.0000000 0.5105367 0.5928932 0.9139398 0.9739114 0.7262838 0.5876355 0.7259905 0.7174548 
C          0.2439141 0.5105367 0.0000000 0.2112021 0.4836082 0.5185220 0.3226247 0.1956772 0.3847704 0.3170298 
D          0.3227886 0.5928932 0.2112021 0.0000000 0.6229591 0.6065152 0.3850952 0.2882325 0.4540304 0.3905372 
E          0.6041948 0.9139398 0.4836082 0.6229591 0.0000000 0.9033431 0.7383541 0.6214865 0.8122789 0.7190066 
F          0.6050569 0.9739114 0.5185220 0.6065152 0.9033431 0.0000000 0.7351676 0.6183683 0.8329216 0.6788406 
G          0.4774769 0.7262838 0.3226247 0.3850952 0.7383541 0.7351676 0.0000000 0.4068992 0.5807152 0.4909540 
H          0.3155059 0.5876355 0.1956772 0.2882325 0.6214865 0.6183683 0.4068992 0.0000000 0.4536679 0.3919392 
I          0.5250594 0.7259905 0.3847704 0.4540304 0.8122789 0.8329216 0.5807152 0.4536679 0.0000000 0.6789786 
J          0.4102694 0.7174548 0.3170298 0.3905372 0.7190066 0.6788406 0.4909540 0.3919392 0.6789786 0.0000000 
