10
A          0.0000000 0.5808899 0.2668132 0.3010065 0.5242435 0.5290714 0.4941891 0.3360949 0.6274889 0.3617956 
B          0.5808899 0.0000000 0.5141666 0.5691052 0.8491258 0.8126519 0.7511886 0.5907306 0.8125648 0.6320300 
C          0.2668132 0.5141666 0.0000000 0.2363392 0.4538915 0.5333767 0.5071459 0.2682387 0.4589388 0.3238182 
D          0.3010065 0.5691052 0.2363392 0.0000000 0.5317796 0.5582692 0.4673103 0.3225892 0.5778426 0.3414192 
E          0.5242435 0.8491258 0.4538915 0.5317796 0.0000000 0.7325593 0.6851141 0.4686677 0.7123755 0.5432909 
F          0.5290714 0.8126519 0.5333767 0.5582692 0.7325593 0.0000000 0.6942666 0.5674838 0.8099619 0.6230090 
G          0.4941891 0.7511886 0.5071459 0.4673103 0.6851141 0.6942666 0.0000000 0.5258009 0.7784604 0.5555940 
H          0.3360949 0.5907306 0.2682387 0.3225892 0.4686677 0.5674838 0.5258009 0.0000000 0.6057610 0.4239822 
I          0.6274889 0.8125648 0.4589388 0.5778426 0.7123755 0.8099619 0.7784604 0.6057610 0.0000000 0.6061850 
J          0.3617956 0.6320300 0.3238182 0.3414192 0.5432909 0.6230090 0.5555940 0.4239822 0.6061850 0.0000000 
