10
A          0.0000000 0.7129318 0.3658543 0.3388950 0.6320520 0.7381311 0.5422096 0.3408477 0.7265085 0.4447616 
B          0.7129318 0.0000000 0.6267151 0.6800008 0.8938344 0.9161630 0.8621272 0.5741412 0.8879896 0.6883770 
C          0.3658543 0.6267151 0.0000000 0.2778638 0.5519427 0.6396026 0.4658428 0.2308100 0.5725784 0.3139987 
D          0.3388950 0.6800008 0.2778638 0.0000000 0.5341430 0.6184976 0.4610660 0.2957605 0.6180103 0.3768969 
E          0.6320520 0.8938344 0.5519427 0.5341430 0.0000000 0.8105109 0.6979648 0.5314462 0.8045067 0.6266453 
F          0.7381311 0.9161630 0.6396026 0.6184976 0.8105109 0.0000000 0.8268721 0.6057042 0.8299997 0.7095256 
G          0.5422096 0.8621272 0.4658428 0.4610660 0.6979648 0.8268721 0.0000000 0.4741932 0.6962844 0.5458669 
H          0.3408477 0.5741412 0.2308100 0.2957605 0.5314462 0.6057042 0.4741932 0.0000000 0.5414419 0.3351151 
I          0.7265085 0.8879896 0.5725784 0.6180103 0.8045067 0.8299997 0.6962844 0.5414419 0.0000000 0.5864962 
J          0.4447616 0.6883770 0.3139987 0.3768969 0.6266453 0.7095256 0.5458669 0.3351151 0.5864962 0.0000000 
