10
A          0.0000000 0.7491090 0.4127842 0.3017728 0.6618297 0.6446766 0.5248963 0.4530392 0.6378233 0.5132012 
B          0.7491090 0.0000000 0.5848038 0.6615146 0.9932734 1.0941462 0.7131299 0.5110566 0.9204851 0.7766292 
C          0.4127842 0.5848038 0.0000000 0.3431654 0.6337144 0.7195161 0.5068289 0.2421652 0.5890712 0.4908801 
D          0.3017728 0.6615146 0.3431654 0.0000000 0.5860441 0.6053759 0.4333750 0.3625619 0.5773349 0.4548164 
E          0.6618297 0.9932734 0.6337144 0.5860441 0.0000000 0.9537127 0.7474547 0.6910474 0.9161971 0.5754985 
F          0.6446766 1.0941462 0.7195161 0.6053759 0.9537127 0.0000000 0.8230760 0.7467742 1.0671048 0.8006637 
G          0.5248963 0.7131299 0.5068289 0.4333750 0.7474547 0.8230760 0.0000000 0.4851624 0.6882619 0.6070198 
H          0.4530392 0.5110566 0.2421652 0.3625619 0.6910474 0.7467742 0.4851624 0.0000000 0.5593655 0.4874011 
I          0.6378233 0.9204851 0.5890712 0.5773349 0.9161971 1.0671048 0.6882619 0.5593655 0.0000000 0.8225278 
J          0.5132012 0.7766292 0.4908801 0.4548164 0.5754985 0.8006637 0.6070198 0.4874011 0.8225278 0.0000000 
