10
A          0.0000000 0.6571362 0.3384943 0.3903420 0.7747558 0.6483502 0.5707631 0.4568592 0.8075637 0.4018608 
B          0.6571362 0.0000000 0.5300888 0.6317995 1.0929074 0.9532439 0.6954422 0.6852753 0.9541519 0.6933819 
C          0.3384943 0.5300888 0.0000000 0.2955208 0.6993977 0.6019013 0.4743303 0.2486841 0.6233758 0.3200589 
D          0.3903420 0.6317995 0.2955208 0.0000000 0.7784356 0.6313079 0.4797511 0.3433286 0.6847045 0.3605912 
E          0.7747558 1.0929074 0.6993977 0.7784356 0.0000000 1.0903485 0.8649794 0.8463503 1.1225383 0.8064386 
F          0.6483502 0.9532439 0.6019013 0.6313079 1.0903485 0.0000000 0.7566369 0.7308762 0.9374147 0.7678945 
G          0.5707631 0.6954422 0.4743303 0.4797511 0.8649794 0.7566369 0.0000000 0.5632598 0.8178922 0.5104148 
H          0.4568592 0.6852753 0.2486841 0.3433286 0.8463503 0.7308762 0.5632598 0.0000000 0.7198784 0.3951297 
I          0.8075637 0.9541519 0.6233758 0.6847045 1.1225383 0.9374147 0.8178922 0.7198784 0.0000000 0.7644230 
J          0.4018608 0.6933819 0.3200589 0.3605912 0.8064386 0.7678945 0.5104148 0.3951297 0.7644230 0.0000000 
