10
A          0.0000000 0.7411286 0.3278539 0.3610455 0.6732955 0.8091990 0.4730821 0.3847716 0.6450403 0.4162044 
B          0.7411286 0.0000000 0.5701539 0.7228333 0.8925568 1.2566764 0.7857486 0.6675514 0.8068663 0.8502149 
C          0.3278539 0.5701539 0.0000000 0.2923607 0.5684595 0.7600048 0.4293348 0.2481314 0.5089804 0.4124594 
D          0.3610455 0.7228333 0.2923607 0.0000000 0.6139716 0.7355194 0.4560689 0.3633186 0.5596709 0.4397104 
E          0.6732955 0.8925568 0.5684595 0.6139716 0.0000000 1.1583873 0.7481610 0.6496645 0.8245792 0.6033064 
F          0.8091990 1.2566764 0.7600048 0.7355194 1.1583873 0.0000000 0.9257531 0.7829932 1.0874586 0.8206401 
G          0.4730821 0.7857486 0.4293348 0.4560689 0.7481610 0.9257531 0.0000000 0.4435376 0.7274839 0.5059594 
H          0.3847716 0.6675514 0.2481314 0.3633186 0.6496645 0.7829932 0.4435376 0.0000000 0.5536097 0.4059647 
I          0.6450403 0.8068663 0.5089804 0.5596709 0.8245792 1.0874586 0.7274839 0.5536097 0.0000000 0.6513568 
J          0.4162044 0.8502149 0.4124594 0.4397104 0.6033064 0.8206401 0.5059594 0.4059647 0.6513568 0.0000000 
