10
A          0.0000000 0.7405327 0.3165724 0.3344249 0.6381230 0.7105699 0.4642827 0.2962476 0.5720656 0.3946696 
B          0.7405327 0.0000000 0.6430706 0.6174250 0.8514169 1.2516175 0.7641157 0.6227328 0.9863623 0.7167523 
C          0.3165724 0.6430706 0.0000000 0.3073007 0.5763037 0.7814394 0.3727742 0.2768929 0.5863791 0.3555102 
D          0.3344249 0.6174250 0.3073007 0.0000000 0.5605212 0.7252099 0.4388977 0.2935538 0.5645664 0.3803412 
E          0.6381230 0.8514169 0.5763037 0.5605212 0.0000000 0.9869943 0.7549120 0.5894244 0.8474792 0.6091607 
F          0.7105699 1.2516175 0.7814394 0.7252099 0.9869943 0.0000000 0.9321698 0.7368677 0.9851101 0.7906372 
G          0.4642827 0.7641157 0.3727742 0.4388977 0.7549120 0.9321698 0.0000000 0.4386099 0.7565012 0.4830570 
H          0.2962476 0.6227328 0.2768929 0.2935538 0.5894244 0.7368677 0.4386099 0.0000000 0.5396149 0.3735827 
I          0.5720656 0.9863623 0.5863791 0.5645664 0.8474792 0.9851101 0.7565012 0.5396149 0.0000000 0.6262357 
J          0.3946696 0.7167523 0.3555102 0.3803412 0.6091607 0.7906372 0.4830570 0.3735827 0.6262357 0.0000000 
