10
A          0.0000000 0.4205421 0.4457529 0.6680441 0.5912417 0.6427314 0.6581820 0.4104207 0.3898304 0.7506193 
B          0.4205421 0.0000000 0.5088007 0.6859058 0.6372934 0.6320218 0.5867403 0.4621443 0.4705549 0.8489084 
C          0.4457529 0.5088007 0.0000000 0.7594688 0.6115478 0.7166900 0.7528830 0.4414586 0.5027994 0.8615857 
D          0.6680441 0.6859058 0.7594688 0.0000000 0.8229891 0.9887942 0.8920677 0.6723899 0.6528478 1.0086776 
E          0.5912417 0.6372934 0.6115478 0.8229891 0.0000000 0.8690927 0.9250937 0.6989461 0.6359796 0.9575379 
F          0.6427314 0.6320218 0.7166900 0.9887942 0.8690927 0.0000000 0.8374244 0.7608954 0.7093326 1.0525185 
G          0.6581820 0.5867403 0.7528830 0.8920677 0.9250937 0.8374244 0.0000000 0.7218774 0.7955127 1.0156038 
H          0.4104207 0.4621443 0.4414586 0.6723899 0.6989461 0.7608954 0.7218774 0.0000000 0.4486163 0.8787143 
I          0.3898304 0.4705549 0.5027994 0.6528478 0.6359796 0.7093326 0.7955127 0.4486163 0.0000000 0.8550066 
J          0.7506193 0.8489084 0.8615857 1.0086776 0.9575379 1.0525185 1.0156038 0.8787143 0.8550066 0.0000000 
