10
A          0.0000000 0.4569810 0.5668991 0.6783821 0.5956247 0.6235886 0.5857999 0.4129590 0.3922305 0.6855713 
B          0.4569810 0.0000000 0.4860153 0.6524042 0.5351474 0.5494968 0.4777085 0.3849095 0.5138685 0.5223659 
C          0.5668991 0.4860153 0.0000000 0.6543895 0.5028369 0.7397771 0.5292467 0.4570128 0.6588768 0.6988751 
D          0.6783821 0.6524042 0.6543895 0.0000000 0.7386173 0.8124002 0.7375987 0.6789235 0.7006654 0.8235864 
E          0.5956247 0.5351474 0.5028369 0.7386173 0.0000000 0.7725712 0.6369098 0.5377303 0.6375118 0.7467206 
F          0.6235886 0.5494968 0.7397771 0.8124002 0.7725712 0.0000000 0.6534736 0.6229600 0.7645161 0.7462028 
G          0.5857999 0.4777085 0.5292467 0.7375987 0.6369098 0.6534736 0.0000000 0.4961758 0.6376406 0.6590203 
H          0.4129590 0.3849095 0.4570128 0.6789235 0.5377303 0.6229600 0.4961758 0.0000000 0.4634636 0.6039859 
I          0.3922305 0.5138685 0.6588768 0.7006654 0.6375118 0.7645161 0.6376406 0.4634636 0.0000000 0.7091326 
J          0.6855713 0.5223659 0.6988751 0.8235864 0.7467206 0.7462028 0.6590203 0.6039859 0.7091326 0.0000000 
