10
A          0.0000000 0.3413046 0.4234600 0.5046769 0.4433113 0.4776273 0.4406554 0.3584277 0.4058280 0.4998561 
B          0.3413046 0.0000000 0.3960033 0.5013618 0.5072476 0.4789648 0.4260767 0.3993567 0.4284795 0.5030574 
C          0.4234600 0.3960033 0.0000000 0.6207771 0.5635304 0.5329752 0.5139451 0.4827901 0.4923169 0.6281773 
D          0.5046769 0.5013618 0.6207771 0.0000000 0.6999735 0.6601647 0.6015754 0.6002453 0.5885146 0.6402124 
E          0.4433113 0.5072476 0.5635304 0.6999735 0.0000000 0.5980854 0.5976165 0.5600324 0.5904943 0.6389436 
F          0.4776273 0.4789648 0.5329752 0.6601647 0.5980854 0.0000000 0.5532765 0.5612173 0.5594087 0.7324767 
G          0.4406554 0.4260767 0.5139451 0.6015754 0.5976165 0.5532765 0.0000000 0.4918230 0.5230946 0.5710936 
H          0.3584277 0.3993567 0.4827901 0.6002453 0.5600324 0.5612173 0.4918230 0.0000000 0.4882004 0.5367735 
I          0.4058280 0.4284795 0.4923169 0.5885146 0.5904943 0.5594087 0.5230946 0.4882004 0.0000000 0.5824016 
J          0.4998561 0.5030574 0.6281773 0.6402124 0.6389436 0.7324767 0.5710936 0.5367735 0.5824016 0.0000000 
