10
A          0.0000000 0.4010054 0.5406635 0.6090629 0.5482668 0.5034555 0.5613187 0.3779401 0.4742317 0.6631734 
B          0.4010054 0.0000000 0.5566335 0.7356677 0.5947129 0.6248044 0.6359891 0.5513048 0.5728545 0.6883989 
C          0.5406635 0.5566335 0.0000000 0.7817466 0.7007399 0.6582059 0.6808584 0.5906451 0.6495612 0.7136596 
D          0.6090629 0.7356677 0.7817466 0.0000000 0.8287457 0.8505099 0.7723808 0.7467039 0.7179657 0.8174664 
E          0.5482668 0.5947129 0.7007399 0.8287457 0.0000000 0.7184369 0.7532460 0.6282409 0.7032704 0.7724845 
F          0.5034555 0.6248044 0.6582059 0.8505099 0.7184369 0.0000000 0.7276579 0.6428926 0.6757194 0.8415752 
G          0.5613187 0.6359891 0.6808584 0.7723808 0.7532460 0.7276579 0.0000000 0.6288470 0.6965025 0.8321066 
H          0.3779401 0.5513048 0.5906451 0.7467039 0.6282409 0.6428926 0.6288470 0.0000000 0.5941500 0.7192628 
I          0.4742317 0.5728545 0.6495612 0.7179657 0.7032704 0.6757194 0.6965025 0.5941500 0.0000000 0.8143170 
J          0.6631734 0.6883989 0.7136596 0.8174664 0.7724845 0.8415752 0.8321066 0.7192628 0.8143170 0.0000000 
