10
A          0.0000000 0.3867987 0.5095159 0.5769443 0.5366382 0.5828791 0.4809165 0.3394066 0.4122979 0.5024393 
B          0.3867987 0.0000000 0.5203921 0.5987686 0.5311838 0.6004486 0.4974936 0.4052530 0.4697251 0.5205078 
C          0.5095159 0.5203921 0.0000000 0.6828751 0.6080336 0.6608386 0.6481065 0.4669189 0.5652114 0.6351294 
D          0.5769443 0.5987686 0.6828751 0.0000000 0.7403499 0.7789330 0.7290940 0.5592330 0.6576077 0.6682997 
E          0.5366382 0.5311838 0.6080336 0.7403499 0.0000000 0.7111282 0.6571650 0.4639670 0.5790685 0.6298037 
F          0.5828791 0.6004486 0.6608386 0.7789330 0.7111282 0.0000000 0.6728787 0.6245012 0.5877375 0.7880098 
G          0.4809165 0.4974936 0.6481065 0.7290940 0.6571650 0.6728787 0.0000000 0.5017160 0.5456666 0.6555316 
H          0.3394066 0.4052530 0.4669189 0.5592330 0.4639670 0.6245012 0.5017160 0.0000000 0.4103488 0.5122962 
I          0.4122979 0.4697251 0.5652114 0.6576077 0.5790685 0.5877375 0.5456666 0.4103488 0.0000000 0.5967690 
J          0.5024393 0.5205078 0.6351294 0.6682997 0.6298037 0.7880098 0.6555316 0.5122962 0.5967690 0.0000000 
