10
A          0.0000000 0.3503016 0.4590596 0.5327808 0.5630427 0.5216103 0.4996818 0.4020902 0.4075760 0.6172971 
B          0.3503016 0.0000000 0.4366277 0.5320117 0.5147759 0.5475858 0.5216460 0.3965453 0.3937589 0.6732208 
C          0.4590596 0.4366277 0.0000000 0.5481352 0.6241983 0.6175139 0.5594529 0.4846112 0.4982602 0.6730860 
D          0.5327808 0.5320117 0.5481352 0.0000000 0.7192970 0.7138400 0.6990556 0.5644629 0.5816165 0.8305706 
E          0.5630427 0.5147759 0.6241983 0.7192970 0.0000000 0.7205484 0.6828260 0.6052423 0.5616557 0.8251391 
F          0.5216103 0.5475858 0.6175139 0.7138400 0.7205484 0.0000000 0.6892232 0.5507031 0.5748899 0.8111675 
G          0.4996818 0.5216460 0.5594529 0.6990556 0.6828260 0.6892232 0.0000000 0.4944834 0.5228412 0.8405788 
H          0.4020902 0.3965453 0.4846112 0.5644629 0.6052423 0.5507031 0.4944834 0.0000000 0.3949457 0.6719255 
I          0.4075760 0.3937589 0.4982602 0.5816165 0.5616557 0.5748899 0.5228412 0.3949457 0.0000000 0.6611603 
J          0.6172971 0.6732208 0.6730860 0.8305706 0.8251391 0.8111675 0.8405788 0.6719255 0.6611603 0.0000000 
