10
A          0.0000000 0.3553409 0.5627730 0.6209651 0.5470997 0.6135772 0.5945589 0.3860456 0.4432610 0.8878681 
B          0.3553409 0.0000000 0.6197983 0.6450233 0.6108385 0.6094744 0.5268830 0.4354746 0.5850654 0.7549198 
C          0.5627730 0.6197983 0.0000000 0.6932243 0.6330068 0.9112793 0.7409885 0.5781067 0.6828622 1.0977194 
D          0.6209651 0.6450233 0.6932243 0.0000000 0.7336888 0.9573932 0.7816558 0.7791619 0.8061911 1.0960276 
E          0.5470997 0.6108385 0.6330068 0.7336888 0.0000000 0.8956530 0.6895092 0.6600759 0.6947811 0.9375473 
F          0.6135772 0.6094744 0.9112793 0.9573932 0.8956530 0.0000000 0.6775743 0.7109290 0.7232390 1.1282695 
G          0.5945589 0.5268830 0.7409885 0.7816558 0.6895092 0.6775743 0.0000000 0.5927595 0.7450852 0.9063377 
H          0.3860456 0.4354746 0.5781067 0.7791619 0.6600759 0.7109290 0.5927595 0.0000000 0.5316475 0.9502663 
I          0.4432610 0.5850654 0.6828622 0.8061911 0.6947811 0.7232390 0.7450852 0.5316475 0.0000000 1.0407135 
J          0.8878681 0.7549198 1.0977194 1.0960276 0.9375473 1.1282695 0.9063377 0.9502663 1.0407135 0.0000000 
