10
A          0.0000000 0.4247824 0.4674200 0.5344125 0.5596947 0.5093855 0.4572450 0.3443160 0.4472883 0.5923371 
B          0.4247824 0.0000000 0.4809430 0.6493700 0.6452122 0.5110164 0.6129160 0.4147717 0.4741177 0.5753581 
C          0.4674200 0.4809430 0.0000000 0.5795192 0.6676514 0.5915806 0.5577083 0.4521165 0.5429571 0.6007104 
D          0.5344125 0.6493700 0.5795192 0.0000000 0.8384469 0.7275920 0.6685792 0.5363028 0.6448555 0.6887010 
E          0.5596947 0.6452122 0.6676514 0.8384469 0.0000000 0.7703043 0.8243735 0.5736452 0.6676296 0.9148465 
F          0.5093855 0.5110164 0.5915806 0.7275920 0.7703043 0.0000000 0.6312515 0.5171393 0.6483399 0.8084211 
G          0.4572450 0.6129160 0.5577083 0.6685792 0.8243735 0.6312515 0.0000000 0.5726747 0.5782068 0.7699547 
H          0.3443160 0.4147717 0.4521165 0.5363028 0.5736452 0.5171393 0.5726747 0.0000000 0.4547864 0.6362500 
I          0.4472883 0.4741177 0.5429571 0.6448555 0.6676296 0.6483399 0.5782068 0.4547864 0.0000000 0.6856624 
J          0.5923371 0.5753581 0.6007104 0.6887010 0.9148465 0.8084211 0.7699547 0.6362500 0.6856624 0.0000000 
