10
A          0.0000000 0.3986443 0.5194209 0.7332183 0.5049366 0.5748719 0.5103108 0.3827095 0.6354229 0.7373437 
B          0.3986443 0.0000000 0.4465509 0.5492967 0.4765384 0.5163993 0.4760285 0.4015267 0.5009309 0.6912865 
C          0.5194209 0.4465509 0.0000000 0.7140236 0.6012927 0.5901577 0.6025978 0.4712258 0.5688180 0.7380195 
D          0.7332183 0.5492967 0.7140236 0.0000000 0.7603817 0.7568175 0.6844973 0.6698860 0.7168416 0.9112021 
E          0.5049366 0.4765384 0.6012927 0.7603817 0.0000000 0.7474431 0.5786946 0.4941844 0.6059689 0.7401115 
F          0.5748719 0.5163993 0.5901577 0.7568175 0.7474431 0.0000000 0.5967213 0.5329562 0.6784231 0.8170946 
G          0.5103108 0.4760285 0.6025978 0.6844973 0.5786946 0.5967213 0.0000000 0.4367563 0.6143395 0.7705244 
H          0.3827095 0.4015267 0.4712258 0.6698860 0.4941844 0.5329562 0.4367563 0.0000000 0.5063433 0.6948561 
I          0.6354229 0.5009309 0.5688180 0.7168416 0.6059689 0.6784231 0.6143395 0.5063433 0.0000000 0.8703519 
J          0.7373437 0.6912865 0.7380195 0.9112021 0.7401115 0.8170946 0.7705244 0.6948561 0.8703519 0.0000000 
