10
A          0.0000000 0.2792675 0.3829940 0.5116749 0.4733128 0.4691620 0.4651303 0.2927704 0.4387754 0.4713237 
B          0.2792675 0.0000000 0.4177858 0.5455168 0.5057880 0.5450968 0.4543897 0.3433965 0.4651394 0.5171629 
C          0.3829940 0.4177858 0.0000000 0.5925231 0.5576860 0.5154390 0.5153555 0.3776606 0.5416748 0.6109702 
D          0.5116749 0.5455168 0.5925231 0.0000000 0.6431655 0.7532715 0.6957998 0.5016244 0.7763638 0.6512419 
E          0.4733128 0.5057880 0.5576860 0.6431655 0.0000000 0.7060233 0.6654138 0.4787933 0.6292958 0.7350264 
F          0.4691620 0.5450968 0.5154390 0.7532715 0.7060233 0.0000000 0.6648750 0.5000140 0.7010080 0.6450548 
G          0.4651303 0.4543897 0.5153555 0.6957998 0.6654138 0.6648750 0.0000000 0.4618445 0.6277532 0.6811790 
H          0.2927704 0.3433965 0.3776606 0.5016244 0.4787933 0.5000140 0.4618445 0.0000000 0.4715789 0.5087691 
I          0.4387754 0.4651394 0.5416748 0.7763638 0.6292958 0.7010080 0.6277532 0.4715789 0.0000000 0.5984402 
J          0.4713237 0.5171629 0.6109702 0.6512419 0.7350264 0.6450548 0.6811790 0.5087691 0.5984402 0.0000000 
