10
A          0.0000000 0.3842406 0.4454780 0.5643243 0.4835605 0.5378929 0.4659168 0.3438969 0.3797318 0.5698418 
B          0.3842406 0.0000000 0.4308755 0.5082420 0.4704290 0.4921852 0.4005908 0.3358381 0.4066025 0.4874762 
C          0.4454780 0.4308755 0.0000000 0.6216905 0.5571201 0.5823324 0.5322666 0.4101893 0.4679108 0.5749666 
D          0.5643243 0.5082420 0.6216905 0.0000000 0.6684040 0.6595474 0.5871212 0.5026298 0.5797436 0.7172820 
E          0.4835605 0.4704290 0.5571201 0.6684040 0.0000000 0.5897237 0.5298843 0.4401362 0.5081901 0.6231811 
F          0.5378929 0.4921852 0.5823324 0.6595474 0.5897237 0.0000000 0.6094344 0.4733330 0.5816271 0.6103509 
G          0.4659168 0.4005908 0.5322666 0.5871212 0.5298843 0.6094344 0.0000000 0.3767795 0.4726780 0.6287822 
H          0.3438969 0.3358381 0.4101893 0.5026298 0.4401362 0.4733330 0.3767795 0.0000000 0.3655462 0.5386110 
I          0.3797318 0.4066025 0.4679108 0.5797436 0.5081901 0.5816271 0.4726780 0.3655462 0.0000000 0.6159099 
J          0.5698418 0.4874762 0.5749666 0.7172820 0.6231811 0.6103509 0.6287822 0.5386110 0.6159099 0.0000000 
