10
A          0.0000000 0.3827768 0.4079359 0.5492903 0.5602501 0.4836468 0.4218393 0.3338367 0.4320070 0.6371609 
B          0.3827768 0.0000000 0.4099099 0.5387406 0.5686896 0.4991801 0.4825442 0.3765493 0.4584529 0.7190197 
C          0.4079359 0.4099099 0.0000000 0.5711735 0.5740144 0.5218066 0.4952948 0.4179474 0.4228765 0.8161182 
D          0.5492903 0.5387406 0.5711735 0.0000000 0.7549863 0.6325371 0.6133254 0.5172018 0.6134936 0.8618154 
E          0.5602501 0.5686896 0.5740144 0.7549863 0.0000000 0.6754725 0.7004718 0.5637171 0.6410199 0.9376509 
F          0.4836468 0.4991801 0.5218066 0.6325371 0.6754725 0.0000000 0.5647027 0.5174187 0.5746940 0.7816692 
G          0.4218393 0.4825442 0.4952948 0.6133254 0.7004718 0.5647027 0.0000000 0.4848788 0.5524014 0.7467694 
H          0.3338367 0.3765493 0.4179474 0.5172018 0.5637171 0.5174187 0.4848788 0.0000000 0.4678697 0.7257579 
I          0.4320070 0.4584529 0.4228765 0.6134936 0.6410199 0.5746940 0.5524014 0.4678697 0.0000000 0.7965072 
J          0.6371609 0.7190197 0.8161182 0.8618154 0.9376509 0.7816692 0.7467694 0.7257579 0.7965072 0.0000000 
