10
A          0.0000000 0.3909014 0.4069237 0.5569734 0.6061336 0.5093330 0.5255852 0.3578444 0.3937089 0.6068811 
B          0.3909014 0.0000000 0.4400988 0.5427544 0.6194964 0.5628792 0.4809235 0.3729787 0.4153716 0.5955374 
C          0.4069237 0.4400988 0.0000000 0.5656654 0.6046531 0.6228244 0.5731356 0.4414862 0.4982294 0.5994679 
D          0.5569734 0.5427544 0.5656654 0.0000000 0.6819678 0.7652280 0.7353724 0.5676235 0.5718862 0.7583361 
E          0.6061336 0.6194964 0.6046531 0.6819678 0.0000000 0.8023362 0.7329457 0.6425301 0.6856467 0.8092450 
F          0.5093330 0.5628792 0.6228244 0.7652280 0.8023362 0.0000000 0.7065458 0.5391204 0.5958889 0.7454036 
G          0.5255852 0.4809235 0.5731356 0.7353724 0.7329457 0.7065458 0.0000000 0.5368053 0.5446235 0.7656246 
H          0.3578444 0.3729787 0.4414862 0.5676235 0.6425301 0.5391204 0.5368053 0.0000000 0.4323681 0.5717267 
I          0.3937089 0.4153716 0.4982294 0.5718862 0.6856467 0.5958889 0.5446235 0.4323681 0.0000000 0.6349858 
J          0.6068811 0.5955374 0.5994679 0.7583361 0.8092450 0.7454036 0.7656246 0.5717267 0.6349858 0.0000000 
