10
A          0.0000000 0.4068570 0.4713483 0.5905140 0.5229752 0.4597887 0.4551163 0.3270390 0.3797570 0.6676584 
B          0.4068570 0.0000000 0.5280257 0.5854755 0.5784482 0.4707153 0.5394970 0.3715727 0.4328914 0.6632690 
C          0.4713483 0.5280257 0.0000000 0.6920771 0.5942528 0.5493637 0.5992752 0.4996387 0.5332441 0.7910636 
D          0.5905140 0.5854755 0.6920771 0.0000000 0.7828113 0.6877257 0.6336775 0.5975740 0.6033505 0.8255526 
E          0.5229752 0.5784482 0.5942528 0.7828113 0.0000000 0.6219249 0.7173072 0.5159137 0.5741877 0.8067946 
F          0.4597887 0.4707153 0.5493637 0.6877257 0.6219249 0.0000000 0.6649527 0.4669898 0.4757365 0.7416000 
G          0.4551163 0.5394970 0.5992752 0.6336775 0.7173072 0.6649527 0.0000000 0.5174394 0.5286718 0.7595351 
H          0.3270390 0.3715727 0.4996387 0.5975740 0.5159137 0.4669898 0.5174394 0.0000000 0.3865529 0.6921349 
I          0.3797570 0.4328914 0.5332441 0.6033505 0.5741877 0.4757365 0.5286718 0.3865529 0.0000000 0.6239934 
J          0.6676584 0.6632690 0.7910636 0.8255526 0.8067946 0.7416000 0.7595351 0.6921349 0.6239934 0.0000000 
