10
A          0.0000000 0.3154134 0.4485061 0.6685172 0.5322453 0.5633346 0.5722403 0.4111638 0.4699697 0.5731063 
B          0.3154134 0.0000000 0.4608878 0.6655864 0.5056253 0.5273989 0.5325645 0.3674113 0.4635530 0.5842132 
C          0.4485061 0.4608878 0.0000000 0.7363741 0.6404887 0.7289605 0.6630352 0.4653355 0.6100311 0.7433640 
D          0.6685172 0.6655864 0.7363741 0.0000000 0.8572748 0.8798893 0.8800658 0.6430122 0.7430651 0.8254835 
E          0.5322453 0.5056253 0.6404887 0.8572748 0.0000000 0.7152529 0.7864730 0.5843921 0.6418122 0.7488273 
F          0.5633346 0.5273989 0.7289605 0.8798893 0.7152529 0.0000000 0.7523836 0.5320903 0.6514490 0.7491785 
G          0.5722403 0.5325645 0.6630352 0.8800658 0.7864730 0.7523836 0.0000000 0.4759920 0.6671479 0.8181073 
H          0.4111638 0.3674113 0.4653355 0.6430122 0.5843921 0.5320903 0.4759920 0.0000000 0.4545520 0.6131089 
I          0.4699697 0.4635530 0.6100311 0.7430651 0.6418122 0.6514490 0.6671479 0.4545520 0.0000000 0.7713669 
J          0.5731063 0.5842132 0.7433640 0.8254835 0.7488273 0.7491785 0.8181073 0.6131089 0.7713669 0.0000000 
