10
A          0.0000000 0.7058634 0.4327940 0.6192579 0.5168379 0.5971400 0.5750602 0.6581429 0.4783324 0.7794355 
B          0.7058634 0.0000000 0.4085649 0.6430728 0.5634613 0.5854506 0.4912132 0.5706223 0.5131258 0.7343709 
C          0.4327940 0.4085649 0.0000000 0.3885984 0.2901822 0.3599464 0.2927778 0.3969016 0.2077570 0.4978563 
D          0.6192579 0.6430728 0.3885984 0.0000000 0.4940877 0.5699472 0.5047379 0.5940340 0.4274970 0.7444016 
E          0.5168379 0.5634613 0.2901822 0.4940877 0.0000000 0.4338925 0.3823766 0.4756718 0.3102203 0.6302146 
F          0.5971400 0.5854506 0.3599464 0.5699472 0.4338925 0.0000000 0.4716372 0.5637217 0.3970264 0.6176094 
G          0.5750602 0.4912132 0.2927778 0.5047379 0.3823766 0.4716372 0.0000000 0.5117874 0.3325101 0.5522618 
H          0.6581429 0.5706223 0.3969016 0.5940340 0.4756718 0.5637217 0.5117874 0.0000000 0.4710627 0.7570566 
I          0.4783324 0.5131258 0.2077570 0.4274970 0.3102203 0.3970264 0.3325101 0.4710627 0.0000000 0.4816141 
J          0.7794355 0.7343709 0.4978563 0.7444016 0.6302146 0.6176094 0.5522618 0.7570566 0.4816141 0.0000000 
