10
A          0.0000000 0.6443985 0.4414775 0.6253529 0.4977836 0.6368458 0.5361371 0.6387982 0.4539736 0.7041992 
B          0.6443985 0.0000000 0.4019669 0.6243236 0.5413558 0.6890098 0.5243492 0.6759365 0.4147318 0.6648372 
C          0.4414775 0.4019669 0.0000000 0.3760936 0.2381230 0.3470790 0.2502685 0.3784437 0.1775922 0.4106690 
D          0.6253529 0.6243236 0.3760936 0.0000000 0.4533141 0.5914439 0.5161261 0.6290630 0.3938188 0.6246394 
E          0.4977836 0.5413558 0.2381230 0.4533141 0.0000000 0.4494110 0.3737064 0.4753966 0.3085479 0.5619140 
F          0.6368458 0.6890098 0.3470790 0.5914439 0.4494110 0.0000000 0.4645763 0.5638478 0.3678060 0.6436954 
G          0.5361371 0.5243492 0.2502685 0.5161261 0.3737064 0.4645763 0.0000000 0.5453237 0.3102121 0.5205849 
H          0.6387982 0.6759365 0.3784437 0.6290630 0.4753966 0.5638478 0.5453237 0.0000000 0.4380925 0.6700757 
I          0.4539736 0.4147318 0.1775922 0.3938188 0.3085479 0.3678060 0.3102121 0.4380925 0.0000000 0.4032051 
J          0.7041992 0.6648372 0.4106690 0.6246394 0.5619140 0.6436954 0.5205849 0.6700757 0.4032051 0.0000000 
