10
A          0.0000000 0.8186500 0.4903520 0.8109245 0.6106538 0.6754785 0.6236479 0.6918242 0.6040028 0.7351775 
B          0.8186500 0.0000000 0.5578140 0.7782569 0.6035336 0.8321508 0.6699496 0.6999254 0.5152266 0.7228048 
C          0.4903520 0.5578140 0.0000000 0.4913138 0.3489381 0.4185005 0.4175228 0.5145075 0.2875477 0.5602563 
D          0.8109245 0.7782569 0.4913138 0.0000000 0.5549786 0.7774632 0.6229069 0.7524878 0.4195991 0.6822505 
E          0.6106538 0.6035336 0.3489381 0.5549786 0.0000000 0.5858800 0.3691585 0.5725612 0.3486113 0.5751405 
F          0.6754785 0.8321508 0.4185005 0.7774632 0.5858800 0.0000000 0.6331099 0.7014479 0.5335376 0.7508465 
G          0.6236479 0.6699496 0.4175228 0.6229069 0.3691585 0.6331099 0.0000000 0.5676810 0.4318293 0.6244060 
H          0.6918242 0.6999254 0.5145075 0.7524878 0.5725612 0.7014479 0.5676810 0.0000000 0.5161146 0.7825551 
I          0.6040028 0.5152266 0.2875477 0.4195991 0.3486113 0.5335376 0.4318293 0.5161146 0.0000000 0.4472347 
J          0.7351775 0.7228048 0.5602563 0.6822505 0.5751405 0.7508465 0.6244060 0.7825551 0.4472347 0.0000000 
