10
A          0.0000000 0.7711616 0.4889437 0.8362833 0.5422135 0.7754135 0.5970679 0.6482700 0.6280077 0.7808128 
B          0.7711616 0.0000000 0.5780577 0.9073127 0.6383275 0.8199999 0.6774207 0.6343050 0.5330406 0.8881351 
C          0.4889437 0.5780577 0.0000000 0.6103203 0.3617480 0.3879259 0.3843150 0.5262086 0.3526062 0.6462970 
D          0.8362833 0.9073127 0.6103203 0.0000000 0.6854523 0.8839788 0.7656019 0.8071596 0.5506862 0.7264489 
E          0.5422135 0.6383275 0.3617480 0.6854523 0.0000000 0.6025947 0.3931792 0.5627012 0.3921715 0.6671214 
F          0.7754135 0.8199999 0.3879259 0.8839788 0.6025947 0.0000000 0.6870913 0.7899443 0.5812033 0.8681168 
G          0.5970679 0.6774207 0.3843150 0.7656019 0.3931792 0.6870913 0.0000000 0.6305157 0.4564200 0.6949951 
H          0.6482700 0.6343050 0.5262086 0.8071596 0.5627012 0.7899443 0.6305157 0.0000000 0.4855440 0.7450032 
I          0.6280077 0.5330406 0.3526062 0.5506862 0.3921715 0.5812033 0.4564200 0.4855440 0.0000000 0.5627967 
J          0.7808128 0.8881351 0.6462970 0.7264489 0.6671214 0.8681168 0.6949951 0.7450032 0.5627967 0.0000000 
