10
A          0.0000000 0.8185266 0.5117047 0.9537984 0.6031595 0.7976571 0.5973116 0.7247098 0.6059114 0.8229279 
B          0.8185266 0.0000000 0.5860864 0.8806212 0.6330866 0.8243045 0.6212632 0.7167637 0.6225017 0.7190225 
C          0.5117047 0.5860864 0.0000000 0.5716869 0.3519641 0.4565953 0.3412894 0.4772152 0.3125906 0.5482349 
D          0.9537984 0.8806212 0.5716869 0.0000000 0.7268815 0.8714976 0.7509499 0.6982886 0.5440793 0.6888891 
E          0.6031595 0.6330866 0.3519641 0.7268815 0.0000000 0.6451546 0.3710593 0.6318493 0.4058184 0.5980109 
F          0.7976571 0.8243045 0.4565953 0.8714976 0.6451546 0.0000000 0.6222094 0.7347566 0.5505057 0.8237256 
G          0.5973116 0.6212632 0.3412894 0.7509499 0.3710593 0.6222094 0.0000000 0.5718590 0.4375873 0.5751465 
H          0.7247098 0.7167637 0.4772152 0.6982886 0.6318493 0.7347566 0.5718590 0.0000000 0.5411849 0.7074824 
I          0.6059114 0.6225017 0.3125906 0.5440793 0.4058184 0.5505057 0.4375873 0.5411849 0.0000000 0.4891953 
J          0.8229279 0.7190225 0.5482349 0.6888891 0.5980109 0.8237256 0.5751465 0.7074824 0.4891953 0.0000000 
