10
A          0.0000000 0.7729668 0.5533267 0.8584102 0.6637146 0.8055541 0.6385060 0.8622163 0.5683909 0.8003471 
B          0.7729668 0.0000000 0.5317555 0.6761917 0.6106270 0.8079937 0.6070359 0.6528331 0.5048478 0.7304291 
C          0.5533267 0.5317555 0.0000000 0.4980519 0.3581843 0.4542795 0.3585107 0.5333058 0.2937242 0.5683807 
D          0.8584102 0.6761917 0.4980519 0.0000000 0.6143060 0.7387835 0.5814823 0.6908969 0.4828186 0.7327587 
E          0.6637146 0.6106270 0.3581843 0.6143060 0.0000000 0.6042537 0.3964385 0.6261891 0.3828286 0.6874766 
F          0.8055541 0.8079937 0.4542795 0.7387835 0.6042537 0.0000000 0.6241003 0.7491040 0.5399029 0.8464794 
G          0.6385060 0.6070359 0.3585107 0.5814823 0.3964385 0.6241003 0.0000000 0.5859041 0.3872823 0.6496673 
H          0.8622163 0.6528331 0.5333058 0.6908969 0.6261891 0.7491040 0.5859041 0.0000000 0.5604697 0.7409648 
I          0.5683909 0.5048478 0.2937242 0.4828186 0.3828286 0.5399029 0.3872823 0.5604697 0.0000000 0.5316481 
J          0.8003471 0.7304291 0.5683807 0.7327587 0.6874766 0.8464794 0.6496673 0.7409648 0.5316481 0.0000000 
