10
A          0.0000000 0.6725856 0.4100412 0.6269071 0.4598080 0.6195162 0.4875318 0.6082050 0.3930593 0.6459699 
B          0.6725856 0.0000000 0.4421867 0.7128043 0.5041285 0.6779666 0.6084108 0.6995757 0.4755283 0.6930894 
C          0.4100412 0.4421867 0.0000000 0.4341209 0.2331315 0.3824335 0.3030522 0.4154361 0.1979989 0.4378421 
D          0.6269071 0.7128043 0.4341209 0.0000000 0.4895534 0.6727250 0.5134589 0.6465512 0.4498356 0.6575088 
E          0.4598080 0.5041285 0.2331315 0.4895534 0.0000000 0.4570119 0.3805621 0.5032035 0.2695435 0.5371677 
F          0.6195162 0.6779666 0.3824335 0.6727250 0.4570119 0.0000000 0.5064159 0.5953266 0.4216083 0.5509346 
G          0.4875318 0.6084108 0.3030522 0.5134589 0.3805621 0.5064159 0.0000000 0.5469723 0.3188294 0.5214773 
H          0.6082050 0.6995757 0.4154361 0.6465512 0.5032035 0.5953266 0.5469723 0.0000000 0.4346602 0.8140807 
I          0.3930593 0.4755283 0.1979989 0.4498356 0.2695435 0.4216083 0.3188294 0.4346602 0.0000000 0.5001980 
J          0.6459699 0.6930894 0.4378421 0.6575088 0.5371677 0.5509346 0.5214773 0.8140807 0.5001980 0.0000000 
