10
A          0.0000000 0.6945316 0.4086350 0.7052092 0.5132606 0.6300258 0.5729835 0.6307095 0.4596895 0.7026880 
B          0.6945316 0.0000000 0.6040956 0.7644735 0.5132747 0.7173927 0.6419912 0.6977652 0.4809604 0.7835956 
C          0.4086350 0.6040956 0.0000000 0.5009881 0.2923235 0.3400227 0.3526679 0.4643469 0.2572986 0.5272257 
D          0.7052092 0.7644735 0.5009881 0.0000000 0.5765876 0.6730964 0.6274971 0.6129314 0.4817048 0.7355739 
E          0.5132606 0.5132747 0.2923235 0.5765876 0.0000000 0.4839597 0.4003591 0.4418361 0.3077451 0.5775710 
F          0.6300258 0.7173927 0.3400227 0.6730964 0.4839597 0.0000000 0.5206280 0.6339418 0.4530218 0.8245802 
G          0.5729835 0.6419912 0.3526679 0.6274971 0.4003591 0.5206280 0.0000000 0.6190131 0.3801325 0.7329461 
H          0.6307095 0.6977652 0.4643469 0.6129314 0.4418361 0.6339418 0.6190131 0.0000000 0.4300486 0.6872226 
I          0.4596895 0.4809604 0.2572986 0.4817048 0.3077451 0.4530218 0.3801325 0.4300486 0.0000000 0.5222955 
J          0.7026880 0.7835956 0.5272257 0.7355739 0.5775710 0.8245802 0.7329461 0.6872226 0.5222955 0.0000000 
