10
A          0.0000000 0.8916648 0.5392162 0.7531586 0.6357696 0.7173298 0.5946599 0.7485274 0.5422353 0.6986934 
B          0.8916648 0.0000000 0.4884808 0.7547239 0.5512816 0.7937110 0.5860996 0.7694900 0.5298533 0.7843239 
C          0.5392162 0.4884808 0.0000000 0.4507098 0.2891363 0.4107949 0.3041256 0.4217838 0.2159423 0.4831164 
D          0.7531586 0.7547239 0.4507098 0.0000000 0.5871114 0.7490437 0.5049243 0.7128189 0.4297506 0.7313351 
E          0.6357696 0.5512816 0.2891363 0.5871114 0.0000000 0.5198209 0.3852724 0.5421989 0.2932525 0.5514257 
F          0.7173298 0.7937110 0.4107949 0.7490437 0.5198209 0.0000000 0.6058737 0.7388190 0.4720923 0.7089868 
G          0.5946599 0.5860996 0.3041256 0.5049243 0.3852724 0.6058737 0.0000000 0.5503543 0.3314130 0.5771787 
H          0.7485274 0.7694900 0.4217838 0.7128189 0.5421989 0.7388190 0.5503543 0.0000000 0.4198666 0.7143118 
I          0.5422353 0.5298533 0.2159423 0.4297506 0.2932525 0.4720923 0.3314130 0.4198666 0.0000000 0.4517285 
J          0.6986934 0.7843239 0.4831164 0.7313351 0.5514257 0.7089868 0.5771787 0.7143118 0.4517285 0.0000000 
