10
A          0.0000000 0.8522752 0.4191592 0.7538168 0.5412591 0.6589258 0.6425890 0.6740061 0.4290974 0.6095450 
B          0.8522752 0.0000000 0.5351968 0.7986709 0.6398269 0.7907605 0.7586947 0.8408845 0.5678470 0.6766109 
C          0.4191592 0.5351968 0.0000000 0.4552130 0.2619962 0.3779422 0.3218567 0.4245049 0.1938787 0.3524412 
D          0.7538168 0.7986709 0.4552130 0.0000000 0.5161101 0.6475676 0.6601519 0.7790313 0.4830474 0.6232261 
E          0.5412591 0.6398269 0.2619962 0.5161101 0.0000000 0.5298438 0.4212797 0.5514389 0.2962251 0.4648382 
F          0.6589258 0.7907605 0.3779422 0.6475676 0.5298438 0.0000000 0.5555014 0.7272662 0.4396936 0.5710530 
G          0.6425890 0.7586947 0.3218567 0.6601519 0.4212797 0.5555014 0.0000000 0.6138301 0.3404680 0.5838267 
H          0.6740061 0.8408845 0.4245049 0.7790313 0.5514389 0.7272662 0.6138301 0.0000000 0.4171455 0.6694257 
I          0.4290974 0.5678470 0.1938787 0.4830474 0.2962251 0.4396936 0.3404680 0.4171455 0.0000000 0.4098058 
J          0.6095450 0.6766109 0.3524412 0.6232261 0.4648382 0.5710530 0.5838267 0.6694257 0.4098058 0.0000000 
