10
A          0.0000000 0.6233278 0.8485379 0.7702351 0.7402602 0.7554197 0.8144477 1.0771641 0.4922641 0.6409850 
B          0.6233278 0.0000000 0.7425782 0.5796429 0.6488077 0.6415006 0.7271038 0.8878826 0.4019113 0.5057636 
C          0.8485379 0.7425782 0.0000000 0.7497945 0.8422177 0.6764340 0.9805825 0.9684430 0.5842228 0.7490422 
D          0.7702351 0.5796429 0.7497945 0.0000000 0.7118997 0.6855247 0.8427113 0.8284256 0.4756893 0.7244845 
E          0.7402602 0.6488077 0.8422177 0.7118997 0.0000000 0.7918093 0.8001860 0.9532330 0.4990450 0.6486707 
F          0.7554197 0.6415006 0.6764340 0.6855247 0.7918093 0.0000000 0.7545760 0.9159182 0.5327802 0.6567447 
G          0.8144477 0.7271038 0.9805825 0.8427113 0.8001860 0.7545760 0.0000000 1.0217999 0.6013765 0.7395329 
H          1.0771641 0.8878826 0.9684430 0.8284256 0.9532330 0.9159182 1.0217999 0.0000000 0.6984016 0.8109048 
I          0.4922641 0.4019113 0.5842228 0.4756893 0.4990450 0.5327802 0.6013765 0.6984016 0.0000000 0.4040610 
J          0.6409850 0.5057636 0.7490422 0.7244845 0.6486707 0.6567447 0.7395329 0.8109048 0.4040610 0.0000000 
