10
A          0.0000000 0.4161967 0.6670608 0.5559743 0.5781688 0.6133324 0.6160001 0.7254172 0.3917238 0.5431879 
B          0.4161967 0.0000000 0.5487795 0.4497361 0.4646582 0.5215336 0.5223004 0.6522133 0.2732536 0.3962386 
C          0.6670608 0.5487795 0.0000000 0.5856812 0.6694335 0.7287494 0.6925459 0.8222694 0.4932373 0.6059448 
D          0.5559743 0.4497361 0.5856812 0.0000000 0.5554406 0.6081764 0.5664103 0.6919625 0.3773688 0.5385030 
E          0.5781688 0.4646582 0.6694335 0.5554406 0.0000000 0.5940150 0.6444966 0.6762015 0.3556361 0.6299524 
F          0.6133324 0.5215336 0.7287494 0.6081764 0.5940150 0.0000000 0.7531395 0.7906592 0.4562556 0.5783714 
G          0.6160001 0.5223004 0.6925459 0.5664103 0.6444966 0.7531395 0.0000000 0.8396537 0.4244576 0.5697265 
H          0.7254172 0.6522133 0.8222694 0.6919625 0.6762015 0.7906592 0.8396537 0.0000000 0.5287697 0.7215283 
I          0.3917238 0.2732536 0.4932373 0.3773688 0.3556361 0.4562556 0.4244576 0.5287697 0.0000000 0.4001354 
J          0.5431879 0.3962386 0.6059448 0.5385030 0.6299524 0.5783714 0.5697265 0.7215283 0.4001354 0.0000000 
