10
A          0.0000000 0.5607248 0.5922949 0.6038599 0.6398018 0.5192748 0.6910861 0.7278066 0.4414541 0.5776425 
B          0.5607248 0.0000000 0.5626798 0.5349678 0.5786235 0.5316507 0.6433250 0.8036195 0.3989189 0.5609658 
C          0.5922949 0.5626798 0.0000000 0.5987245 0.6480875 0.6275061 0.6538610 0.8872816 0.4381514 0.6087792 
D          0.6038599 0.5349678 0.5987245 0.0000000 0.6564155 0.6092051 0.6509552 0.8953089 0.4208928 0.5673935 
E          0.6398018 0.5786235 0.6480875 0.6564155 0.0000000 0.5748342 0.6441493 0.8257955 0.4834646 0.5942858 
F          0.5192748 0.5316507 0.6275061 0.6092051 0.5748342 0.0000000 0.7133157 0.7086682 0.4166055 0.5735021 
G          0.6910861 0.6433250 0.6538610 0.6509552 0.6441493 0.7133157 0.0000000 0.9320794 0.4665096 0.7209253 
H          0.7278066 0.8036195 0.8872816 0.8953089 0.8257955 0.7086682 0.9320794 0.0000000 0.6195991 0.7264972 
I          0.4414541 0.3989189 0.4381514 0.4208928 0.4834646 0.4166055 0.4665096 0.6195991 0.0000000 0.4189096 
J          0.5776425 0.5609658 0.6087792 0.5673935 0.5942858 0.5735021 0.7209253 0.7264972 0.4189096 0.0000000 
