10
A          0.0000000 0.4864103 0.6724794 0.6577567 0.6292715 0.7270208 0.6842236 0.7383659 0.4735412 0.5683333 
B          0.4864103 0.0000000 0.6181429 0.5860818 0.5714543 0.5728258 0.5534897 0.6807177 0.3650091 0.4349349 
C          0.6724794 0.6181429 0.0000000 0.8027662 0.7701704 0.6965363 0.7298718 0.9710865 0.5519947 0.6679574 
D          0.6577567 0.5860818 0.8027662 0.0000000 0.7662777 0.7595722 0.7974092 0.8317204 0.5105151 0.6785105 
E          0.6292715 0.5714543 0.7701704 0.7662777 0.0000000 0.7442758 0.7806896 0.8826415 0.5102431 0.6723875 
F          0.7270208 0.5728258 0.6965363 0.7595722 0.7442758 0.0000000 0.7625660 0.9103315 0.5210339 0.6343285 
G          0.6842236 0.5534897 0.7298718 0.7974092 0.7806896 0.7625660 0.0000000 0.8575033 0.5447647 0.6709853 
H          0.7383659 0.6807177 0.9710865 0.8317204 0.8826415 0.9103315 0.8575033 0.0000000 0.5603377 0.8035815 
I          0.4735412 0.3650091 0.5519947 0.5105151 0.5102431 0.5210339 0.5447647 0.5603377 0.0000000 0.4099311 
J          0.5683333 0.4349349 0.6679574 0.6785105 0.6723875 0.6343285 0.6709853 0.8035815 0.4099311 0.0000000 
