10
A          0.0000000 0.4841608 0.6324400 0.6121034 0.6221916 0.7283583 0.6669515 0.7946510 0.4172729 0.5911238 
B          0.4841608 0.0000000 0.6048693 0.5564516 0.6033324 0.6398685 0.6531368 0.6977542 0.3644129 0.5141256 
C          0.6324400 0.6048693 0.0000000 0.6640251 0.5964999 0.7892399 0.7842808 0.8587288 0.4750585 0.5902088 
D          0.6121034 0.5564516 0.6640251 0.0000000 0.6617805 0.6913832 0.7309111 0.7992893 0.4690169 0.5995201 
E          0.6221916 0.6033324 0.5964999 0.6617805 0.0000000 0.6429014 0.8283930 0.8488357 0.4731788 0.6198404 
F          0.7283583 0.6398685 0.7892399 0.6913832 0.6429014 0.0000000 0.8567991 0.8764356 0.5654577 0.7267874 
G          0.6669515 0.6531368 0.7842808 0.7309111 0.8283930 0.8567991 0.0000000 0.8767905 0.6087652 0.6900937 
H          0.7946510 0.6977542 0.8587288 0.7992893 0.8488357 0.8764356 0.8767905 0.0000000 0.6271978 0.7457079 
I          0.4172729 0.3644129 0.4750585 0.4690169 0.4731788 0.5654577 0.6087652 0.6271978 0.0000000 0.4198498 
J          0.5911238 0.5141256 0.5902088 0.5995201 0.6198404 0.7267874 0.6900937 0.7457079 0.4198498 0.0000000 
