10
A          0.0000000 0.5329149 0.7229476 0.5954635 0.7468038 0.6436221 0.8234304 0.9877287 0.4588077 0.6526281 
B          0.5329149 0.0000000 0.7518410 0.5735058 0.7366497 0.6960645 0.8230211 0.9602007 0.3847632 0.6045942 
C          0.7229476 0.7518410 0.0000000 0.7460554 0.9367094 0.8237293 0.9807608 0.9134813 0.6068581 0.8252736 
D          0.5954635 0.5735058 0.7460554 0.0000000 0.8303895 0.8391757 0.9257393 0.9219589 0.5123009 0.6596259 
E          0.7468038 0.7366497 0.9367094 0.8303895 0.0000000 0.8424003 1.0155163 1.1709209 0.6005537 0.8648520 
F          0.6436221 0.6960645 0.8237293 0.8391757 0.8424003 0.0000000 0.9637480 1.0825968 0.5639062 0.7241880 
G          0.8234304 0.8230211 0.9807608 0.9257393 1.0155163 0.9637480 0.0000000 1.1450516 0.7719083 0.9775332 
H          0.9877287 0.9602007 0.9134813 0.9219589 1.1709209 1.0825968 1.1450516 0.0000000 0.8086417 0.9974596 
I          0.4588077 0.3847632 0.6068581 0.5123009 0.6005537 0.5639062 0.7719083 0.8086417 0.0000000 0.4894483 
J          0.6526281 0.6045942 0.8252736 0.6596259 0.8648520 0.7241880 0.9775332 0.9974596 0.4894483 0.0000000 
