10
A          0.0000000 0.4908187 0.7518343 0.5723267 0.5493113 0.5251830 0.7225100 0.7171019 0.3845368 0.5234636 
B          0.4908187 0.0000000 0.5696177 0.5402866 0.5263573 0.5078601 0.5787228 0.5989272 0.2838941 0.4661277 
C          0.7518343 0.5696177 0.0000000 0.7225906 0.7724749 0.7018158 0.8231735 0.8631975 0.5096971 0.6228443 
D          0.5723267 0.5402866 0.7225906 0.0000000 0.7607965 0.6554921 0.7494634 0.8020895 0.4275851 0.5319940 
E          0.5493113 0.5263573 0.7724749 0.7607965 0.0000000 0.5870908 0.7446733 0.7443136 0.4064018 0.6380213 
F          0.5251830 0.5078601 0.7018158 0.6554921 0.5870908 0.0000000 0.7024802 0.6337013 0.3802686 0.5204144 
G          0.7225100 0.5787228 0.8231735 0.7494634 0.7446733 0.7024802 0.0000000 0.8048579 0.5372158 0.6917791 
H          0.7171019 0.5989272 0.8631975 0.8020895 0.7443136 0.6337013 0.8048579 0.0000000 0.5401216 0.6549974 
I          0.3845368 0.2838941 0.5096971 0.4275851 0.4064018 0.3802686 0.5372158 0.5401216 0.0000000 0.3339833 
J          0.5234636 0.4661277 0.6228443 0.5319940 0.6380213 0.5204144 0.6917791 0.6549974 0.3339833 0.0000000 
