10
A          0.0000000 0.6551657 0.7417537 0.7517089 0.8156516 0.7717475 0.7459409 0.7892359 0.4199539 0.6146167 
B          0.6551657 0.0000000 0.6489669 0.6393363 0.7101505 0.6674438 0.6204447 0.7901497 0.3935663 0.5600202 
C          0.7417537 0.6489669 0.0000000 0.6966460 0.7718842 0.7426055 0.6944124 0.9469502 0.5102114 0.6647566 
D          0.7517089 0.6393363 0.6966460 0.0000000 0.7355253 0.6993112 0.7296839 0.9581834 0.5284792 0.6854354 
E          0.8156516 0.7101505 0.7718842 0.7355253 0.0000000 0.6842524 0.7458510 1.0173873 0.5176542 0.6808965 
F          0.7717475 0.6674438 0.7426055 0.6993112 0.6842524 0.0000000 0.7299178 0.8993454 0.4543998 0.5540616 
G          0.7459409 0.6204447 0.6944124 0.7296839 0.7458510 0.7299178 0.0000000 0.9474941 0.4929828 0.6539811 
H          0.7892359 0.7901497 0.9469502 0.9581834 1.0173873 0.8993454 0.9474941 0.0000000 0.6652360 0.7924649 
I          0.4199539 0.3935663 0.5102114 0.5284792 0.5176542 0.4543998 0.4929828 0.6652360 0.0000000 0.4020766 
J          0.6146167 0.5600202 0.6647566 0.6854354 0.6808965 0.5540616 0.6539811 0.7924649 0.4020766 0.0000000 
