10
A          0.0000000 0.5652893 0.6924101 0.6552772 0.7138052 0.6836596 0.6835714 0.8023740 0.4200673 0.6271238 
B          0.5652893 0.0000000 0.5365706 0.5098479 0.6159254 0.5932850 0.5878422 0.6007972 0.3846785 0.4621007 
C          0.6924101 0.5365706 0.0000000 0.6049487 0.7505858 0.6291974 0.6686717 0.7278313 0.5058510 0.7324234 
D          0.6552772 0.5098479 0.6049487 0.0000000 0.6523253 0.5759012 0.7101762 0.7093755 0.4820401 0.5929129 
E          0.7138052 0.6159254 0.7505858 0.6523253 0.0000000 0.7636472 0.7450425 0.7868036 0.4724847 0.6738747 
F          0.6836596 0.5932850 0.6291974 0.5759012 0.7636472 0.0000000 0.7723153 0.8463955 0.4895267 0.6132679 
G          0.6835714 0.5878422 0.6686717 0.7101762 0.7450425 0.7723153 0.0000000 0.8437413 0.5398235 0.7165411 
H          0.8023740 0.6007972 0.7278313 0.7093755 0.7868036 0.8463955 0.8437413 0.0000000 0.6099771 0.8301380 
I          0.4200673 0.3846785 0.5058510 0.4820401 0.4724847 0.4895267 0.5398235 0.6099771 0.0000000 0.4467285 
J          0.6271238 0.4621007 0.7324234 0.5929129 0.6738747 0.6132679 0.7165411 0.8301380 0.4467285 0.0000000 
