10
A          0.0000000 0.6054913 0.7677074 0.4945624 0.9235843 0.7667608 0.6667263 0.6004742 0.4840543 0.7818787 
B          0.6054913 0.0000000 0.6840413 0.4405919 0.9024937 0.7628320 0.5960453 0.4964920 0.4400170 0.6908162 
C          0.7677074 0.6840413 0.0000000 0.5584784 0.9723709 0.8600921 0.7046083 0.6047210 0.5405025 0.7929403 
D          0.4945624 0.4405919 0.5584784 0.0000000 0.7068934 0.6136125 0.4429086 0.3890139 0.2815202 0.5497401 
E          0.9235843 0.9024937 0.9723709 0.7068934 0.0000000 1.1412304 0.8980872 0.7381870 0.7458880 0.9686546 
F          0.7667608 0.7628320 0.8600921 0.6136125 1.1412304 0.0000000 0.7974680 0.6695057 0.6033534 0.7874773 
G          0.6667263 0.5960453 0.7046083 0.4429086 0.8980872 0.7974680 0.0000000 0.5954550 0.4197590 0.7262149 
H          0.6004742 0.4964920 0.6047210 0.3890139 0.7381870 0.6695057 0.5954550 0.0000000 0.3991263 0.6811574 
I          0.4840543 0.4400170 0.5405025 0.2815202 0.7458880 0.6033534 0.4197590 0.3991263 0.0000000 0.5664910 
J          0.7818787 0.6908162 0.7929403 0.5497401 0.9686546 0.7874773 0.7262149 0.6811574 0.5664910 0.0000000 
