10
A          0.0000000 0.8317038 0.9392036 0.5419366 1.1400924 1.0401208 0.8891561 0.6865110 0.6299049 0.9907546 
B          0.8317038 0.0000000 0.8718414 0.4462280 1.0121637 0.9556884 0.7566528 0.5969703 0.5069745 0.8611315 
C          0.9392036 0.8718414 0.0000000 0.6595045 1.1529425 1.1204095 0.9076150 0.7471115 0.7351346 1.0042407 
D          0.5419366 0.4462280 0.6595045 0.0000000 0.7000103 0.6747222 0.5424052 0.3757719 0.2574813 0.6331287 
E          1.1400924 1.0121637 1.1529425 0.7000103 0.0000000 1.2178776 1.1469658 0.9098152 0.8117461 1.0854425 
F          1.0401208 0.9556884 1.1204095 0.6747222 1.2178776 0.0000000 0.9986682 0.8903579 0.7573236 1.2364236 
G          0.8891561 0.7566528 0.9076150 0.5424052 1.1469658 0.9986682 0.0000000 0.7434397 0.5780962 0.8833061 
H          0.6865110 0.5969703 0.7471115 0.3757719 0.9098152 0.8903579 0.7434397 0.0000000 0.4352053 0.8498863 
I          0.6299049 0.5069745 0.7351346 0.2574813 0.8117461 0.7573236 0.5780962 0.4352053 0.0000000 0.6789846 
J          0.9907546 0.8611315 1.0042407 0.6331287 1.0854425 1.2364236 0.8833061 0.8498863 0.6789846 0.0000000 
