10
A          0.0000000 0.7035967 0.8243301 0.5387137 0.9448471 1.0111282 0.7158622 0.6752234 0.5911327 0.7946405 
B          0.7035967 0.0000000 0.6960273 0.3929557 0.6915481 0.8737056 0.5899122 0.4790100 0.4457614 0.6849172 
C          0.8243301 0.6960273 0.0000000 0.5204989 0.8042027 0.9381057 0.6411705 0.5728052 0.6163894 0.8237370 
D          0.5387137 0.3929557 0.5204989 0.0000000 0.6010299 0.7447078 0.4947694 0.3585004 0.2644084 0.5553669 
E          0.9448471 0.6915481 0.8042027 0.6010299 0.0000000 0.8219062 0.8025232 0.6371848 0.6328421 0.8745252 
F          1.0111282 0.8737056 0.9381057 0.7447078 0.8219062 0.0000000 0.8024142 0.7251156 0.6514468 0.9678766 
G          0.7158622 0.5899122 0.6411705 0.4947694 0.8025232 0.8024142 0.0000000 0.5944643 0.4951705 0.6396687 
H          0.6752234 0.4790100 0.5728052 0.3585004 0.6371848 0.7251156 0.5944643 0.0000000 0.4268431 0.6844781 
I          0.5911327 0.4457614 0.6163894 0.2644084 0.6328421 0.6514468 0.4951705 0.4268431 0.0000000 0.6411571 
J          0.7946405 0.6849172 0.8237370 0.5553669 0.8745252 0.9678766 0.6396687 0.6844781 0.6411571 0.0000000 
