10
A          0.0000000 0.7230680 0.9671776 0.6043786 0.9158954 1.0822846 0.7749166 0.8196999 0.6125473 0.8180162 
B          0.7230680 0.0000000 0.6352644 0.3480448 0.6785294 0.7704367 0.5969925 0.5994093 0.4140537 0.7722856 
C          0.9671776 0.6352644 0.0000000 0.5088655 0.9128046 0.8908207 0.8411603 0.7128441 0.6290080 0.9380670 
D          0.6043786 0.3480448 0.5088655 0.0000000 0.5105874 0.6321093 0.4311959 0.4371498 0.2487629 0.5514615 
E          0.9158954 0.6785294 0.9128046 0.5105874 0.0000000 1.1245725 0.7791786 0.8443400 0.6381507 0.9546269 
F          1.0822846 0.7704367 0.8908207 0.6321093 1.1245725 0.0000000 0.9656534 0.9013617 0.6521118 0.9977254 
G          0.7749166 0.5969925 0.8411603 0.4311959 0.7791786 0.9656534 0.0000000 0.7277026 0.5249585 0.7621712 
H          0.8196999 0.5994093 0.7128441 0.4371498 0.8443400 0.9013617 0.7277026 0.0000000 0.5199531 0.8273232 
I          0.6125473 0.4140537 0.6290080 0.2487629 0.6381507 0.6521118 0.5249585 0.5199531 0.0000000 0.5942499 
J          0.8180162 0.7722856 0.9380670 0.5514615 0.9546269 0.9977254 0.7621712 0.8273232 0.5942499 0.0000000 
