10
A          0.0000000 0.8581583 0.9079314 0.5894277 1.0914938 1.1087822 0.7946435 0.9663072 0.6627412 0.8206800 
B          0.8581583 0.0000000 0.7296531 0.5364231 0.7919718 0.9831117 0.6963429 0.7163853 0.5635181 0.8806890 
C          0.9079314 0.7296531 0.0000000 0.6415617 0.9404596 0.9884617 0.8563881 0.7462437 0.7103190 0.9326645 
D          0.5894277 0.5364231 0.6415617 0.0000000 0.6080179 0.6585596 0.4876408 0.5472632 0.2847812 0.5487287 
E          1.0914938 0.7919718 0.9404596 0.6080179 0.0000000 0.9697878 0.7941816 0.6160744 0.6882291 0.9097900 
F          1.1087822 0.9831117 0.9884617 0.6585596 0.9697878 0.0000000 0.8151810 0.7688837 0.6397446 0.9688823 
G          0.7946435 0.6963429 0.8563881 0.4876408 0.7941816 0.8151810 0.0000000 0.7498816 0.5178737 0.7253929 
H          0.9663072 0.7163853 0.7462437 0.5472632 0.6160744 0.7688837 0.7498816 0.0000000 0.5043092 0.8878605 
I          0.6627412 0.5635181 0.7103190 0.2847812 0.6882291 0.6397446 0.5178737 0.5043092 0.0000000 0.5342385 
J          0.8206800 0.8806890 0.9326645 0.5487287 0.9097900 0.9688823 0.7253929 0.8878605 0.5342385 0.0000000 
