10
A          0.0000000 0.8781982 1.0062993 0.5123123 0.9099214 1.0077937 0.7574074 0.8810624 0.6144386 0.8321541 
B          0.8781982 0.0000000 0.6929355 0.5751447 0.7006499 0.8432891 0.7628073 0.5414503 0.5527994 0.8631640 
C          1.0062993 0.6929355 0.0000000 0.6369057 0.8888266 0.8802417 0.8548329 0.6112718 0.6472932 0.9221910 
D          0.5123123 0.5751447 0.6369057 0.0000000 0.5807307 0.7109657 0.4756455 0.5546635 0.3215690 0.5261415 
E          0.9099214 0.7006499 0.8888266 0.5807307 0.0000000 1.0602292 0.8729129 0.6920510 0.6348100 0.9453041 
F          1.0077937 0.8432891 0.8802417 0.7109657 1.0602292 0.0000000 0.9217538 0.7786558 0.7114912 1.1004677 
G          0.7574074 0.7628073 0.8548329 0.4756455 0.8729129 0.9217538 0.0000000 0.7248310 0.5182174 0.7394348 
H          0.8810624 0.5414503 0.6112718 0.5546635 0.6920510 0.7786558 0.7248310 0.0000000 0.5479581 0.7669313 
I          0.6144386 0.5527994 0.6472932 0.3215690 0.6348100 0.7114912 0.5182174 0.5479581 0.0000000 0.6520201 
J          0.8321541 0.8631640 0.9221910 0.5261415 0.9453041 1.1004677 0.7394348 0.7669313 0.6520201 0.0000000 
