10
A          0.0000000 0.8212759 0.8625620 0.5723845 0.9991620 0.8904728 0.8322425 0.7915966 0.5915203 0.7923102 
B          0.8212759 0.0000000 0.5982334 0.4290618 0.8307955 0.7274868 0.6652971 0.6205910 0.4263681 0.7120961 
C          0.8625620 0.5982334 0.0000000 0.5229498 0.9299121 0.7970242 0.7586141 0.6525347 0.5365145 0.7153785 
D          0.5723845 0.4290618 0.5229498 0.0000000 0.7207596 0.5656466 0.4916196 0.4486270 0.2885902 0.5466349 
E          0.9991620 0.8307955 0.9299121 0.7207596 0.0000000 0.9436460 0.8938882 0.9397079 0.6237292 1.0260169 
F          0.8904728 0.7274868 0.7970242 0.5656466 0.9436460 0.0000000 0.6845890 0.7439945 0.5580729 0.9190388 
G          0.8322425 0.6652971 0.7586141 0.4916196 0.8938882 0.6845890 0.0000000 0.6976174 0.4789385 0.7882829 
H          0.7915966 0.6205910 0.6525347 0.4486270 0.9397079 0.7439945 0.6976174 0.0000000 0.4910265 0.8004713 
I          0.5915203 0.4263681 0.5365145 0.2885902 0.6237292 0.5580729 0.4789385 0.4910265 0.0000000 0.5533643 
J          0.7923102 0.7120961 0.7153785 0.5466349 1.0260169 0.9190388 0.7882829 0.8004713 0.5533643 0.0000000 
