10
A          0.0000000 0.8286767 0.8508185 0.6145255 1.0075323 0.9534583 0.8253649 0.8028065 0.5715729 0.8577696 
B          0.8286767 0.0000000 0.6663159 0.4554219 0.7685854 0.7933703 0.6736996 0.6495269 0.4391289 0.7181011 
C          0.8508185 0.6663159 0.0000000 0.5374039 1.0034330 0.9745015 0.6692310 0.7596746 0.5444026 0.8245328 
D          0.6145255 0.4554219 0.5374039 0.0000000 0.5951047 0.6337840 0.4280399 0.4397638 0.2343527 0.5073129 
E          1.0075323 0.7685854 1.0034330 0.5951047 0.0000000 0.9824544 0.8497044 0.8965523 0.5950214 0.8707980 
F          0.9534583 0.7933703 0.9745015 0.6337840 0.9824544 0.0000000 0.7253662 0.7826282 0.6392578 0.7367570 
G          0.8253649 0.6736996 0.6692310 0.4280399 0.8497044 0.7253662 0.0000000 0.6266791 0.4332810 0.6313062 
H          0.8028065 0.6495269 0.7596746 0.4397638 0.8965523 0.7826282 0.6266791 0.0000000 0.4781371 0.7111398 
I          0.5715729 0.4391289 0.5444026 0.2343527 0.5950214 0.6392578 0.4332810 0.4781371 0.0000000 0.4665228 
J          0.8577696 0.7181011 0.8245328 0.5073129 0.8707980 0.7367570 0.6313062 0.7111398 0.4665228 0.0000000 
