10
A          0.0000000 0.8821526 1.0612107 0.6656356 1.1474249 1.1222584 0.9345203 0.9127392 0.6056568 1.1101112 
B          0.8821526 0.0000000 0.8023053 0.4609146 0.8354083 0.8786960 0.7405567 0.6713450 0.4996811 0.8860575 
C          1.0612107 0.8023053 0.0000000 0.6322685 1.1226897 1.0680716 0.8995867 0.7381334 0.6593521 1.0505818 
D          0.6656356 0.4609146 0.6322685 0.0000000 0.6478100 0.6062726 0.5180397 0.4235982 0.2778785 0.6133066 
E          1.1474249 0.8354083 1.1226897 0.6478100 0.0000000 1.1593710 0.9695550 0.8156931 0.7067291 1.1838820 
F          1.1222584 0.8786960 1.0680716 0.6062726 1.1593710 0.0000000 0.8674039 0.8587840 0.7500016 1.0754311 
G          0.9345203 0.7405567 0.8995867 0.5180397 0.9695550 0.8674039 0.0000000 0.7242236 0.5635761 0.9882293 
H          0.9127392 0.6713450 0.7381334 0.4235982 0.8156931 0.8587840 0.7242236 0.0000000 0.4480841 0.8615897 
I          0.6056568 0.4996811 0.6593521 0.2778785 0.7067291 0.7500016 0.5635761 0.4480841 0.0000000 0.7206382 
J          1.1101112 0.8860575 1.0505818 0.6133066 1.1838820 1.0754311 0.9882293 0.8615897 0.7206382 0.0000000 
