10
A          0.0000000 0.8768134 1.0341104 0.6452008 1.0881743 0.9085855 0.7878512 0.8414965 0.6552966 0.9345347 
B          0.8768134 0.0000000 0.8385211 0.5065589 0.8453333 0.7911027 0.6564817 0.7036808 0.4934447 0.7673627 
C          1.0341104 0.8385211 0.0000000 0.6048150 0.9749690 0.9044545 0.6595158 0.8064474 0.6288286 0.8153594 
D          0.6452008 0.5065589 0.6048150 0.0000000 0.6878341 0.5775888 0.4224960 0.4889000 0.2678094 0.5604124 
E          1.0881743 0.8453333 0.9749690 0.6878341 0.0000000 0.8983653 0.7792994 0.8773383 0.6074977 0.9062790 
F          0.9085855 0.7911027 0.9044545 0.5775888 0.8983653 0.0000000 0.7170958 0.6906845 0.5836961 0.9009180 
G          0.7878512 0.6564817 0.6595158 0.4224960 0.7792994 0.7170958 0.0000000 0.6917908 0.4498876 0.7398338 
H          0.8414965 0.7036808 0.8064474 0.4889000 0.8773383 0.6906845 0.6917908 0.0000000 0.4508517 0.8250195 
I          0.6552966 0.4934447 0.6288286 0.2678094 0.6074977 0.5836961 0.4498876 0.4508517 0.0000000 0.5793818 
J          0.9345347 0.7673627 0.8153594 0.5604124 0.9062790 0.9009180 0.7398338 0.8250195 0.5793818 0.0000000 
