10
A          0.0000000 0.6731160 0.9314475 0.6441393 0.9034290 0.9541419 0.7883776 0.7798725 0.6527449 1.0269145 
B          0.6731160 0.0000000 0.6862058 0.3829590 0.6793220 0.7257404 0.6160467 0.5764611 0.4152034 0.7180009 
C          0.9314475 0.6862058 0.0000000 0.4940415 0.9753372 0.9360020 0.7084123 0.7546628 0.6145216 0.9128426 
D          0.6441393 0.3829590 0.4940415 0.0000000 0.5928124 0.5450461 0.4554101 0.4222401 0.2591398 0.5709733 
E          0.9034290 0.6793220 0.9753372 0.5928124 0.0000000 0.9276051 0.7790419 0.8089615 0.5676242 0.9942159 
F          0.9541419 0.7257404 0.9360020 0.5450461 0.9276051 0.0000000 0.7447213 0.7832186 0.6191351 1.0422596 
G          0.7883776 0.6160467 0.7084123 0.4554101 0.7790419 0.7447213 0.0000000 0.6553628 0.4820750 0.8394920 
H          0.7798725 0.5764611 0.7546628 0.4222401 0.8089615 0.7832186 0.6553628 0.0000000 0.4476582 0.8857859 
I          0.6527449 0.4152034 0.6145216 0.2591398 0.5676242 0.6191351 0.4820750 0.4476582 0.0000000 0.6643890 
J          1.0269145 0.7180009 0.9128426 0.5709733 0.9942159 1.0422596 0.8394920 0.8857859 0.6643890 0.0000000 
