10
A          0.0000000 0.7269870 1.0467030 0.7079871 1.0475725 1.0841710 1.0003422 0.8048044 0.6581287 1.1471407 
B          0.7269870 0.0000000 0.8248194 0.4232293 0.8441189 0.8419048 0.7375995 0.5959066 0.4677259 0.8921684 
C          1.0467030 0.8248194 0.0000000 0.5560026 0.9613394 1.0124039 0.8509113 0.8807329 0.6412484 0.9680964 
D          0.7079871 0.4232293 0.5560026 0.0000000 0.6691839 0.7475702 0.5410193 0.4889722 0.2924881 0.6794056 
E          1.0475725 0.8441189 0.9613394 0.6691839 0.0000000 1.1707906 0.9865308 0.7832095 0.7018516 1.0828435 
F          1.0841710 0.8419048 1.0124039 0.7475702 1.1707906 0.0000000 1.0628257 0.9847868 0.7522195 1.0855776 
G          1.0003422 0.7375995 0.8509113 0.5410193 0.9865308 1.0628257 0.0000000 0.7224420 0.6394141 1.0819443 
H          0.8048044 0.5959066 0.8807329 0.4889722 0.7832095 0.9847868 0.7224420 0.0000000 0.4471501 0.8463338 
I          0.6581287 0.4677259 0.6412484 0.2924881 0.7018516 0.7522195 0.6394141 0.4471501 0.0000000 0.7901276 
J          1.1471407 0.8921684 0.9680964 0.6794056 1.0828435 1.0855776 1.0819443 0.8463338 0.7901276 0.0000000 
