10
A          0.0000000 0.7434681 0.8969051 0.5743792 0.8438969 0.9674382 0.7506284 0.6814396 0.6003760 0.8822000 
B          0.7434681 0.0000000 0.7948973 0.4383493 0.7291056 0.8417449 0.7238336 0.5680761 0.4792385 0.6451668 
C          0.8969051 0.7948973 0.0000000 0.5620991 0.8271447 0.9051596 0.8235931 0.6463955 0.6019876 0.7823515 
D          0.5743792 0.4383493 0.5620991 0.0000000 0.5482888 0.6901180 0.4607250 0.3665251 0.2995702 0.5546639 
E          0.8438969 0.7291056 0.8271447 0.5482888 0.0000000 0.9465517 0.8048718 0.6834813 0.5378403 0.8652712 
F          0.9674382 0.8417449 0.9051596 0.6901180 0.9465517 0.0000000 0.8890862 0.8062285 0.6870926 0.9142127 
G          0.7506284 0.7238336 0.8235931 0.4607250 0.8048718 0.8890862 0.0000000 0.5966083 0.5437142 0.7320598 
H          0.6814396 0.5680761 0.6463955 0.3665251 0.6834813 0.8062285 0.5966083 0.0000000 0.3835987 0.6666813 
I          0.6003760 0.4792385 0.6019876 0.2995702 0.5378403 0.6870926 0.5437142 0.3835987 0.0000000 0.5823288 
J          0.8822000 0.6451668 0.7823515 0.5546639 0.8652712 0.9142127 0.7320598 0.6666813 0.5823288 0.0000000 
