10
A          0.0000000 0.7353977 1.0142818 0.5812055 0.9981264 0.9928293 0.9284119 0.7707430 0.6581860 0.9875534 
B          0.7353977 0.0000000 0.7877087 0.4308739 0.7057125 0.7773783 0.6513452 0.5153973 0.4666067 0.7822593 
C          1.0142818 0.7877087 0.0000000 0.6499278 1.0479859 1.0242600 0.8802270 0.8815046 0.6839190 0.9590601 
D          0.5812055 0.4308739 0.6499278 0.0000000 0.6809018 0.6646638 0.5400920 0.4019897 0.3219196 0.5917495 
E          0.9981264 0.7057125 1.0479859 0.6809018 0.0000000 0.9800481 0.9422565 0.8736109 0.7085953 1.0465556 
F          0.9928293 0.7773783 1.0242600 0.6646638 0.9800481 0.0000000 0.8861621 0.9367877 0.7324342 1.0407105 
G          0.9284119 0.6513452 0.8802270 0.5400920 0.9422565 0.8861621 0.0000000 0.7246592 0.5681040 0.9147573 
H          0.7707430 0.5153973 0.8815046 0.4019897 0.8736109 0.9367877 0.7246592 0.0000000 0.4972234 0.8577880 
I          0.6581860 0.4666067 0.6839190 0.3219196 0.7085953 0.7324342 0.5681040 0.4972234 0.0000000 0.7037183 
J          0.9875534 0.7822593 0.9590601 0.5917495 1.0465556 1.0407105 0.9147573 0.8577880 0.7037183 0.0000000 
