10
A          0.0000000 0.6796828 0.7234859 0.3830442 0.2987288 0.7433392 0.4647356 0.3726746 0.4314142 0.6150779 
B          0.6796828 0.0000000 0.8309463 0.7697555 0.6866346 1.0362773 0.6690824 0.6474708 0.7013812 0.9041045 
C          0.7234859 0.8309463 0.0000000 0.8591935 0.6432343 1.0881772 0.6578137 0.8177466 0.7118195 1.0061308 
D          0.3830442 0.7697555 0.8591935 0.0000000 0.3903530 0.8960751 0.5683302 0.3610409 0.4761987 0.6654493 
E          0.2987288 0.6866346 0.6432343 0.3903530 0.0000000 0.6971304 0.3692787 0.3680812 0.3654801 0.5653737 
F          0.7433392 1.0362773 1.0881772 0.8960751 0.6971304 0.0000000 0.8745233 0.8445009 0.8908646 0.9544612 
G          0.4647356 0.6690824 0.6578137 0.5683302 0.3692787 0.8745233 0.0000000 0.5025562 0.4638586 0.7789410 
H          0.3726746 0.6474708 0.8177466 0.3610409 0.3680812 0.8445009 0.5025562 0.0000000 0.4821338 0.7283799 
I          0.4314142 0.7013812 0.7118195 0.4761987 0.3654801 0.8908646 0.4638586 0.4821338 0.0000000 0.6073739 
J          0.6150779 0.9041045 1.0061308 0.6654493 0.5653737 0.9544612 0.7789410 0.7283799 0.6073739 0.0000000 
