10
A          0.0000000 0.4923830 0.4682530 0.2991277 0.2616988 0.5782273 0.3279420 0.2804274 0.3484333 0.4551667 
B          0.4923830 0.0000000 0.5760543 0.4777005 0.4571039 0.7034148 0.4835433 0.4640729 0.4930446 0.5176715 
C          0.4682530 0.5760543 0.0000000 0.4239823 0.3746418 0.6763132 0.4720262 0.4067787 0.4142288 0.5085449 
D          0.2991277 0.4777005 0.4239823 0.0000000 0.2359073 0.5351201 0.3455490 0.2610308 0.3662910 0.4622869 
E          0.2616988 0.4571039 0.3746418 0.2359073 0.0000000 0.5275602 0.2984242 0.2339588 0.2774290 0.3754661 
F          0.5782273 0.7034148 0.6763132 0.5351201 0.5275602 0.0000000 0.6128302 0.5184268 0.5699726 0.6113276 
G          0.3279420 0.4835433 0.4720262 0.3455490 0.2984242 0.6128302 0.0000000 0.3470330 0.4084865 0.4315842 
H          0.2804274 0.4640729 0.4067787 0.2610308 0.2339588 0.5184268 0.3470330 0.0000000 0.3440140 0.4145710 
I          0.3484333 0.4930446 0.4142288 0.3662910 0.2774290 0.5699726 0.4084865 0.3440140 0.0000000 0.4982640 
J          0.4551667 0.5176715 0.5085449 0.4622869 0.3754661 0.6113276 0.4315842 0.4145710 0.4982640 0.0000000 
