10
A          0.0000000 0.4558057 0.5178090 0.3770893 0.2869025 0.7416737 0.4485756 0.3037498 0.4307319 0.4948980 
B          0.4558057 0.0000000 0.6721376 0.5087357 0.4200500 0.7612634 0.5137440 0.4573799 0.6122928 0.6061872 
C          0.5178090 0.6721376 0.0000000 0.5243166 0.4329768 0.8926314 0.5866215 0.5040666 0.5902412 0.6116695 
D          0.3770893 0.5087357 0.5243166 0.0000000 0.2839007 0.7606652 0.4422188 0.3573659 0.4239220 0.4618417 
E          0.2869025 0.4200500 0.4329768 0.2839007 0.0000000 0.5858245 0.3496736 0.2373813 0.3002242 0.3992566 
F          0.7416737 0.7612634 0.8926314 0.7606652 0.5858245 0.0000000 0.7266967 0.6746807 0.8288636 0.8202640 
G          0.4485756 0.5137440 0.5866215 0.4422188 0.3496736 0.7266967 0.0000000 0.4105521 0.5146289 0.5677056 
H          0.3037498 0.4573799 0.5040666 0.3573659 0.2373813 0.6746807 0.4105521 0.0000000 0.3540122 0.4539091 
I          0.4307319 0.6122928 0.5902412 0.4239220 0.3002242 0.8288636 0.5146289 0.3540122 0.0000000 0.5488676 
J          0.4948980 0.6061872 0.6116695 0.4618417 0.3992566 0.8202640 0.5677056 0.4539091 0.5488676 0.0000000 
