10
A          0.0000000 0.4244145 0.4105728 0.3025283 0.2314267 0.5951994 0.3444175 0.2622149 0.3123654 0.3744154 
B          0.4244145 0.0000000 0.6050223 0.4752936 0.4224810 0.8428257 0.5243884 0.4585451 0.4958931 0.5660238 
C          0.4105728 0.6050223 0.0000000 0.4573259 0.3795870 0.7708856 0.4970098 0.4598040 0.5241957 0.5664760 
D          0.3025283 0.4752936 0.4573259 0.0000000 0.2630704 0.6069186 0.3873259 0.3278061 0.3634891 0.4051537 
E          0.2314267 0.4224810 0.3795870 0.2630704 0.0000000 0.5618505 0.3357849 0.2469608 0.2592366 0.3605498 
F          0.5951994 0.8428257 0.7708856 0.6069186 0.5618505 0.0000000 0.6685894 0.5840829 0.6913834 0.7316142 
G          0.3444175 0.5243884 0.4970098 0.3873259 0.3357849 0.6685894 0.0000000 0.3861470 0.4587483 0.4380752 
H          0.2622149 0.4585451 0.4598040 0.3278061 0.2469608 0.5840829 0.3861470 0.0000000 0.3382597 0.4341484 
I          0.3123654 0.4958931 0.5241957 0.3634891 0.2592366 0.6913834 0.4587483 0.3382597 0.0000000 0.4378962 
J          0.3744154 0.5660238 0.5664760 0.4051537 0.3605498 0.7316142 0.4380752 0.4341484 0.4378962 0.0000000 
