10
A          0.0000000 0.6402777 0.6207532 0.3694551 0.3519978 0.6116711 0.4653390 0.3586108 0.3922115 0.5940800 
B          0.6402777 0.0000000 0.8898942 0.5914431 0.5922562 0.8292560 0.6797999 0.6290384 0.6236370 0.8915181 
C          0.6207532 0.8898942 0.0000000 0.5264571 0.5564698 0.9575565 0.7127977 0.5788648 0.6499869 0.7530125 
D          0.3694551 0.5914431 0.5264571 0.0000000 0.3170034 0.5848509 0.4341506 0.2877398 0.3671456 0.5020590 
E          0.3519978 0.5922562 0.5564698 0.3170034 0.0000000 0.5766203 0.3429931 0.2813804 0.3644644 0.5229786 
F          0.6116711 0.8292560 0.9575565 0.5848509 0.5766203 0.0000000 0.6977072 0.5819444 0.6166572 0.8754268 
G          0.4653390 0.6797999 0.7127977 0.4341506 0.3429931 0.6977072 0.0000000 0.3933284 0.4120377 0.6592105 
H          0.3586108 0.6290384 0.5788648 0.2877398 0.2813804 0.5819444 0.3933284 0.0000000 0.3276376 0.4730198 
I          0.3922115 0.6236370 0.6499869 0.3671456 0.3644644 0.6166572 0.4120377 0.3276376 0.0000000 0.5407185 
J          0.5940800 0.8915181 0.7530125 0.5020590 0.5229786 0.8754268 0.6592105 0.4730198 0.5407185 0.0000000 
