10
A          0.0000000 0.6536650 0.6216330 0.3974762 0.2814240 0.8021636 0.4986483 0.3459035 0.4626023 0.5104419 
B          0.6536650 0.0000000 0.8648792 0.7002468 0.5917445 1.1481553 0.7047745 0.6179502 0.7116644 0.8128569 
C          0.6216330 0.8648792 0.0000000 0.6771735 0.5326140 0.9489996 0.6043855 0.6429675 0.6175459 0.7959030 
D          0.3974762 0.7002468 0.6771735 0.0000000 0.3419144 0.8265765 0.5362120 0.3547711 0.4987679 0.6066708 
E          0.2814240 0.5917445 0.5326140 0.3419144 0.0000000 0.6724715 0.4150603 0.2617969 0.3432398 0.4537122 
F          0.8021636 1.1481553 0.9489996 0.8265765 0.6724715 0.0000000 0.8728702 0.7678576 0.7088909 0.9129498 
G          0.4986483 0.7047745 0.6043855 0.5362120 0.4150603 0.8728702 0.0000000 0.4604194 0.5064122 0.6450842 
H          0.3459035 0.6179502 0.6429675 0.3547711 0.2617969 0.7678576 0.4604194 0.0000000 0.3987790 0.5284339 
I          0.4626023 0.7116644 0.6175459 0.4987679 0.3432398 0.7088909 0.5064122 0.3987790 0.0000000 0.5189616 
J          0.5104419 0.8128569 0.7959030 0.6066708 0.4537122 0.9129498 0.6450842 0.5284339 0.5189616 0.0000000 
