10
A          0.0000000 0.5983426 0.6355223 0.4067224 0.3254207 0.6477313 0.4244211 0.4077005 0.3671339 0.4906055 
B          0.5983426 0.0000000 0.7453956 0.5777977 0.4412671 0.7931186 0.5053008 0.5445191 0.5470008 0.6716006 
C          0.6355223 0.7453956 0.0000000 0.5722418 0.5170311 0.8682895 0.5914593 0.5901426 0.5878578 0.7563305 
D          0.4067224 0.5777977 0.5722418 0.0000000 0.3150371 0.6731997 0.3747652 0.3491923 0.3943472 0.5491582 
E          0.3254207 0.4412671 0.5170311 0.3150371 0.0000000 0.5752697 0.3020490 0.2728979 0.2736751 0.3865751 
F          0.6477313 0.7931186 0.8682895 0.6731997 0.5752697 0.0000000 0.6313025 0.5801737 0.6805911 0.7684176 
G          0.4244211 0.5053008 0.5914593 0.3747652 0.3020490 0.6313025 0.0000000 0.3866564 0.3906899 0.4527342 
H          0.4077005 0.5445191 0.5901426 0.3491923 0.2728979 0.5801737 0.3866564 0.0000000 0.3161839 0.4817920 
I          0.3671339 0.5470008 0.5878578 0.3943472 0.2736751 0.6805911 0.3906899 0.3161839 0.0000000 0.5252948 
J          0.4906055 0.6716006 0.7563305 0.5491582 0.3865751 0.7684176 0.4527342 0.4817920 0.5252948 0.0000000 
