10
A          0.0000000 0.6753923 0.7068517 0.4088242 0.3117596 0.8648861 0.5144732 0.3555029 0.5033295 0.6396618 
B          0.6753923 0.0000000 0.7583947 0.7275747 0.5862280 0.8813812 0.6126199 0.6385106 0.6829325 0.9413907 
C          0.7068517 0.7583947 0.0000000 0.7223265 0.6042344 1.0304473 0.6323416 0.6195755 0.6014617 0.9150597 
D          0.4088242 0.7275747 0.7223265 0.0000000 0.3512410 0.7860445 0.5791536 0.2998980 0.4656426 0.6805886 
E          0.3117596 0.5862280 0.6042344 0.3512410 0.0000000 0.6998263 0.4379782 0.3111468 0.3787140 0.5513422 
F          0.8648861 0.8813812 1.0304473 0.7860445 0.6998263 0.0000000 0.8126761 0.8169429 0.8109669 0.9687307 
G          0.5144732 0.6126199 0.6323416 0.5791536 0.4379782 0.8126761 0.0000000 0.5572598 0.4878424 0.6355668 
H          0.3555029 0.6385106 0.6195755 0.2998980 0.3111468 0.8169429 0.5572598 0.0000000 0.4508726 0.6699516 
I          0.5033295 0.6829325 0.6014617 0.4656426 0.3787140 0.8109669 0.4878424 0.4508726 0.0000000 0.6911336 
J          0.6396618 0.9413907 0.9150597 0.6805886 0.5513422 0.9687307 0.6355668 0.6699516 0.6911336 0.0000000 
