10
A          0.0000000 0.6104942 0.6796349 0.4051754 0.2955498 0.6683530 0.4709314 0.2965637 0.4139536 0.5454056 
B          0.6104942 0.0000000 0.6668752 0.6376328 0.4973265 0.8448652 0.6455167 0.4799352 0.5554461 0.6515079 
C          0.6796349 0.6668752 0.0000000 0.6374968 0.5046418 0.8407959 0.6208159 0.5175161 0.5883058 0.6271190 
D          0.4051754 0.6376328 0.6374968 0.0000000 0.3321893 0.6202152 0.4732576 0.3134352 0.4367489 0.4910477 
E          0.2955498 0.4973265 0.5046418 0.3321893 0.0000000 0.5463835 0.3648152 0.2725197 0.3189596 0.4354928 
F          0.6683530 0.8448652 0.8407959 0.6202152 0.5463835 0.0000000 0.6733821 0.5803728 0.6469233 0.7165352 
G          0.4709314 0.6455167 0.6208159 0.4732576 0.3648152 0.6733821 0.0000000 0.4019527 0.4400171 0.5429751 
H          0.2965637 0.4799352 0.5175161 0.3134352 0.2725197 0.5803728 0.4019527 0.0000000 0.3782692 0.4371960 
I          0.4139536 0.5554461 0.5883058 0.4367489 0.3189596 0.6469233 0.4400171 0.3782692 0.0000000 0.4989814 
J          0.5454056 0.6515079 0.6271190 0.4910477 0.4354928 0.7165352 0.5429751 0.4371960 0.4989814 0.0000000 
