10
A          0.0000000 0.4633535 0.4408966 0.3390942 0.3079467 0.5091238 0.4041840 0.3044767 0.3132732 0.4335424 
B          0.4633535 0.0000000 0.5866046 0.4835525 0.4122564 0.6957044 0.4946455 0.4475779 0.4796685 0.5328526 
C          0.4408966 0.5866046 0.0000000 0.4968562 0.4143916 0.6900898 0.4710447 0.4029002 0.4184344 0.4911583 
D          0.3390942 0.4835525 0.4968562 0.0000000 0.2919468 0.6034712 0.4182048 0.2777294 0.3061895 0.4341365 
E          0.3079467 0.4122564 0.4143916 0.2919468 0.0000000 0.5342016 0.3677062 0.2575708 0.2901161 0.3710985 
F          0.5091238 0.6957044 0.6900898 0.6034712 0.5342016 0.0000000 0.6103168 0.5718811 0.5652998 0.6903121 
G          0.4041840 0.4946455 0.4710447 0.4182048 0.3677062 0.6103168 0.0000000 0.3685320 0.3641035 0.4341737 
H          0.3044767 0.4475779 0.4029002 0.2777294 0.2575708 0.5718811 0.3685320 0.0000000 0.2933577 0.3990147 
I          0.3132732 0.4796685 0.4184344 0.3061895 0.2901161 0.5652998 0.3641035 0.2933577 0.0000000 0.4190806 
J          0.4335424 0.5328526 0.4911583 0.4341365 0.3710985 0.6903121 0.4341737 0.3990147 0.4190806 0.0000000 
