10
A          0.0000000 0.2545631 0.5900353 0.3822323 0.5344047 0.4456659 0.2741897 0.2674274 0.5590183 0.4097852 
B          0.2545631 0.0000000 0.5613933 0.4407068 0.6117873 0.4672964 0.3331865 0.2889603 0.6376938 0.3499290 
C          0.5900353 0.5613933 0.0000000 0.7216563 0.8951758 0.7644071 0.6858473 0.6267269 0.9136874 0.7704757 
D          0.3822323 0.4407068 0.7216563 0.0000000 0.6691514 0.6205144 0.4686354 0.4587535 0.7707838 0.5917065 
E          0.5344047 0.6117873 0.8951758 0.6691514 0.0000000 0.7395574 0.6718821 0.5921263 0.9837532 0.7447575 
F          0.4456659 0.4672964 0.7644071 0.6205144 0.7395574 0.0000000 0.4485308 0.4908117 0.7484862 0.7181258 
G          0.2741897 0.3331865 0.6858473 0.4686354 0.6718821 0.4485308 0.0000000 0.2786235 0.5527956 0.5252128 
H          0.2674274 0.2889603 0.6267269 0.4587535 0.5921263 0.4908117 0.2786235 0.0000000 0.5705905 0.4182739 
I          0.5590183 0.6376938 0.9136874 0.7707838 0.9837532 0.7484862 0.5527956 0.5705905 0.0000000 0.8610089 
J          0.4097852 0.3499290 0.7704757 0.5917065 0.7447575 0.7181258 0.5252128 0.4182739 0.8610089 0.0000000 
