10
A          0.0000000 0.2036617 0.5070614 0.3427041 0.5236694 0.3671703 0.2262649 0.2174692 0.4724345 0.3574748 
B          0.2036617 0.0000000 0.5522309 0.4109678 0.5529288 0.3788319 0.2699411 0.2621730 0.4988327 0.3458950 
C          0.5070614 0.5522309 0.0000000 0.7071297 0.8422919 0.7109441 0.5771702 0.5243460 0.7098845 0.6130742 
D          0.3427041 0.4109678 0.7071297 0.0000000 0.7111856 0.5303439 0.4359861 0.4053905 0.6119385 0.5147613 
E          0.5236694 0.5529288 0.8422919 0.7111856 0.0000000 0.6537238 0.5923389 0.5694266 0.8040413 0.7065782 
F          0.3671703 0.3788319 0.7109441 0.5303439 0.6537238 0.0000000 0.4243138 0.4094166 0.6165866 0.5247181 
G          0.2262649 0.2699411 0.5771702 0.4359861 0.5923389 0.4243138 0.0000000 0.2378583 0.4412870 0.3968011 
H          0.2174692 0.2621730 0.5243460 0.4053905 0.5694266 0.4094166 0.2378583 0.0000000 0.4603956 0.3723820 
I          0.4724345 0.4988327 0.7098845 0.6119385 0.8040413 0.6165866 0.4412870 0.4603956 0.0000000 0.6027501 
J          0.3574748 0.3458950 0.6130742 0.5147613 0.7065782 0.5247181 0.3968011 0.3723820 0.6027501 0.0000000 
