10
A          0.0000000 0.1954821 0.5273607 0.3447476 0.7078554 0.4030589 0.2295534 0.2160395 0.4423132 0.3834267 
B          0.1954821 0.0000000 0.5568485 0.3535134 0.7213570 0.4252138 0.2366972 0.2464370 0.4571669 0.3810441 
C          0.5273607 0.5568485 0.0000000 0.7334900 1.0734452 0.7885804 0.6310563 0.6245840 0.8851757 0.6898762 
D          0.3447476 0.3535134 0.7334900 0.0000000 0.8850163 0.6572091 0.3748905 0.4086884 0.6121908 0.5817117 
E          0.7078554 0.7213570 1.0734452 0.8850163 0.0000000 1.0291796 0.7263750 0.6769669 0.8941376 0.8161558 
F          0.4030589 0.4252138 0.7885804 0.6572091 1.0291796 0.0000000 0.4776812 0.4515993 0.6546286 0.6524067 
G          0.2295534 0.2366972 0.6310563 0.3748905 0.7263750 0.4776812 0.0000000 0.2710045 0.5022427 0.3742263 
H          0.2160395 0.2464370 0.6245840 0.4086884 0.6769669 0.4515993 0.2710045 0.0000000 0.4940508 0.4042094 
I          0.4423132 0.4571669 0.8851757 0.6121908 0.8941376 0.6546286 0.5022427 0.4940508 0.0000000 0.5815701 
J          0.3834267 0.3810441 0.6898762 0.5817117 0.8161558 0.6524067 0.3742263 0.4042094 0.5815701 0.0000000 
