10
A          0.0000000 0.2249426 0.6594122 0.4131010 0.5789751 0.4170555 0.2236970 0.2285370 0.5147318 0.3295394 
B          0.2249426 0.0000000 0.6269425 0.4809950 0.6147784 0.4463313 0.2227654 0.2390850 0.5747845 0.3318686 
C          0.6594122 0.6269425 0.0000000 0.9072875 1.1083208 0.8798275 0.6492056 0.6346579 1.0436809 0.6777466 
D          0.4131010 0.4809950 0.9072875 0.0000000 0.8678655 0.7121312 0.4576216 0.4606890 0.7861659 0.5854861 
E          0.5789751 0.6147784 1.1083208 0.8678655 0.0000000 0.8246215 0.5992514 0.6412903 0.8050222 0.7266237 
F          0.4170555 0.4463313 0.8798275 0.7121312 0.8246215 0.0000000 0.4463811 0.4623713 0.7375754 0.5923877 
G          0.2236970 0.2227654 0.6492056 0.4576216 0.5992514 0.4463811 0.0000000 0.1972524 0.4549957 0.3595312 
H          0.2285370 0.2390850 0.6346579 0.4606890 0.6412903 0.4623713 0.1972524 0.0000000 0.4655287 0.3905509 
I          0.5147318 0.5747845 1.0436809 0.7861659 0.8050222 0.7375754 0.4549957 0.4655287 0.0000000 0.6255895 
J          0.3295394 0.3318686 0.6777466 0.5854861 0.7266237 0.5923877 0.3595312 0.3905509 0.6255895 0.0000000 
