10
A          0.0000000 0.2529062 0.5630135 0.3398891 0.5011142 0.4134605 0.2414680 0.2382857 0.4832728 0.3401668 
B          0.2529062 0.0000000 0.4989656 0.3788042 0.5798567 0.4576951 0.2847119 0.2660584 0.4854619 0.3329570 
C          0.5630135 0.4989656 0.0000000 0.5835839 0.8802028 0.7837032 0.5365533 0.5334347 0.7200498 0.6617904 
D          0.3398891 0.3788042 0.5835839 0.0000000 0.6654391 0.6038174 0.3529760 0.3830425 0.6109597 0.4414303 
E          0.5011142 0.5798567 0.8802028 0.6654391 0.0000000 0.7382800 0.5695432 0.5518388 0.8574303 0.6752722 
F          0.4134605 0.4576951 0.7837032 0.6038174 0.7382800 0.0000000 0.4374935 0.4632737 0.6542943 0.5246713 
G          0.2414680 0.2847119 0.5365533 0.3529760 0.5695432 0.4374935 0.0000000 0.2504158 0.4144697 0.3509727 
H          0.2382857 0.2660584 0.5334347 0.3830425 0.5518388 0.4632737 0.2504158 0.0000000 0.4693019 0.3641042 
I          0.4832728 0.4854619 0.7200498 0.6109597 0.8574303 0.6542943 0.4144697 0.4693019 0.0000000 0.5755466 
J          0.3401668 0.3329570 0.6617904 0.4414303 0.6752722 0.5246713 0.3509727 0.3641042 0.5755466 0.0000000 
