10
A          0.0000000 0.2098434 0.5543840 0.3991440 0.6177618 0.3901545 0.2041745 0.2015345 0.4052525 0.3558201 
B          0.2098434 0.0000000 0.5657155 0.4416939 0.6043537 0.4626777 0.2255931 0.2401191 0.4860198 0.4013808 
C          0.5543840 0.5657155 0.0000000 0.7974806 0.8742169 0.7676313 0.5444589 0.5320408 0.8591080 0.7393441 
D          0.3991440 0.4416939 0.7974806 0.0000000 0.7404101 0.6432147 0.4174380 0.4308660 0.6965683 0.5273132 
E          0.6177618 0.6043537 0.8742169 0.7404101 0.0000000 0.8058712 0.5775823 0.6351554 0.8266197 0.8218026 
F          0.3901545 0.4626777 0.7676313 0.6432147 0.8058712 0.0000000 0.4256322 0.4092100 0.6625607 0.6197541 
G          0.2041745 0.2255931 0.5444589 0.4174380 0.5775823 0.4256322 0.0000000 0.2189720 0.4576071 0.3610638 
H          0.2015345 0.2401191 0.5320408 0.4308660 0.6351554 0.4092100 0.2189720 0.0000000 0.4380938 0.3713617 
I          0.4052525 0.4860198 0.8591080 0.6965683 0.8266197 0.6625607 0.4576071 0.4380938 0.0000000 0.6019558 
J          0.3558201 0.4013808 0.7393441 0.5273132 0.8218026 0.6197541 0.3610638 0.3713617 0.6019558 0.0000000 
