10
A          0.0000000 0.1950075 0.5867764 0.3646131 0.5515756 0.4002529 0.2368282 0.2051024 0.4818284 0.3482677 
B          0.1950075 0.0000000 0.5450551 0.3821969 0.5297215 0.4104912 0.2474729 0.2116485 0.5204250 0.3745278 
C          0.5867764 0.5450551 0.0000000 0.7386178 0.9025559 0.7447358 0.5720048 0.5395453 0.8636433 0.7149248 
D          0.3646131 0.3821969 0.7386178 0.0000000 0.6960530 0.6219804 0.4345299 0.3813062 0.6801812 0.5268198 
E          0.5515756 0.5297215 0.9025559 0.6960530 0.0000000 0.7869909 0.5915158 0.6166447 0.8635353 0.7222144 
F          0.4002529 0.4104912 0.7447358 0.6219804 0.7869909 0.0000000 0.4223887 0.3981159 0.7269086 0.5828534 
G          0.2368282 0.2474729 0.5720048 0.4345299 0.5915158 0.4223887 0.0000000 0.2181078 0.5510670 0.4240082 
H          0.2051024 0.2116485 0.5395453 0.3813062 0.6166447 0.3981159 0.2181078 0.0000000 0.4631360 0.3654544 
I          0.4818284 0.5204250 0.8636433 0.6801812 0.8635353 0.7269086 0.5510670 0.4631360 0.0000000 0.6301125 
J          0.3482677 0.3745278 0.7149248 0.5268198 0.7222144 0.5828534 0.4240082 0.3654544 0.6301125 0.0000000 
