10
A          0.0000000 0.1795764 0.5186332 0.3321093 0.5846814 0.4523023 0.2000976 0.1671974 0.3852822 0.3695087 
B          0.1795764 0.0000000 0.5530012 0.3504318 0.5997367 0.4680881 0.2172281 0.1939076 0.4006738 0.3589097 
C          0.5186332 0.5530012 0.0000000 0.6870460 0.8980585 0.7425742 0.5367344 0.5437636 0.7487189 0.7562837 
D          0.3321093 0.3504318 0.6870460 0.0000000 0.6924528 0.6072477 0.3481676 0.3266141 0.5874777 0.5352795 
E          0.5846814 0.5997367 0.8980585 0.6924528 0.0000000 0.8641322 0.6328903 0.6224187 0.8609765 0.8230433 
F          0.4523023 0.4680881 0.7425742 0.6072477 0.8641322 0.0000000 0.4974413 0.4702289 0.6687276 0.6740454 
G          0.2000976 0.2172281 0.5367344 0.3481676 0.6328903 0.4974413 0.0000000 0.2003376 0.3989018 0.3576352 
H          0.1671974 0.1939076 0.5437636 0.3266141 0.6224187 0.4702289 0.2003376 0.0000000 0.4257571 0.3556611 
I          0.3852822 0.4006738 0.7487189 0.5874777 0.8609765 0.6687276 0.3989018 0.4257571 0.0000000 0.5946322 
J          0.3695087 0.3589097 0.7562837 0.5352795 0.8230433 0.6740454 0.3576352 0.3556611 0.5946322 0.0000000 
