10
A          0.0000000 0.2266480 0.5584632 0.4340417 0.6093381 0.4821082 0.2506572 0.2534001 0.5763764 0.3768516 
B          0.2266480 0.0000000 0.5856237 0.3928736 0.6466703 0.4731810 0.2403919 0.2681284 0.6128131 0.3564448 
C          0.5584632 0.5856237 0.0000000 0.7768059 1.0602158 0.8937071 0.5374145 0.6266913 0.9168190 0.7380610 
D          0.4340417 0.3928736 0.7768059 0.0000000 0.8004321 0.6790357 0.4380504 0.4714165 0.8328748 0.5275538 
E          0.6093381 0.6466703 1.0602158 0.8004321 0.0000000 0.7893575 0.6230423 0.6174115 0.9198090 0.7547794 
F          0.4821082 0.4731810 0.8937071 0.6790357 0.7893575 0.0000000 0.4740649 0.5256343 0.7321769 0.6274579 
G          0.2506572 0.2403919 0.5374145 0.4380504 0.6230423 0.4740649 0.0000000 0.2797767 0.6327735 0.3785615 
H          0.2534001 0.2681284 0.6266913 0.4714165 0.6174115 0.5256343 0.2797767 0.0000000 0.5592260 0.4011861 
I          0.5763764 0.6128131 0.9168190 0.8328748 0.9198090 0.7321769 0.6327735 0.5592260 0.0000000 0.7067479 
J          0.3768516 0.3564448 0.7380610 0.5275538 0.7547794 0.6274579 0.3785615 0.4011861 0.7067479 0.0000000 
