10
A          0.0000000 0.1732525 0.6457664 0.3535501 0.5178380 0.4196854 0.2264643 0.2098766 0.5004475 0.3742053 
B          0.1732525 0.0000000 0.6049487 0.3520761 0.5343378 0.3874225 0.1904277 0.1762298 0.4723599 0.3419575 
C          0.6457664 0.6049487 0.0000000 0.7980736 0.9891675 0.8553388 0.6197141 0.6010597 0.9190071 0.7397976 
D          0.3535501 0.3520761 0.7980736 0.0000000 0.7182997 0.6629468 0.3941730 0.3840097 0.6243531 0.5566859 
E          0.5178380 0.5343378 0.9891675 0.7182997 0.0000000 0.7744453 0.5781281 0.5335012 0.7886544 0.7718818 
F          0.4196854 0.3874225 0.8553388 0.6629468 0.7744453 0.0000000 0.4344329 0.4273333 0.7224396 0.6279624 
G          0.2264643 0.1904277 0.6197141 0.3941730 0.5781281 0.4344329 0.0000000 0.2103001 0.4822226 0.3937842 
H          0.2098766 0.1762298 0.6010597 0.3840097 0.5335012 0.4273333 0.2103001 0.0000000 0.5266284 0.3528514 
I          0.5004475 0.4723599 0.9190071 0.6243531 0.7886544 0.7224396 0.4822226 0.5266284 0.0000000 0.6007300 
J          0.3742053 0.3419575 0.7397976 0.5566859 0.7718818 0.6279624 0.3937842 0.3528514 0.6007300 0.0000000 
