10
A          0.0000000 0.5336838 0.8143568 0.8618835 0.7328864 0.5089980 0.6344765 0.4944264 0.8132657 0.9317169 
B          0.5336838 0.0000000 0.5921588 0.6868304 0.5848249 0.3194089 0.4679515 0.2564721 0.5709318 0.7261517 
C          0.8143568 0.5921588 0.0000000 0.9103656 0.8411021 0.5377127 0.6553763 0.5095422 0.8661329 0.9089689 
D          0.8618835 0.6868304 0.9103656 0.0000000 0.8891075 0.6931143 0.6926207 0.5642572 0.8305703 1.0548453 
E          0.7328864 0.5848249 0.8411021 0.8891075 0.0000000 0.5891332 0.6551724 0.4868512 0.8496128 0.9682452 
F          0.5089980 0.3194089 0.5377127 0.6931143 0.5891332 0.0000000 0.4162871 0.2512307 0.5543827 0.6656830 
G          0.6344765 0.4679515 0.6553763 0.6926207 0.6551724 0.4162871 0.0000000 0.3444228 0.6342797 0.6868936 
H          0.4944264 0.2564721 0.5095422 0.5642572 0.4868512 0.2512307 0.3444228 0.0000000 0.4815768 0.5646438 
I          0.8132657 0.5709318 0.8661329 0.8305703 0.8496128 0.5543827 0.6342797 0.4815768 0.0000000 0.9664244 
J          0.9317169 0.7261517 0.9089689 1.0548453 0.9682452 0.6656830 0.6868936 0.5646438 0.9664244 0.0000000 
