10
A          0.0000000 0.5193657 0.7951404 0.7470824 0.7759791 0.5503688 0.5985886 0.4698309 0.7938478 0.7615068 
B          0.5193657 0.0000000 0.5261064 0.6346369 0.5078465 0.3119033 0.3216832 0.2160927 0.5452964 0.5475189 
C          0.7951404 0.5261064 0.0000000 0.7571931 0.6751917 0.5068260 0.4992441 0.4199817 0.7380748 0.7534041 
D          0.7470824 0.6346369 0.7571931 0.0000000 0.8634087 0.5696155 0.6348240 0.5045854 0.8537086 0.9519685 
E          0.7759791 0.5078465 0.6751917 0.8634087 0.0000000 0.5440867 0.5310185 0.4370279 0.7185044 0.8145140 
F          0.5503688 0.3119033 0.5068260 0.5696155 0.5440867 0.0000000 0.3452270 0.2399257 0.5874982 0.5793690 
G          0.5985886 0.3216832 0.4992441 0.6348240 0.5310185 0.3452270 0.0000000 0.2409785 0.5644502 0.5885956 
H          0.4698309 0.2160927 0.4199817 0.5045854 0.4370279 0.2399257 0.2409785 0.0000000 0.4506020 0.4607687 
I          0.7938478 0.5452964 0.7380748 0.8537086 0.7185044 0.5874982 0.5644502 0.4506020 0.0000000 0.7689288 
J          0.7615068 0.5475189 0.7534041 0.9519685 0.8145140 0.5793690 0.5885956 0.4607687 0.7689288 0.0000000 
