10
A          0.0000000 0.5225917 0.8805001 0.8477403 0.7581531 0.5575593 0.5725212 0.4903094 0.8043308 0.8693703 
B          0.5225917 0.0000000 0.5665987 0.5584048 0.5509372 0.3333237 0.3320950 0.2365145 0.5177602 0.5636540 
C          0.8805001 0.5665987 0.0000000 0.8290069 0.7869054 0.5155242 0.5669497 0.4551984 0.7875985 0.8730211 
D          0.8477403 0.5584048 0.8290069 0.0000000 0.7103393 0.6081565 0.5905888 0.4875233 0.7862212 0.7508471 
E          0.7581531 0.5509372 0.7869054 0.7103393 0.0000000 0.4949711 0.5747271 0.4706084 0.7007405 0.7965896 
F          0.5575593 0.3333237 0.5155242 0.6081565 0.4949711 0.0000000 0.3554845 0.2890794 0.5085440 0.5319995 
G          0.5725212 0.3320950 0.5669497 0.5905888 0.5747271 0.3554845 0.0000000 0.2742368 0.5376995 0.6171822 
H          0.4903094 0.2365145 0.4551984 0.4875233 0.4706084 0.2890794 0.2742368 0.0000000 0.4535106 0.4951009 
I          0.8043308 0.5177602 0.7875985 0.7862212 0.7007405 0.5085440 0.5376995 0.4535106 0.0000000 0.7482173 
J          0.8693703 0.5636540 0.8730211 0.7508471 0.7965896 0.5319995 0.6171822 0.4951009 0.7482173 0.0000000 
