10
A          0.0000000 0.5559970 0.8639192 0.8335633 0.7763723 0.5781362 0.6470671 0.5411081 0.7634247 0.8531415 
B          0.5559970 0.0000000 0.5206666 0.6259007 0.4453703 0.3002379 0.3808878 0.2163698 0.4835069 0.5587173 
C          0.8639192 0.5206666 0.0000000 0.7730566 0.7679319 0.5286864 0.6007625 0.4767198 0.7504185 0.6623082 
D          0.8335633 0.6259007 0.7730566 0.0000000 0.7948420 0.6132980 0.6928459 0.5534334 0.8637684 0.9220856 
E          0.7763723 0.4453703 0.7679319 0.7948420 0.0000000 0.5065992 0.5539850 0.4228631 0.7350781 0.8148221 
F          0.5781362 0.3002379 0.5286864 0.6132980 0.5065992 0.0000000 0.3801218 0.2703090 0.4942925 0.6037510 
G          0.6470671 0.3808878 0.6007625 0.6928459 0.5539850 0.3801218 0.0000000 0.2858311 0.5824655 0.6581576 
H          0.5411081 0.2163698 0.4767198 0.5534334 0.4228631 0.2703090 0.2858311 0.0000000 0.4634242 0.5140123 
I          0.7634247 0.4835069 0.7504185 0.8637684 0.7350781 0.4942925 0.5824655 0.4634242 0.0000000 0.8545215 
J          0.8531415 0.5587173 0.6623082 0.9220856 0.8148221 0.6037510 0.6581576 0.5140123 0.8545215 0.0000000 
