10
A          0.0000000 0.5682583 0.7271116 0.8249674 0.7557109 0.6419400 0.5847175 0.4868640 0.7648865 0.9729388 
B          0.5682583 0.0000000 0.5278255 0.6775460 0.5794073 0.4545261 0.4001505 0.2886719 0.5828234 0.5700889 
C          0.7271116 0.5278255 0.0000000 0.8080476 0.8110166 0.5593430 0.5709145 0.4505632 0.7705046 0.8475823 
D          0.8249674 0.6775460 0.8080476 0.0000000 0.8966380 0.6441262 0.6169793 0.5982334 0.8243822 0.9027022 
E          0.7557109 0.5794073 0.8110166 0.8966380 0.0000000 0.6612374 0.6088156 0.4814223 0.7264229 0.8786669 
F          0.6419400 0.4545261 0.5593430 0.6441262 0.6612374 0.0000000 0.3972581 0.3092515 0.5931199 0.5751796 
G          0.5847175 0.4001505 0.5709145 0.6169793 0.6088156 0.3972581 0.0000000 0.3059732 0.5998852 0.7045853 
H          0.4868640 0.2886719 0.4505632 0.5982334 0.4814223 0.3092515 0.3059732 0.0000000 0.4503749 0.5347877 
I          0.7648865 0.5828234 0.7705046 0.8243822 0.7264229 0.5931199 0.5998852 0.4503749 0.0000000 0.7978803 
J          0.9729388 0.5700889 0.8475823 0.9027022 0.8786669 0.5751796 0.7045853 0.5347877 0.7978803 0.0000000 
