10
A          0.0000000 0.5139624 0.7693841 0.7875726 0.7568665 0.5293783 0.5861883 0.4547623 0.6832170 0.7580011 
B          0.5139624 0.0000000 0.4563377 0.5635200 0.4298983 0.2495577 0.3006357 0.1944881 0.4653249 0.5213536 
C          0.7693841 0.4563377 0.0000000 0.7076135 0.7142575 0.4499587 0.5724381 0.4166416 0.6516596 0.7678859 
D          0.7875726 0.5635200 0.7076135 0.0000000 0.6911928 0.5197962 0.6136652 0.5271420 0.8060905 0.7498935 
E          0.7568665 0.4298983 0.7142575 0.6911928 0.0000000 0.4954714 0.5173502 0.4150350 0.7069363 0.6919946 
F          0.5293783 0.2495577 0.4499587 0.5197962 0.4954714 0.0000000 0.3383518 0.2137069 0.4485908 0.5278396 
G          0.5861883 0.3006357 0.5724381 0.6136652 0.5173502 0.3383518 0.0000000 0.2354746 0.5058105 0.5398257 
H          0.4547623 0.1944881 0.4166416 0.5271420 0.4150350 0.2137069 0.2354746 0.0000000 0.3923399 0.4576521 
I          0.6832170 0.4653249 0.6516596 0.8060905 0.7069363 0.4485908 0.5058105 0.3923399 0.0000000 0.7113501 
J          0.7580011 0.5213536 0.7678859 0.7498935 0.6919946 0.5278396 0.5398257 0.4576521 0.7113501 0.0000000 
