10
A          0.0000000 0.4993610 0.7356558 0.9679125 0.7361343 0.5507225 0.5793449 0.4161193 0.8324997 0.7876514 
B          0.4993610 0.0000000 0.5915372 0.7296776 0.5292443 0.3866238 0.4326678 0.2343997 0.6335706 0.5447125 
C          0.7356558 0.5915372 0.0000000 0.8924485 0.7732689 0.6133783 0.6773980 0.4908916 0.8555095 0.7813311 
D          0.9679125 0.7296776 0.8924485 0.0000000 0.8914659 0.6910187 0.7655717 0.5635991 0.8513116 0.9307886 
E          0.7361343 0.5292443 0.7732689 0.8914659 0.0000000 0.5373813 0.6476668 0.4612120 0.8469435 0.7357452 
F          0.5507225 0.3866238 0.6133783 0.6910187 0.5373813 0.0000000 0.4779133 0.2743641 0.6851705 0.5738910 
G          0.5793449 0.4326678 0.6773980 0.7655717 0.6476668 0.4779133 0.0000000 0.3347208 0.6413293 0.6626033 
H          0.4161193 0.2343997 0.4908916 0.5635991 0.4612120 0.2743641 0.3347208 0.0000000 0.4878793 0.4336574 
I          0.8324997 0.6335706 0.8555095 0.8513116 0.8469435 0.6851705 0.6413293 0.4878793 0.0000000 0.7132633 
J          0.7876514 0.5447125 0.7813311 0.9307886 0.7357452 0.5738910 0.6626033 0.4336574 0.7132633 0.0000000 
