10
A          0.0000000 0.5469925 0.7889389 0.7594886 0.7405443 0.5932515 0.5773935 0.4287267 0.7169836 0.7783540 
B          0.5469925 0.0000000 0.5323046 0.5744167 0.5264893 0.3337971 0.3480536 0.2168619 0.5410358 0.5793613 
C          0.7889389 0.5323046 0.0000000 0.7761618 0.6752237 0.5564493 0.5337465 0.4159598 0.7483375 0.8360996 
D          0.7594886 0.5744167 0.7761618 0.0000000 0.7883919 0.5891932 0.7214676 0.4787172 0.7407267 0.8628585 
E          0.7405443 0.5264893 0.6752237 0.7883919 0.0000000 0.5718284 0.5436462 0.4071519 0.7297220 0.6831692 
F          0.5932515 0.3337971 0.5564493 0.5891932 0.5718284 0.0000000 0.3807992 0.2414604 0.5550748 0.6257650 
G          0.5773935 0.3480536 0.5337465 0.7214676 0.5436462 0.3807992 0.0000000 0.2597929 0.5990588 0.6677777 
H          0.4287267 0.2168619 0.4159598 0.4787172 0.4071519 0.2414604 0.2597929 0.0000000 0.4393869 0.4955847 
I          0.7169836 0.5410358 0.7483375 0.7407267 0.7297220 0.5550748 0.5990588 0.4393869 0.0000000 0.7873289 
J          0.7783540 0.5793613 0.8360996 0.8628585 0.6831692 0.6257650 0.6677777 0.4955847 0.7873289 0.0000000 
