10
A          0.0000000 0.5228081 0.7259697 0.8403803 0.7847384 0.5727195 0.6068321 0.4468167 0.6762211 0.9368644 
B          0.5228081 0.0000000 0.5260019 0.6172534 0.4876082 0.3385740 0.3943084 0.2267557 0.4994291 0.6030068 
C          0.7259697 0.5260019 0.0000000 0.8305342 0.7260942 0.5058339 0.6028725 0.4448499 0.6931922 0.8572440 
D          0.8403803 0.6172534 0.8305342 0.0000000 0.8580363 0.6069510 0.6622983 0.5458895 0.7489314 0.8621343 
E          0.7847384 0.4876082 0.7260942 0.8580363 0.0000000 0.5319040 0.6232343 0.4320390 0.7232180 0.8350462 
F          0.5727195 0.3385740 0.5058339 0.6069510 0.5319040 0.0000000 0.4058034 0.2519237 0.5485922 0.5934607 
G          0.6068321 0.3943084 0.6028725 0.6622983 0.6232343 0.4058034 0.0000000 0.3139929 0.5262985 0.6627733 
H          0.4468167 0.2267557 0.4448499 0.5458895 0.4320390 0.2519237 0.3139929 0.0000000 0.4150430 0.5163111 
I          0.6762211 0.4994291 0.6931922 0.7489314 0.7232180 0.5485922 0.5262985 0.4150430 0.0000000 0.7324390 
J          0.9368644 0.6030068 0.8572440 0.8621343 0.8350462 0.5934607 0.6627733 0.5163111 0.7324390 0.0000000 
