10
A          0.0000000 0.5016530 0.7676435 0.8138243 0.7225755 0.5205800 0.5687096 0.4308221 0.7071156 0.7780833 
B          0.5016530 0.0000000 0.5280994 0.6775551 0.5319766 0.2997411 0.3564266 0.2285236 0.5560224 0.5546353 
C          0.7676435 0.5280994 0.0000000 0.9048350 0.8708328 0.5518337 0.5892957 0.4961267 0.6985539 0.7122217 
D          0.8138243 0.6775551 0.9048350 0.0000000 0.8656571 0.6641271 0.7364368 0.5930353 0.9850082 0.9043046 
E          0.7225755 0.5319766 0.8708328 0.8656571 0.0000000 0.5745465 0.6043973 0.5011036 0.8196073 0.8235463 
F          0.5205800 0.2997411 0.5518337 0.6641271 0.5745465 0.0000000 0.3838560 0.2315903 0.5267972 0.5345603 
G          0.5687096 0.3564266 0.5892957 0.7364368 0.6043973 0.3838560 0.0000000 0.3128057 0.6080885 0.5632220 
H          0.4308221 0.2285236 0.4961267 0.5930353 0.5011036 0.2315903 0.3128057 0.0000000 0.4624290 0.4527574 
I          0.7071156 0.5560224 0.6985539 0.9850082 0.8196073 0.5267972 0.6080885 0.4624290 0.0000000 0.7162416 
J          0.7780833 0.5546353 0.7122217 0.9043046 0.8235463 0.5345603 0.5632220 0.4527574 0.7162416 0.0000000 
