10
A          0.0000000 0.5584685 0.8675410 0.8858500 0.7493819 0.6206044 0.6054404 0.4701659 0.7618770 0.7391611 
B          0.5584685 0.0000000 0.5566266 0.6054641 0.4661955 0.3365504 0.3813348 0.2445162 0.4925804 0.5770852 
C          0.8675410 0.5566266 0.0000000 0.9788755 0.7832399 0.6428377 0.6957604 0.4999999 0.8143363 0.7903283 
D          0.8858500 0.6054641 0.9788755 0.0000000 0.7680832 0.6491124 0.6952948 0.5268548 0.7518221 0.8948048 
E          0.7493819 0.4661955 0.7832399 0.7680832 0.0000000 0.4823616 0.5545054 0.4041702 0.6672462 0.8249333 
F          0.6206044 0.3365504 0.6428377 0.6491124 0.4823616 0.0000000 0.4212815 0.2601403 0.5071423 0.5510837 
G          0.6054404 0.3813348 0.6957604 0.6952948 0.5545054 0.4212815 0.0000000 0.3161408 0.6366305 0.6600493 
H          0.4701659 0.2445162 0.4999999 0.5268548 0.4041702 0.2601403 0.3161408 0.0000000 0.4490717 0.4922043 
I          0.7618770 0.4925804 0.8143363 0.7518221 0.6672462 0.5071423 0.6366305 0.4490717 0.0000000 0.8241640 
J          0.7391611 0.5770852 0.7903283 0.8948048 0.8249333 0.5510837 0.6600493 0.4922043 0.8241640 0.0000000 
