10
A          0.0000000 0.6216031 0.9289601 1.0021923 0.8759542 0.5919472 0.6586082 0.5188221 0.8217194 1.0074018 
B          0.6216031 0.0000000 0.5104869 0.6444134 0.4855216 0.2789676 0.3692077 0.1794279 0.5237583 0.6393104 
C          0.9289601 0.5104869 0.0000000 0.9088119 0.7866079 0.5739583 0.6780127 0.4846344 0.7527972 0.8787343 
D          1.0021923 0.6444134 0.9088119 0.0000000 0.8651462 0.7209234 0.7832910 0.6313931 0.9132951 1.0107923 
E          0.8759542 0.4855216 0.7866079 0.8651462 0.0000000 0.5057273 0.6271077 0.4375420 0.8283448 0.7582803 
F          0.5919472 0.2789676 0.5739583 0.7209234 0.5057273 0.0000000 0.3849256 0.2390914 0.5899772 0.6935350 
G          0.6586082 0.3692077 0.6780127 0.7832910 0.6271077 0.3849256 0.0000000 0.2949620 0.6074588 0.7540869 
H          0.5188221 0.1794279 0.4846344 0.6313931 0.4375420 0.2390914 0.2949620 0.0000000 0.4513712 0.6473107 
I          0.8217194 0.5237583 0.7527972 0.9132951 0.8283448 0.5899772 0.6074588 0.4513712 0.0000000 0.9368652 
J          1.0074018 0.6393104 0.8787343 1.0107923 0.7582803 0.6935350 0.7540869 0.6473107 0.9368652 0.0000000 
