10
A          0.0000000 0.4223577 0.7134400 0.9329955 0.4838545 0.9811295 0.8091698 0.5235978 0.8516439 0.6789488 
B          0.4223577 0.0000000 0.3913125 0.5662729 0.1427390 0.6119539 0.4963075 0.2348499 0.6063569 0.3396346 
C          0.7134400 0.3913125 0.0000000 0.7361157 0.3854955 0.8302337 0.7636407 0.4714650 0.7761513 0.5484506 
D          0.9329955 0.5662729 0.7361157 0.0000000 0.5982413 0.9830495 0.9540157 0.6943186 1.1501718 0.8934143 
E          0.4838545 0.1427390 0.3854955 0.5982413 0.0000000 0.6125296 0.4842035 0.2562283 0.6300734 0.3451109 
F          0.9811295 0.6119539 0.8302337 0.9830495 0.6125296 0.0000000 0.9481536 0.6740467 1.0488915 0.8481216 
G          0.8091698 0.4963075 0.7636407 0.9540157 0.4842035 0.9481536 0.0000000 0.6136431 0.9078709 0.7039780 
H          0.5235978 0.2348499 0.4714650 0.6943186 0.2562283 0.6740467 0.6136431 0.0000000 0.6731810 0.4822695 
I          0.8516439 0.6063569 0.7761513 1.1501718 0.6300734 1.0488915 0.9078709 0.6731810 0.0000000 0.8637913 
J          0.6789488 0.3396346 0.5484506 0.8934143 0.3451109 0.8481216 0.7039780 0.4822695 0.8637913 0.0000000 
