10
A          0.0000000 0.5306328 0.7825665 0.9586560 0.5526790 0.8950925 0.9653814 0.5819418 0.9333218 0.7337212 
B          0.5306328 0.0000000 0.4538730 0.5656995 0.1606988 0.5642635 0.5815823 0.2149662 0.5254571 0.4152412 
C          0.7825665 0.4538730 0.0000000 0.8729537 0.4453440 0.9606893 0.9029842 0.4857270 0.8402752 0.7671289 
D          0.9586560 0.5656995 0.8729537 0.0000000 0.6852777 0.9457790 0.9984990 0.5574393 0.9074551 0.9165984 
E          0.5526790 0.1606988 0.4453440 0.6852777 0.0000000 0.6204853 0.5072490 0.2684063 0.5927896 0.3751872 
F          0.8950925 0.5642635 0.9606893 0.9457790 0.6204853 0.0000000 1.1491654 0.6386464 0.9579121 0.8466063 
G          0.9653814 0.5815823 0.9029842 0.9984990 0.5072490 1.1491654 0.0000000 0.6195068 1.0337890 0.7541570 
H          0.5819418 0.2149662 0.4857270 0.5574393 0.2684063 0.6386464 0.6195068 0.0000000 0.6503863 0.5163077 
I          0.9333218 0.5254571 0.8402752 0.9074551 0.5927896 0.9579121 1.0337890 0.6503863 0.0000000 0.7909645 
J          0.7337212 0.4152412 0.7671289 0.9165984 0.3751872 0.8466063 0.7541570 0.5163077 0.7909645 0.0000000 
