10
A          0.0000000 0.3559195 0.6106042 0.7587270 0.3537370 0.7298786 0.6750154 0.4338417 0.7287677 0.5556987 
B          0.3559195 0.0000000 0.3312177 0.4663364 0.1207643 0.5262762 0.4515754 0.1803699 0.5350097 0.3503758 
C          0.6106042 0.3312177 0.0000000 0.6946214 0.3444571 0.7035901 0.7620972 0.3902298 0.7246365 0.5344204 
D          0.7587270 0.4663364 0.6946214 0.0000000 0.4791392 0.9907229 0.8691023 0.5834432 0.8090503 0.6914942 
E          0.3537370 0.1207643 0.3444571 0.4791392 0.0000000 0.5643245 0.4698428 0.1836116 0.5254473 0.3371916 
F          0.7298786 0.5262762 0.7035901 0.9907229 0.5643245 0.0000000 0.7819916 0.5922613 0.8195860 0.7156462 
G          0.6750154 0.4515754 0.7620972 0.8691023 0.4698428 0.7819916 0.0000000 0.5449663 0.8514946 0.6213827 
H          0.4338417 0.1803699 0.3902298 0.5834432 0.1836116 0.5922613 0.5449663 0.0000000 0.6240209 0.4142801 
I          0.7287677 0.5350097 0.7246365 0.8090503 0.5254473 0.8195860 0.8514946 0.6240209 0.0000000 0.8062685 
J          0.5556987 0.3503758 0.5344204 0.6914942 0.3371916 0.7156462 0.6213827 0.4142801 0.8062685 0.0000000 
