10
A          0.0000000 0.4422580 0.6652051 0.9069133 0.4587678 0.7816175 0.7307649 0.5606515 1.0066146 0.7213909 
B          0.4422580 0.0000000 0.3341020 0.5865011 0.1326557 0.4745816 0.4680138 0.2083588 0.6598373 0.4312354 
C          0.6652051 0.3341020 0.0000000 0.8184658 0.3379864 0.6924699 0.6724743 0.4602810 0.9097207 0.6185113 
D          0.9069133 0.5865011 0.8184658 0.0000000 0.5720953 0.8618443 0.9251920 0.6330963 1.1248623 0.8246970 
E          0.4587678 0.1326557 0.3379864 0.5720953 0.0000000 0.4608591 0.4533903 0.2153429 0.6495188 0.3816449 
F          0.7816175 0.4745816 0.6924699 0.8618443 0.4608591 0.0000000 0.8181117 0.5130052 0.9947895 0.7629258 
G          0.7307649 0.4680138 0.6724743 0.9251920 0.4533903 0.8181117 0.0000000 0.5398844 0.9434810 0.7316427 
H          0.5606515 0.2083588 0.4602810 0.6330963 0.2153429 0.5130052 0.5398844 0.0000000 0.6999581 0.4937230 
I          1.0066146 0.6598373 0.9097207 1.1248623 0.6495188 0.9947895 0.9434810 0.6999581 0.0000000 0.9953701 
J          0.7213909 0.4312354 0.6185113 0.8246970 0.3816449 0.7629258 0.7316427 0.4937230 0.9953701 0.0000000 
