10
A          0.0000000 0.4670295 0.8132904 0.9592062 0.4620108 0.8545118 0.9394028 0.6064601 1.0476559 0.7248293 
B          0.4670295 0.0000000 0.4007736 0.5923888 0.1086401 0.5558202 0.4542007 0.2403650 0.6489074 0.3993640 
C          0.8132904 0.4007736 0.0000000 0.8481063 0.3717043 0.7701932 0.6793536 0.4671874 0.8924764 0.6790123 
D          0.9592062 0.5923888 0.8481063 0.0000000 0.5225358 0.9442608 0.9981472 0.7038085 1.0766522 0.7928504 
E          0.4620108 0.1086401 0.3717043 0.5225358 0.0000000 0.5861466 0.4509076 0.2056168 0.6113775 0.3636139 
F          0.8545118 0.5558202 0.7701932 0.9442608 0.5861466 0.0000000 0.8806577 0.6823810 1.0752109 0.8664975 
G          0.9394028 0.4542007 0.6793536 0.9981472 0.4509076 0.8806577 0.0000000 0.5644173 0.9654310 0.7451049 
H          0.6064601 0.2403650 0.4671874 0.7038085 0.2056168 0.6823810 0.5644173 0.0000000 0.6972813 0.4563951 
I          1.0476559 0.6489074 0.8924764 1.0766522 0.6113775 1.0752109 0.9654310 0.6972813 0.0000000 0.9834274 
J          0.7248293 0.3993640 0.6790123 0.7928504 0.3636139 0.8664975 0.7451049 0.4563951 0.9834274 0.0000000 
