10
A          0.0000000 0.4142565 0.6482142 0.8712227 0.4291216 0.8229703 0.8112017 0.4581087 0.8997365 0.7666912 
B          0.4142565 0.0000000 0.3896075 0.5932702 0.1204993 0.5184276 0.5435295 0.2068873 0.6396277 0.3706351 
C          0.6482142 0.3896075 0.0000000 0.8304752 0.3765403 0.8233399 0.7854838 0.4825373 0.9375651 0.6172963 
D          0.8712227 0.5932702 0.8304752 0.0000000 0.6010115 0.8817084 0.9576878 0.6290336 1.1611107 0.8331831 
E          0.4291216 0.1204993 0.3765403 0.6010115 0.0000000 0.5262412 0.5298081 0.2140593 0.6094739 0.3753680 
F          0.8229703 0.5184276 0.8233399 0.8817084 0.5262412 0.0000000 0.9648759 0.6265766 1.1118521 0.8371469 
G          0.8112017 0.5435295 0.7854838 0.9576878 0.5298081 0.9648759 0.0000000 0.5762661 1.0460527 0.7094700 
H          0.4581087 0.2068873 0.4825373 0.6290336 0.2140593 0.6265766 0.5762661 0.0000000 0.6905733 0.4430921 
I          0.8997365 0.6396277 0.9375651 1.1611107 0.6094739 1.1118521 1.0460527 0.6905733 0.0000000 1.0091254 
J          0.7666912 0.3706351 0.6172963 0.8331831 0.3753680 0.8371469 0.7094700 0.4430921 1.0091254 0.0000000 
