10
A          0.0000000 0.4208868 0.6090525 0.9152380 0.4126649 0.7805391 0.7097364 0.4556129 0.7272803 0.6557252 
B          0.4208868 0.0000000 0.3772834 0.6252156 0.1616357 0.5422907 0.4214521 0.2091092 0.5280935 0.3241964 
C          0.6090525 0.3772834 0.0000000 0.9450545 0.4146513 0.7623286 0.7598802 0.3933024 0.6844245 0.5911684 
D          0.9152380 0.6252156 0.9450545 0.0000000 0.6623716 1.0638581 1.0341565 0.7303957 1.0534289 0.8951911 
E          0.4126649 0.1616357 0.4146513 0.6623716 0.0000000 0.5842282 0.3928842 0.2230639 0.5714415 0.3281565 
F          0.7805391 0.5422907 0.7623286 1.0638581 0.5842282 0.0000000 0.9390524 0.6053964 0.8527916 0.7611494 
G          0.7097364 0.4214521 0.7598802 1.0341565 0.3928842 0.9390524 0.0000000 0.5053828 0.8206438 0.6305275 
H          0.4556129 0.2091092 0.3933024 0.7303957 0.2230639 0.6053964 0.5053828 0.0000000 0.5156117 0.3867027 
I          0.7272803 0.5280935 0.6844245 1.0534289 0.5714415 0.8527916 0.8206438 0.5156117 0.0000000 0.7942128 
J          0.6557252 0.3241964 0.5911684 0.8951911 0.3281565 0.7611494 0.6305275 0.3867027 0.7942128 0.0000000 
