10
A          0.0000000 0.4846557 0.6495080 0.8159355 0.4707692 0.8455211 0.7258235 0.5297142 0.9241201 0.7292579 
B          0.4846557 0.0000000 0.4445787 0.5188213 0.1544298 0.5802307 0.4592535 0.2567245 0.6876787 0.4105756 
C          0.6495080 0.4445787 0.0000000 0.8133328 0.4449923 0.7461357 0.7941008 0.4045459 0.7855989 0.6742315 
D          0.8159355 0.5188213 0.8133328 0.0000000 0.5400052 0.9036897 0.8127686 0.6029630 0.9488824 0.7540397 
E          0.4707692 0.1544298 0.4449923 0.5400052 0.0000000 0.5555398 0.4229285 0.2741294 0.6656477 0.3827808 
F          0.8455211 0.5802307 0.7461357 0.9036897 0.5555398 0.0000000 0.8396008 0.5894927 1.0536700 0.7567155 
G          0.7258235 0.4592535 0.7941008 0.8127686 0.4229285 0.8396008 0.0000000 0.5817340 1.0220830 0.6907794 
H          0.5297142 0.2567245 0.4045459 0.6029630 0.2741294 0.5894927 0.5817340 0.0000000 0.6591438 0.5011256 
I          0.9241201 0.6876787 0.7855989 0.9488824 0.6656477 1.0536700 1.0220830 0.6591438 0.0000000 0.9369467 
J          0.7292579 0.4105756 0.6742315 0.7540397 0.3827808 0.7567155 0.6907794 0.5011256 0.9369467 0.0000000 
