10
A          0.0000000 0.3631257 0.5589746 0.7602771 0.3529120 0.7402236 0.6401458 0.4332095 0.7303536 0.5983022 
B          0.3631257 0.0000000 0.3048626 0.4895677 0.1008959 0.4346512 0.3944012 0.1741726 0.4689607 0.3094264 
C          0.5589746 0.3048626 0.0000000 0.7316064 0.3183845 0.6356731 0.5133453 0.3551800 0.7619089 0.4834460 
D          0.7602771 0.4895677 0.7316064 0.0000000 0.5154715 0.7922666 0.8442601 0.5454784 0.8803210 0.7209570 
E          0.3529120 0.1008959 0.3183845 0.5154715 0.0000000 0.4595489 0.4247145 0.1876364 0.4730522 0.3022657 
F          0.7402236 0.4346512 0.6356731 0.7922666 0.4595489 0.0000000 0.7112348 0.4787097 0.7880876 0.6530839 
G          0.6401458 0.3944012 0.5133453 0.8442601 0.4247145 0.7112348 0.0000000 0.4940572 0.7576443 0.6643579 
H          0.4332095 0.1741726 0.3551800 0.5454784 0.1876364 0.4787097 0.4940572 0.0000000 0.5370456 0.3690207 
I          0.7303536 0.4689607 0.7619089 0.8803210 0.4730522 0.7880876 0.7576443 0.5370456 0.0000000 0.7381621 
J          0.5983022 0.3094264 0.4834460 0.7209570 0.3022657 0.6530839 0.6643579 0.3690207 0.7381621 0.0000000 
