10
A          0.0000000 0.3736980 0.4917890 1.0598564 0.3803446 0.6961817 0.7038209 0.4536793 0.7184533 0.6155558 
B          0.3736980 0.0000000 0.2646704 0.6725836 0.0991599 0.4099765 0.4251797 0.1541870 0.4144048 0.3256515 
C          0.4917890 0.2646704 0.0000000 0.8230478 0.2632787 0.5398758 0.5522044 0.3007346 0.5839723 0.4776064 
D          1.0598564 0.6725836 0.8230478 0.0000000 0.6426428 0.9965756 0.9676707 0.7267019 1.0379364 0.9419108 
E          0.3803446 0.0991599 0.2632787 0.6426428 0.0000000 0.4226545 0.3834294 0.1643324 0.4066149 0.3398957 
F          0.6961817 0.4099765 0.5398758 0.9965756 0.4226545 0.0000000 0.6854231 0.5125061 0.7482621 0.6897271 
G          0.7038209 0.4251797 0.5522044 0.9676707 0.3834294 0.6854231 0.0000000 0.4669508 0.7541153 0.6151346 
H          0.4536793 0.1541870 0.3007346 0.7267019 0.1643324 0.5125061 0.4669508 0.0000000 0.4711967 0.4199729 
I          0.7184533 0.4144048 0.5839723 1.0379364 0.4066149 0.7482621 0.7541153 0.4711967 0.0000000 0.6380118 
J          0.6155558 0.3256515 0.4776064 0.9419108 0.3398957 0.6897271 0.6151346 0.4199729 0.6380118 0.0000000 
