10
A          0.0000000 0.3720660 0.5634453 0.7409607 0.3778198 0.7579618 0.7629763 0.4576697 0.6891834 0.6108977 
B          0.3720660 0.0000000 0.3154063 0.5332435 0.1406364 0.4821909 0.4918930 0.1771007 0.4873577 0.3171364 
C          0.5634453 0.3154063 0.0000000 0.7171096 0.3273508 0.7448775 0.6864340 0.3726679 0.6752509 0.4927203 
D          0.7409607 0.5332435 0.7171096 0.0000000 0.5403893 0.9855099 0.8531898 0.5821106 0.8727642 0.6866894 
E          0.3778198 0.1406364 0.3273508 0.5403893 0.0000000 0.5482176 0.5082200 0.1876145 0.5146483 0.3496816 
F          0.7579618 0.4821909 0.7448775 0.9855099 0.5482176 0.0000000 0.8168880 0.5953643 0.8126310 0.7058704 
G          0.7629763 0.4918930 0.6864340 0.8531898 0.5082200 0.8168880 0.0000000 0.5584782 0.8069936 0.6501934 
H          0.4576697 0.1771007 0.3726679 0.5821106 0.1876145 0.5953643 0.5584782 0.0000000 0.5412982 0.4107079 
I          0.6891834 0.4873577 0.6752509 0.8727642 0.5146483 0.8126310 0.8069936 0.5412982 0.0000000 0.6564464 
J          0.6108977 0.3171364 0.4927203 0.6866894 0.3496816 0.7058704 0.6501934 0.4107079 0.6564464 0.0000000 
