10
A          0.0000000 0.4350179 0.7900796 0.8473000 0.4525646 0.8755839 0.7575802 0.5396472 0.8899615 0.6717250 
B          0.4350179 0.0000000 0.3838142 0.5180476 0.1382622 0.5362420 0.4416277 0.2299059 0.5691269 0.3879684 
C          0.7900796 0.3838142 0.0000000 0.8667862 0.4205483 0.7973864 0.7627455 0.5200579 0.7791028 0.6722795 
D          0.8473000 0.5180476 0.8667862 0.0000000 0.5436082 0.8677926 0.8887536 0.6817484 0.9841145 0.7911767 
E          0.4525646 0.1382622 0.4205483 0.5436082 0.0000000 0.4813821 0.4670975 0.2449277 0.5762433 0.3870865 
F          0.8755839 0.5362420 0.7973864 0.8677926 0.4813821 0.0000000 0.9526237 0.6380100 1.0304271 0.7336846 
G          0.7575802 0.4416277 0.7627455 0.8887536 0.4670975 0.9526237 0.0000000 0.5906103 0.9908721 0.6569288 
H          0.5396472 0.2299059 0.5200579 0.6817484 0.2449277 0.6380100 0.5906103 0.0000000 0.5993278 0.4881397 
I          0.8899615 0.5691269 0.7791028 0.9841145 0.5762433 1.0304271 0.9908721 0.5993278 0.0000000 0.7801237 
J          0.6717250 0.3879684 0.6722795 0.7911767 0.3870865 0.7336846 0.6569288 0.4881397 0.7801237 0.0000000 
