10
A          0.0000000 0.4483536 0.5974557 0.8633092 0.4456923 0.9964485 0.8930571 0.4893476 0.7767558 0.6278039 
B          0.4483536 0.0000000 0.3403685 0.6043318 0.1474201 0.5794723 0.5686660 0.2403638 0.5088550 0.3456484 
C          0.5974557 0.3403685 0.0000000 0.7775700 0.3486325 0.8193219 0.6978981 0.4399523 0.7235983 0.5481950 
D          0.8633092 0.6043318 0.7775700 0.0000000 0.5875698 0.9803945 0.9561269 0.5814642 0.9089949 0.7687701 
E          0.4456923 0.1474201 0.3486325 0.5875698 0.0000000 0.5779780 0.5079351 0.2389452 0.5350574 0.3266702 
F          0.9964485 0.5794723 0.8193219 0.9803945 0.5779780 0.0000000 1.0670803 0.6945176 1.0139947 0.7324498 
G          0.8930571 0.5686660 0.6978981 0.9561269 0.5079351 1.0670803 0.0000000 0.6960284 0.9475982 0.7510350 
H          0.4893476 0.2403638 0.4399523 0.5814642 0.2389452 0.6945176 0.6960284 0.0000000 0.5921446 0.4448143 
I          0.7767558 0.5088550 0.7235983 0.9089949 0.5350574 1.0139947 0.9475982 0.5921446 0.0000000 0.7771272 
J          0.6278039 0.3456484 0.5481950 0.7687701 0.3266702 0.7324498 0.7510350 0.4448143 0.7771272 0.0000000 
