10
A          0.0000000 0.3858645 0.6382845 0.9205319 0.3936740 0.7920698 0.7029348 0.4133889 0.8800879 0.5784528 
B          0.3858645 0.0000000 0.3989449 0.6369946 0.1307628 0.5570164 0.5103094 0.1788509 0.6097824 0.3549588 
C          0.6382845 0.3989449 0.0000000 0.8632745 0.3614919 0.7900618 0.6544050 0.4212371 0.8685500 0.5849443 
D          0.9205319 0.6369946 0.8632745 0.0000000 0.6456493 0.9552233 0.8697595 0.6946346 1.0008477 0.8232370 
E          0.3936740 0.1307628 0.3614919 0.6456493 0.0000000 0.5462513 0.5209183 0.1800516 0.5797136 0.3440600 
F          0.7920698 0.5570164 0.7900618 0.9552233 0.5462513 0.0000000 0.9207992 0.5885655 0.9104182 0.8437916 
G          0.7029348 0.5103094 0.6544050 0.8697595 0.5209183 0.9207992 0.0000000 0.5306816 0.9107597 0.7211666 
H          0.4133889 0.1788509 0.4212371 0.6946346 0.1800516 0.5885655 0.5306816 0.0000000 0.6451835 0.4241834 
I          0.8800879 0.6097824 0.8685500 1.0008477 0.5797136 0.9104182 0.9107597 0.6451835 0.0000000 0.7386602 
J          0.5784528 0.3549588 0.5849443 0.8232370 0.3440600 0.8437916 0.7211666 0.4241834 0.7386602 0.0000000 
