10
A          0.0000000 0.9397607 0.5105232 0.5859170 1.1395150 0.6242590 0.9151471 0.4373925 0.5365105 0.5131556 
B          0.9397607 0.0000000 0.7755734 0.8386366 1.3049098 0.8753091 1.2041569 0.6407758 0.7523707 0.7656570 
C          0.5105232 0.7755734 0.0000000 0.3603902 0.7451821 0.4190769 0.6397241 0.2099712 0.2554140 0.2816427 
D          0.5859170 0.8386366 0.3603902 0.0000000 0.8924815 0.4925489 0.7166143 0.2609505 0.3984379 0.4452003 
E          1.1395150 1.3049098 0.7451821 0.8924815 0.0000000 0.8092595 1.0070128 0.7345783 0.7474721 0.7195670 
F          0.6242590 0.8753091 0.4190769 0.4925489 0.8092595 0.0000000 0.7236896 0.3529744 0.3964657 0.4640853 
G          0.9151471 1.2041569 0.6397241 0.7166143 1.0070128 0.7236896 0.0000000 0.5672152 0.6401770 0.7013415 
H          0.4373925 0.6407758 0.2099712 0.2609505 0.7345783 0.3529744 0.5672152 0.0000000 0.2169623 0.2743692 
I          0.5365105 0.7523707 0.2554140 0.3984379 0.7474721 0.3964657 0.6401770 0.2169623 0.0000000 0.3163152 
J          0.5131556 0.7656570 0.2816427 0.4452003 0.7195670 0.4640853 0.7013415 0.2743692 0.3163152 0.0000000 
