10
A          0.0000000 0.7032227 0.3643411 0.3773610 0.6972771 0.4358693 0.6121460 0.3201956 0.2949338 0.4139050 
B          0.7032227 0.0000000 0.5682424 0.5929061 0.9434653 0.6390057 0.7958515 0.5063538 0.5020193 0.5978458 
C          0.3643411 0.5682424 0.0000000 0.2736332 0.6011007 0.3150216 0.5111449 0.1692141 0.2117634 0.2764192 
D          0.3773610 0.5929061 0.2736332 0.0000000 0.6227980 0.3493950 0.5177087 0.2199467 0.2458185 0.3279943 
E          0.6972771 0.9434653 0.6011007 0.6227980 0.0000000 0.6432479 0.8306011 0.5301251 0.5792084 0.6345890 
F          0.4358693 0.6390057 0.3150216 0.3493950 0.6432479 0.0000000 0.5862893 0.2717119 0.3026621 0.3757355 
G          0.6121460 0.7958515 0.5111449 0.5177087 0.8306011 0.5862893 0.0000000 0.4403073 0.5143354 0.5840648 
H          0.3201956 0.5063538 0.1692141 0.2199467 0.5301251 0.2717119 0.4403073 0.0000000 0.1773456 0.2465701 
I          0.2949338 0.5020193 0.2117634 0.2458185 0.5792084 0.3026621 0.5143354 0.1773456 0.0000000 0.2551134 
J          0.4139050 0.5978458 0.2764192 0.3279943 0.6345890 0.3757355 0.5840648 0.2465701 0.2551134 0.0000000 
