10
A          0.0000000 0.6491900 0.3395173 0.3632625 0.7734762 0.4448367 0.6413012 0.2988155 0.3562348 0.3905314 
B          0.6491900 0.0000000 0.5226652 0.5552860 0.9828363 0.6349236 0.8627391 0.4675906 0.4887624 0.6090744 
C          0.3395173 0.5226652 0.0000000 0.2524358 0.6808021 0.3351321 0.4881084 0.1562278 0.2498267 0.2277159 
D          0.3632625 0.5552860 0.2524358 0.0000000 0.6585543 0.3680279 0.6272923 0.2102740 0.2678387 0.3197140 
E          0.7734762 0.9828363 0.6808021 0.6585543 0.0000000 0.7516923 1.0562820 0.5780734 0.7480967 0.7408279 
F          0.4448367 0.6349236 0.3351321 0.3680279 0.7516923 0.0000000 0.7264982 0.2768057 0.3462833 0.3558784 
G          0.6413012 0.8627391 0.4881084 0.6272923 1.0562820 0.7264982 0.0000000 0.4842966 0.5695945 0.5741839 
H          0.2988155 0.4675906 0.1562278 0.2102740 0.5780734 0.2768057 0.4842966 0.0000000 0.1861160 0.2156133 
I          0.3562348 0.4887624 0.2498267 0.2678387 0.7480967 0.3462833 0.5695945 0.1861160 0.0000000 0.2931742 
J          0.3905314 0.6090744 0.2277159 0.3197140 0.7408279 0.3558784 0.5741839 0.2156133 0.2931742 0.0000000 
