10
A          0.0000000 0.8457940 0.3710096 0.4811878 0.7570422 0.5038754 0.7472865 0.3720021 0.4460479 0.4238932 
B          0.8457940 0.0000000 0.5273974 0.5953148 0.9984205 0.6883517 0.8837095 0.5273127 0.6137831 0.5346655 
C          0.3710096 0.5273974 0.0000000 0.2367701 0.5715471 0.3070814 0.5223960 0.1408455 0.2129384 0.2238257 
D          0.4811878 0.5953148 0.2367701 0.0000000 0.6738495 0.3852553 0.5949150 0.2328571 0.3024976 0.2762480 
E          0.7570422 0.9984205 0.5715471 0.6738495 0.0000000 0.7921200 0.8836702 0.5588533 0.6418467 0.6157731 
F          0.5038754 0.6883517 0.3070814 0.3852553 0.7921200 0.0000000 0.7090624 0.3070578 0.3778438 0.3678870 
G          0.7472865 0.8837095 0.5223960 0.5949150 0.8836702 0.7090624 0.0000000 0.5282786 0.6113393 0.5968849 
H          0.3720021 0.5273127 0.1408455 0.2328571 0.5588533 0.3070578 0.5282786 0.0000000 0.2036189 0.1987493 
I          0.4460479 0.6137831 0.2129384 0.3024976 0.6418467 0.3778438 0.6113393 0.2036189 0.0000000 0.2940005 
J          0.4238932 0.5346655 0.2238257 0.2762480 0.6157731 0.3678870 0.5968849 0.1987493 0.2940005 0.0000000 
