10
A          0.0000000 0.8031801 0.4389682 0.4923388 0.7192456 0.5135792 0.6726876 0.3924517 0.4498791 0.4773465 
B          0.8031801 0.0000000 0.6028530 0.6205966 0.8728987 0.6937436 0.8463439 0.5415358 0.6237815 0.6927526 
C          0.4389682 0.6028530 0.0000000 0.2488804 0.5221666 0.3349411 0.4849112 0.1755629 0.2266962 0.2937990 
D          0.4923388 0.6205966 0.2488804 0.0000000 0.5336563 0.3505346 0.5606619 0.2070515 0.2579348 0.3367514 
E          0.7192456 0.8728987 0.5221666 0.5336563 0.0000000 0.6294094 0.7865393 0.4962659 0.5233258 0.5512545 
F          0.5135792 0.6937436 0.3349411 0.3505346 0.6294094 0.0000000 0.5869871 0.2805039 0.3476855 0.3954058 
G          0.6726876 0.8463439 0.4849112 0.5606619 0.7865393 0.5869871 0.0000000 0.4606526 0.4947767 0.5236588 
H          0.3924517 0.5415358 0.1755629 0.2070515 0.4962659 0.2805039 0.4606526 0.0000000 0.1894722 0.2430279 
I          0.4498791 0.6237815 0.2266962 0.2579348 0.5233258 0.3476855 0.4947767 0.1894722 0.0000000 0.2989157 
J          0.4773465 0.6927526 0.2937990 0.3367514 0.5512545 0.3954058 0.5236588 0.2430279 0.2989157 0.0000000 
