10
A          0.0000000 0.9798808 0.4806596 0.5310360 1.1193525 0.5781044 0.9539492 0.4590121 0.5196279 0.5581984 
B          0.9798808 0.0000000 0.8313995 0.9185576 1.4637853 0.9613219 1.3705545 0.7157864 0.8873852 0.9795064 
C          0.4806596 0.8313995 0.0000000 0.3846049 0.8678964 0.4352611 0.8365418 0.2440390 0.3215397 0.3483409 
D          0.5310360 0.9185576 0.3846049 0.0000000 0.9204322 0.4371989 0.7578984 0.2691557 0.3481147 0.4391430 
E          1.1193525 1.4637853 0.8678964 0.9204322 0.0000000 0.9575896 1.2346010 0.7531039 0.8587839 0.8193096 
F          0.5781044 0.9613219 0.4352611 0.4371989 0.9575896 0.0000000 0.8947756 0.3860219 0.4390482 0.5194513 
G          0.9539492 1.3705545 0.8365418 0.7578984 1.2346010 0.8947756 0.0000000 0.6906329 0.6962756 0.8148450 
H          0.4590121 0.7157864 0.2440390 0.2691557 0.7531039 0.3860219 0.6906329 0.0000000 0.2440776 0.2906052 
I          0.5196279 0.8873852 0.3215397 0.3481147 0.8587839 0.4390482 0.6962756 0.2440776 0.0000000 0.3497824 
J          0.5581984 0.9795064 0.3483409 0.4391430 0.8193096 0.5194513 0.8148450 0.2906052 0.3497824 0.0000000 
