10
A          0.0000000 0.7529287 0.4024987 0.4604115 0.8301087 0.5426761 0.6663988 0.3276433 0.4252764 0.3849988 
B          0.7529287 0.0000000 0.6453965 0.6104975 1.0458524 0.6754967 0.8859750 0.5405613 0.5613655 0.6445720 
C          0.4024987 0.6453965 0.0000000 0.2684675 0.6725092 0.3314754 0.5571163 0.1481294 0.2214090 0.2472218 
D          0.4604115 0.6104975 0.2684675 0.0000000 0.7658730 0.3830913 0.5673054 0.1984939 0.2841394 0.3205076 
E          0.8301087 1.0458524 0.6725092 0.7658730 0.0000000 0.7623070 0.9792628 0.6393153 0.6710244 0.7191230 
F          0.5426761 0.6754967 0.3314754 0.3830913 0.7623070 0.0000000 0.6522518 0.2652546 0.3492804 0.3803412 
G          0.6663988 0.8859750 0.5571163 0.5673054 0.9792628 0.6522518 0.0000000 0.4864013 0.5460204 0.5782194 
H          0.3276433 0.5405613 0.1481294 0.1984939 0.6393153 0.2652546 0.4864013 0.0000000 0.1648392 0.1871329 
I          0.4252764 0.5613655 0.2214090 0.2841394 0.6710244 0.3492804 0.5460204 0.1648392 0.0000000 0.2544384 
J          0.3849988 0.6445720 0.2472218 0.3205076 0.7191230 0.3803412 0.5782194 0.1871329 0.2544384 0.0000000 
