10
A          0.0000000 0.7652187 0.3857744 0.4475401 0.7679720 0.5484577 0.7216084 0.3566159 0.4215063 0.4313317 
B          0.7652187 0.0000000 0.6309267 0.6803849 0.9546922 0.7485289 0.9296479 0.5660701 0.7370292 0.7054524 
C          0.3857744 0.6309267 0.0000000 0.2313269 0.6040367 0.2977080 0.4712421 0.1645055 0.2202599 0.2959202 
D          0.4475401 0.6803849 0.2313269 0.0000000 0.6374787 0.3617971 0.5247403 0.1991469 0.2623139 0.3268935 
E          0.7679720 0.9546922 0.6040367 0.6374787 0.0000000 0.7192161 0.7956393 0.5026802 0.6047178 0.6243202 
F          0.5484577 0.7485289 0.2977080 0.3617971 0.7192161 0.0000000 0.5742626 0.2959322 0.3733802 0.3914969 
G          0.7216084 0.9296479 0.4712421 0.5247403 0.7956393 0.5742626 0.0000000 0.4318351 0.5229741 0.5198738 
H          0.3566159 0.5660701 0.1645055 0.1991469 0.5026802 0.2959322 0.4318351 0.0000000 0.2024724 0.2336630 
I          0.4215063 0.7370292 0.2202599 0.2623139 0.6047178 0.3733802 0.5229741 0.2024724 0.0000000 0.2999549 
J          0.4313317 0.7054524 0.2959202 0.3268935 0.6243202 0.3914969 0.5198738 0.2336630 0.2999549 0.0000000 
