10
A          0.0000000 0.6301620 0.3336321 0.4380050 0.6321687 0.4135502 0.6371719 0.2992294 0.3296619 0.3931493 
B          0.6301620 0.0000000 0.5706655 0.6372811 0.9036525 0.6592418 0.7424941 0.5022525 0.4947382 0.5821018 
C          0.3336321 0.5706655 0.0000000 0.2943919 0.5626635 0.3226085 0.4860302 0.1647934 0.2105075 0.2746341 
D          0.4380050 0.6372811 0.2943919 0.0000000 0.5957401 0.3846851 0.6484346 0.2365926 0.2927076 0.3443615 
E          0.6321687 0.9036525 0.5626635 0.5957401 0.0000000 0.6602981 0.9432267 0.4774985 0.5451201 0.5912436 
F          0.4135502 0.6592418 0.3226085 0.3846851 0.6602981 0.0000000 0.6364923 0.2847821 0.2814603 0.3885472 
G          0.6371719 0.7424941 0.4860302 0.6484346 0.9432267 0.6364923 0.0000000 0.4975593 0.5150953 0.5806417 
H          0.2992294 0.5022525 0.1647934 0.2365926 0.4774985 0.2847821 0.4975593 0.0000000 0.1695688 0.2050399 
I          0.3296619 0.4947382 0.2105075 0.2927076 0.5451201 0.2814603 0.5150953 0.1695688 0.0000000 0.2646426 
J          0.3931493 0.5821018 0.2746341 0.3443615 0.5912436 0.3885472 0.5806417 0.2050399 0.2646426 0.0000000 
