10
A          0.0000000 0.6915536 0.3242881 0.4033977 0.6646259 0.4795744 0.6890844 0.2759708 0.3669163 0.3779416 
B          0.6915536 0.0000000 0.5209623 0.6759406 0.9438620 0.6781177 0.8975787 0.4794913 0.6282952 0.5925697 
C          0.3242881 0.5209623 0.0000000 0.2437636 0.5555345 0.3115223 0.5079926 0.1712209 0.2371590 0.2295956 
D          0.4033977 0.6759406 0.2437636 0.0000000 0.5615536 0.3817297 0.6233215 0.2377774 0.2937110 0.3080848 
E          0.6646259 0.9438620 0.5555345 0.5615536 0.0000000 0.6854613 0.7805914 0.4888732 0.5140600 0.5757676 
F          0.4795744 0.6781177 0.3115223 0.3817297 0.6854613 0.0000000 0.5932737 0.2675733 0.3064643 0.3403215 
G          0.6890844 0.8975787 0.5079926 0.6233215 0.7805914 0.5932737 0.0000000 0.5215759 0.5051919 0.5820673 
H          0.2759708 0.4794913 0.1712209 0.2377774 0.4888732 0.2675733 0.5215759 0.0000000 0.1963403 0.2339307 
I          0.3669163 0.6282952 0.2371590 0.2937110 0.5140600 0.3064643 0.5051919 0.1963403 0.0000000 0.2660986 
J          0.3779416 0.5925697 0.2295956 0.3080848 0.5757676 0.3403215 0.5820673 0.2339307 0.2660986 0.0000000 
