10
A          0.0000000 0.6783146 0.3415518 0.3761677 0.8757196 0.4934921 0.6054310 0.3220552 0.3605856 0.4570188 
B          0.6783146 0.0000000 0.5245001 0.5944892 1.0328245 0.6738789 0.8598902 0.5204663 0.5361917 0.6747203 
C          0.3415518 0.5245001 0.0000000 0.2212517 0.6471193 0.3575728 0.4856800 0.1649486 0.2266564 0.2905314 
D          0.3761677 0.5944892 0.2212517 0.0000000 0.7330272 0.3877077 0.5331447 0.2144457 0.2893996 0.3237420 
E          0.8757196 1.0328245 0.6471193 0.7330272 0.0000000 0.8920264 0.8742004 0.7004286 0.6941935 0.7839030 
F          0.4934921 0.6738789 0.3575728 0.3877077 0.8920264 0.0000000 0.5957266 0.3382995 0.3992909 0.4796922 
G          0.6054310 0.8598902 0.4856800 0.5331447 0.8742004 0.5957266 0.0000000 0.4974765 0.5756950 0.6398244 
H          0.3220552 0.5204663 0.1649486 0.2144457 0.7004286 0.3382995 0.4974765 0.0000000 0.2182003 0.2803516 
I          0.3605856 0.5361917 0.2266564 0.2893996 0.6941935 0.3992909 0.5756950 0.2182003 0.0000000 0.3320788 
J          0.4570188 0.6747203 0.2905314 0.3237420 0.7839030 0.4796922 0.6398244 0.2803516 0.3320788 0.0000000 
