10
A          0.0000000 0.6251809 0.4391419 0.5046072 0.5088791 0.5799024 0.5912261 0.4280597 0.3546651 0.3685134 
B          0.6251809 0.0000000 0.5993655 0.7601320 0.7846588 0.9507601 0.8111518 0.7150247 0.5912909 0.6309407 
C          0.4391419 0.5993655 0.0000000 0.5980151 0.5443021 0.6914443 0.7351545 0.4634139 0.4018424 0.4724035 
D          0.5046072 0.7601320 0.5980151 0.0000000 0.6630808 0.8627528 0.7091488 0.5768113 0.5483522 0.5727282 
E          0.5088791 0.7846588 0.5443021 0.6630808 0.0000000 0.7931675 0.7541261 0.5178760 0.4808566 0.5576297 
F          0.5799024 0.9507601 0.6914443 0.8627528 0.7931675 0.0000000 0.9225374 0.8424408 0.6229259 0.6891341 
G          0.5912261 0.8111518 0.7351545 0.7091488 0.7541261 0.9225374 0.0000000 0.6636637 0.5704781 0.6435225 
H          0.4280597 0.7150247 0.4634139 0.5768113 0.5178760 0.8424408 0.6636637 0.0000000 0.4410555 0.4655097 
I          0.3546651 0.5912909 0.4018424 0.5483522 0.4808566 0.6229259 0.5704781 0.4410555 0.0000000 0.3642043 
J          0.3685134 0.6309407 0.4724035 0.5727282 0.5576297 0.6891341 0.6435225 0.4655097 0.3642043 0.0000000 
