10
A          0.0000000 0.6501063 0.5159758 0.6302488 0.4558146 0.6786733 0.7457281 0.4481236 0.3712088 0.4353391 
B          0.6501063 0.0000000 0.6937605 0.9292099 0.7291899 1.0644963 0.9946544 0.6808385 0.6240434 0.6566856 
C          0.5159758 0.6937605 0.0000000 0.6682350 0.5875163 0.7287794 0.7922770 0.5132341 0.4526482 0.5953199 
D          0.6302488 0.9292099 0.6682350 0.0000000 0.7255801 0.8586290 0.9895331 0.5561536 0.5232975 0.6340331 
E          0.4558146 0.7291899 0.5875163 0.7255801 0.0000000 0.6902136 0.7864091 0.5381086 0.4853013 0.5706491 
F          0.6786733 1.0644963 0.7287794 0.8586290 0.6902136 0.0000000 1.0214614 0.6109050 0.6112517 0.7556173 
G          0.7457281 0.9946544 0.7922770 0.9895331 0.7864091 1.0214614 0.0000000 0.7373455 0.7493186 0.7705388 
H          0.4481236 0.6808385 0.5132341 0.5561536 0.5381086 0.6109050 0.7373455 0.0000000 0.3980537 0.4992601 
I          0.3712088 0.6240434 0.4526482 0.5232975 0.4853013 0.6112517 0.7493186 0.3980537 0.0000000 0.4317038 
J          0.4353391 0.6566856 0.5953199 0.6340331 0.5706491 0.7556173 0.7705388 0.4992601 0.4317038 0.0000000 
