10
A          0.0000000 0.6628804 0.5480124 0.5889735 0.5488415 0.8163478 0.7336073 0.4759525 0.4700738 0.4575104 
B          0.6628804 0.0000000 0.8708179 0.9221687 0.8069043 1.1213206 0.9498262 0.7475170 0.7075637 0.7048542 
C          0.5480124 0.8708179 0.0000000 0.7811197 0.6387970 1.0453002 0.8221758 0.6314853 0.5106254 0.6274321 
D          0.5889735 0.9221687 0.7811197 0.0000000 0.6834728 0.9504171 0.8810574 0.6373095 0.5897723 0.6799568 
E          0.5488415 0.8069043 0.6387970 0.6834728 0.0000000 0.7507287 0.7346983 0.5847692 0.5021654 0.5688540 
F          0.8163478 1.1213206 1.0453002 0.9504171 0.7507287 0.0000000 1.0856268 0.8191850 0.7436446 0.7809848 
G          0.7336073 0.9498262 0.8221758 0.8810574 0.7346983 1.0856268 0.0000000 0.7633619 0.7238872 0.7398435 
H          0.4759525 0.7475170 0.6314853 0.6373095 0.5847692 0.8191850 0.7633619 0.0000000 0.4677160 0.5156536 
I          0.4700738 0.7075637 0.5106254 0.5897723 0.5021654 0.7436446 0.7238872 0.4677160 0.0000000 0.5202410 
J          0.4575104 0.7048542 0.6274321 0.6799568 0.5688540 0.7809848 0.7398435 0.5156536 0.5202410 0.0000000 
