10
A          0.0000000 0.5894171 0.3895814 0.4719242 0.3669899 0.5458896 0.5987442 0.3441485 0.3353610 0.3344875 
B          0.5894171 0.0000000 0.5498715 0.6544600 0.6187721 0.7415208 0.8998274 0.5177456 0.5031391 0.5669674 
C          0.3895814 0.5498715 0.0000000 0.4596025 0.4345953 0.5368062 0.7188753 0.3721664 0.3634564 0.4176428 
D          0.4719242 0.6544600 0.4596025 0.0000000 0.4698428 0.6211937 0.6646879 0.4163288 0.4084075 0.4503035 
E          0.3669899 0.6187721 0.4345953 0.4698428 0.0000000 0.5655593 0.7308718 0.3763832 0.3905727 0.4344576 
F          0.5458896 0.7415208 0.5368062 0.6211937 0.5655593 0.0000000 0.7269735 0.5045269 0.5048347 0.5600100 
G          0.5987442 0.8998274 0.7188753 0.6646879 0.7308718 0.7269735 0.0000000 0.6307982 0.5824476 0.5979824 
H          0.3441485 0.5177456 0.3721664 0.4163288 0.3763832 0.5045269 0.6307982 0.0000000 0.3300012 0.3655521 
I          0.3353610 0.5031391 0.3634564 0.4084075 0.3905727 0.5048347 0.5824476 0.3300012 0.0000000 0.3070436 
J          0.3344875 0.5669674 0.4176428 0.4503035 0.4344576 0.5600100 0.5979824 0.3655521 0.3070436 0.0000000 
