10
A          0.0000000 0.6029694 0.3699125 0.5102717 0.3880127 0.5701736 0.5714878 0.2839829 0.3316577 0.3345224 
B          0.6029694 0.0000000 0.6039829 0.7653696 0.6929691 1.0709680 0.8511101 0.5433028 0.5943534 0.6279103 
C          0.3699125 0.6039829 0.0000000 0.5700618 0.4918089 0.7071267 0.6704289 0.3577152 0.3880705 0.4214428 
D          0.5102717 0.7653696 0.5700618 0.0000000 0.5188331 0.8499742 0.7103281 0.5123311 0.4818437 0.5107587 
E          0.3880127 0.6929691 0.4918089 0.5188331 0.0000000 0.6916394 0.6692474 0.4237761 0.4286761 0.4244423 
F          0.5701736 1.0709680 0.7071267 0.8499742 0.6916394 0.0000000 0.8891339 0.6563287 0.6737287 0.6826404 
G          0.5714878 0.8511101 0.6704289 0.7103281 0.6692474 0.8891339 0.0000000 0.5099449 0.5892262 0.6414601 
H          0.2839829 0.5433028 0.3577152 0.5123311 0.4237761 0.6563287 0.5099449 0.0000000 0.2996281 0.3246842 
I          0.3316577 0.5943534 0.3880705 0.4818437 0.4286761 0.6737287 0.5892262 0.2996281 0.0000000 0.2934304 
J          0.3345224 0.6279103 0.4214428 0.5107587 0.4244423 0.6826404 0.6414601 0.3246842 0.2934304 0.0000000 
