10
A          0.0000000 0.5858090 0.4142963 0.5206755 0.4255727 0.6769210 0.7277486 0.3737741 0.3255765 0.3679694 
B          0.5858090 0.0000000 0.5604851 0.7820301 0.6553218 0.6958296 0.8958982 0.5342677 0.5106393 0.5976396 
C          0.4142963 0.5604851 0.0000000 0.5686565 0.4849102 0.6109842 0.6848121 0.3923984 0.3665486 0.4179496 
D          0.5206755 0.7820301 0.5686565 0.0000000 0.6072591 0.6961499 0.9481483 0.5513783 0.4595635 0.5468597 
E          0.4255727 0.6553218 0.4849102 0.6072591 0.0000000 0.6710189 0.8238611 0.4799273 0.4172259 0.4282977 
F          0.6769210 0.6958296 0.6109842 0.6961499 0.6710189 0.0000000 0.9882672 0.6413338 0.6169035 0.6279048 
G          0.7277486 0.8958982 0.6848121 0.9481483 0.8238611 0.9882672 0.0000000 0.7506207 0.6083286 0.7238934 
H          0.3737741 0.5342677 0.3923984 0.5513783 0.4799273 0.6413338 0.7506207 0.0000000 0.3462861 0.4053848 
I          0.3255765 0.5106393 0.3665486 0.4595635 0.4172259 0.6169035 0.6083286 0.3462861 0.0000000 0.3495054 
J          0.3679694 0.5976396 0.4179496 0.5468597 0.4282977 0.6279048 0.7238934 0.4053848 0.3495054 0.0000000 
