10
A          0.0000000 0.5312351 0.4772503 0.5087719 0.4524640 0.6409574 0.7912537 0.3770603 0.4223751 0.4242346 
B          0.5312351 0.0000000 0.6986272 0.8011926 0.6763544 0.9654542 0.9595427 0.5611015 0.6721194 0.5733832 
C          0.4772503 0.6986272 0.0000000 0.6174568 0.5415403 0.6769414 0.8077449 0.4610957 0.4690282 0.4953713 
D          0.5087719 0.8011926 0.6174568 0.0000000 0.5973181 0.7297935 0.9526071 0.5643764 0.5656483 0.5881129 
E          0.4524640 0.6763544 0.5415403 0.5973181 0.0000000 0.7801625 0.8446604 0.4186924 0.5054658 0.4404688 
F          0.6409574 0.9654542 0.6769414 0.7297935 0.7801625 0.0000000 1.0764077 0.6177817 0.6670357 0.6291719 
G          0.7912537 0.9595427 0.8077449 0.9526071 0.8446604 1.0764077 0.0000000 0.7623462 0.7749089 0.7508328 
H          0.3770603 0.5611015 0.4610957 0.5643764 0.4186924 0.6177817 0.7623462 0.0000000 0.4296448 0.3890646 
I          0.4223751 0.6721194 0.4690282 0.5656483 0.5054658 0.6670357 0.7749089 0.4296448 0.0000000 0.4456830 
J          0.4242346 0.5733832 0.4953713 0.5881129 0.4404688 0.6291719 0.7508328 0.3890646 0.4456830 0.0000000 
