10
A          0.0000000 0.7714828 0.8642459 0.7981045 0.4147538 0.6067463 0.9504177 0.6987204 0.6721424 0.5265118 
B          0.7714828 0.0000000 0.8426332 0.7555938 0.4502518 0.6368490 0.9000697 0.6764198 0.6416026 0.5611488 
C          0.8642459 0.8426332 0.0000000 0.9832826 0.6708221 0.6511083 0.8347055 0.9321341 0.9018080 0.6892477 
D          0.7981045 0.7555938 0.9832826 0.0000000 0.5256414 0.6501480 0.9422227 0.7668511 0.7455077 0.5737357 
E          0.4147538 0.4502518 0.6708221 0.5256414 0.0000000 0.3362845 0.6215406 0.4824717 0.4388456 0.2598821 
F          0.6067463 0.6368490 0.6511083 0.6501480 0.3362845 0.0000000 0.6942310 0.6446360 0.5571510 0.3864355 
G          0.9504177 0.9000697 0.8347055 0.9422227 0.6215406 0.6942310 0.0000000 0.8726482 0.7879584 0.6249764 
H          0.6987204 0.6764198 0.9321341 0.7668511 0.4824717 0.6446360 0.8726482 0.0000000 0.6129738 0.5211837 
I          0.6721424 0.6416026 0.9018080 0.7455077 0.4388456 0.5571510 0.7879584 0.6129738 0.0000000 0.4643625 
J          0.5265118 0.5611488 0.6892477 0.5737357 0.2598821 0.3864355 0.6249764 0.5211837 0.4643625 0.0000000 
