10
A          0.0000000 0.8059385 1.0263711 1.0074679 0.6203841 0.7347008 0.9427435 0.8884315 0.8175898 0.6260329 
B          0.8059385 0.0000000 0.9005381 0.7493185 0.4521700 0.5630976 0.8246033 0.8374751 0.6524989 0.4845434 
C          1.0263711 0.9005381 0.0000000 1.0397932 0.5805277 0.8568029 1.0602951 0.9583163 0.8543591 0.6588115 
D          1.0074679 0.7493185 1.0397932 0.0000000 0.5439955 0.6983556 1.0016520 0.9009022 0.7460108 0.6383276 
E          0.6203841 0.4521700 0.5805277 0.5439955 0.0000000 0.3516256 0.6016597 0.5525739 0.4179998 0.2434146 
F          0.7347008 0.5630976 0.8568029 0.6983556 0.3516256 0.0000000 0.6871807 0.7497828 0.5020765 0.3951578 
G          0.9427435 0.8246033 1.0602951 1.0016520 0.6016597 0.6871807 0.0000000 1.0113942 0.7755594 0.6278354 
H          0.8884315 0.8374751 0.9583163 0.9009022 0.5525739 0.7497828 1.0113942 0.0000000 0.7257284 0.5921034 
I          0.8175898 0.6524989 0.8543591 0.7460108 0.4179998 0.5020765 0.7755594 0.7257284 0.0000000 0.4922201 
J          0.6260329 0.4845434 0.6588115 0.6383276 0.2434146 0.3951578 0.6278354 0.5921034 0.4922201 0.0000000 
