10
A          0.0000000 0.6544135 0.8564482 0.7665637 0.5131525 0.5735399 0.8730163 0.7391911 0.6908397 0.5069139 
B          0.6544135 0.0000000 0.6879724 0.5957707 0.3679318 0.4040749 0.7356404 0.6293858 0.4755125 0.3147528 
C          0.8564482 0.6879724 0.0000000 0.7991120 0.5199349 0.6158561 1.0015655 0.8693355 0.6824127 0.5030889 
D          0.7665637 0.5957707 0.7991120 0.0000000 0.4541266 0.5797183 0.8762650 0.7028285 0.6626907 0.4771849 
E          0.5131525 0.3679318 0.5199349 0.4541266 0.0000000 0.3777686 0.6826034 0.4783497 0.4212528 0.2349976 
F          0.5735399 0.4040749 0.6158561 0.5797183 0.3777686 0.0000000 0.6634727 0.6112608 0.4693696 0.3280906 
G          0.8730163 0.7356404 1.0015655 0.8762650 0.6826034 0.6634727 0.0000000 0.9123234 0.7633921 0.6243680 
H          0.7391911 0.6293858 0.8693355 0.7028285 0.4783497 0.6112608 0.9123234 0.0000000 0.6251393 0.4569434 
I          0.6908397 0.4755125 0.6824127 0.6626907 0.4212528 0.4693696 0.7633921 0.6251393 0.0000000 0.3794176 
J          0.5069139 0.3147528 0.5030889 0.4771849 0.2349976 0.3280906 0.6243680 0.4569434 0.3794176 0.0000000 
