10
A          0.0000000 0.8069727 0.9677761 1.0256306 0.5435476 0.6491483 0.9626146 0.9918872 0.7337644 0.5868335 
B          0.8069727 0.0000000 0.7351850 0.7588874 0.4208537 0.5045324 0.8908035 0.7222042 0.5993681 0.4413016 
C          0.9677761 0.7351850 0.0000000 0.8706028 0.6450000 0.6799971 1.0900058 0.9220804 0.7237627 0.6287153 
D          1.0256306 0.7588874 0.8706028 0.0000000 0.5662023 0.7334778 0.9692573 1.0381762 0.7738067 0.5736092 
E          0.5435476 0.4208537 0.6450000 0.5662023 0.0000000 0.3217744 0.5714037 0.5458947 0.3885928 0.2266570 
F          0.6491483 0.5045324 0.6799971 0.7334778 0.3217744 0.0000000 0.6577531 0.6229903 0.5004039 0.3539052 
G          0.9626146 0.8908035 1.0900058 0.9692573 0.5714037 0.6577531 0.0000000 0.9542795 0.8405362 0.7144683 
H          0.9918872 0.7222042 0.9220804 1.0381762 0.5458947 0.6229903 0.9542795 0.0000000 0.8084718 0.6459151 
I          0.7337644 0.5993681 0.7237627 0.7738067 0.3885928 0.5004039 0.8405362 0.8084718 0.0000000 0.4593509 
J          0.5868335 0.4413016 0.6287153 0.5736092 0.2266570 0.3539052 0.7144683 0.6459151 0.4593509 0.0000000 
