10
A          0.0000000 0.6542354 0.8504583 0.8089304 0.4916426 0.6161550 0.9628581 0.8288211 0.6896483 0.5076013 
B          0.6542354 0.0000000 0.7945724 0.7489191 0.3609127 0.5028752 0.7490957 0.7473704 0.6120652 0.3883144 
C          0.8504583 0.7945724 0.0000000 0.9206920 0.6361340 0.7017181 0.8945077 0.8516186 0.7639687 0.5887227 
D          0.8089304 0.7489191 0.9206920 0.0000000 0.5371493 0.6803653 0.9765883 0.8892698 0.7239663 0.5813897 
E          0.4916426 0.3609127 0.6361340 0.5371493 0.0000000 0.3125863 0.6030835 0.5126303 0.4443282 0.2208462 
F          0.6161550 0.5028752 0.7017181 0.6803653 0.3125863 0.0000000 0.7706598 0.6794924 0.5212340 0.3649219 
G          0.9628581 0.7490957 0.8945077 0.9765883 0.6030835 0.7706598 0.0000000 0.8779981 0.8782546 0.5820329 
H          0.8288211 0.7473704 0.8516186 0.8892698 0.5126303 0.6794924 0.8779981 0.0000000 0.7725654 0.5689800 
I          0.6896483 0.6120652 0.7639687 0.7239663 0.4443282 0.5212340 0.8782546 0.7725654 0.0000000 0.4303845 
J          0.5076013 0.3883144 0.5887227 0.5813897 0.2208462 0.3649219 0.5820329 0.5689800 0.4303845 0.0000000 
