10
A          0.0000000 0.6219477 0.8041047 0.7757197 0.4722645 0.6376350 1.0031685 0.7865848 0.6828906 0.5256806 
B          0.6219477 0.0000000 0.6636629 0.5626303 0.3242254 0.5143741 0.7295686 0.6289530 0.4925477 0.3761591 
C          0.8041047 0.6636629 0.0000000 0.7317660 0.4852823 0.6108777 0.8816389 0.7350140 0.7121279 0.5303630 
D          0.7757197 0.5626303 0.7317660 0.0000000 0.4136890 0.6136101 0.8691160 0.7437814 0.6579759 0.5036099 
E          0.4722645 0.3242254 0.4852823 0.4136890 0.0000000 0.3042357 0.6446920 0.4706859 0.3878475 0.1938032 
F          0.6376350 0.5143741 0.6108777 0.6136101 0.3042357 0.0000000 0.8145656 0.6086667 0.5268272 0.3541852 
G          1.0031685 0.7295686 0.8816389 0.8691160 0.6446920 0.8145656 0.0000000 0.9082813 0.8189289 0.6971416 
H          0.7865848 0.6289530 0.7350140 0.7437814 0.4706859 0.6086667 0.9082813 0.0000000 0.6816485 0.4866869 
I          0.6828906 0.4925477 0.7121279 0.6579759 0.3878475 0.5268272 0.8189289 0.6816485 0.0000000 0.4473331 
J          0.5256806 0.3761591 0.5303630 0.5036099 0.1938032 0.3541852 0.6971416 0.4866869 0.4473331 0.0000000 
