10
A          0.0000000 0.6478115 0.8018985 0.8319273 0.4975277 0.7045701 0.8776716 0.8323462 0.6716006 0.5417558 
B          0.6478115 0.0000000 0.7568008 0.7900290 0.4107474 0.6348912 0.6843841 0.7749449 0.5818260 0.4126275 
C          0.8018985 0.7568008 0.0000000 0.8085788 0.5304272 0.6946996 0.8320535 0.9102319 0.7008705 0.5197911 
D          0.8319273 0.7900290 0.8085788 0.0000000 0.5266974 0.7246078 0.8665195 0.7947873 0.8227473 0.5535815 
E          0.4975277 0.4107474 0.5304272 0.5266974 0.0000000 0.3349983 0.4772041 0.5254428 0.4361162 0.2304158 
F          0.7045701 0.6348912 0.6946996 0.7246078 0.3349983 0.0000000 0.6228722 0.6561724 0.5122827 0.3619277 
G          0.8776716 0.6843841 0.8320535 0.8665195 0.4772041 0.6228722 0.0000000 0.8016132 0.6813734 0.5414529 
H          0.8323462 0.7749449 0.9102319 0.7947873 0.5254428 0.6561724 0.8016132 0.0000000 0.8223174 0.5599623 
I          0.6716006 0.5818260 0.7008705 0.8227473 0.4361162 0.5122827 0.6813734 0.8223174 0.0000000 0.4472299 
J          0.5417558 0.4126275 0.5197911 0.5535815 0.2304158 0.3619277 0.5414529 0.5599623 0.4472299 0.0000000 
