10
A          0.0000000 0.7595755 1.0560689 0.9646368 0.5614537 0.7350083 0.8877741 0.8595309 0.6891103 0.5363249 
B          0.7595755 0.0000000 0.7874539 0.7825584 0.4209961 0.5613948 0.8690972 0.7076675 0.5766349 0.3937993 
C          1.0560689 0.7874539 0.0000000 0.8448284 0.7202999 0.6930682 0.9195778 0.8976183 0.8059103 0.6668383 
D          0.9646368 0.7825584 0.8448284 0.0000000 0.6270950 0.7524376 1.0902476 0.8861802 0.8497027 0.6149315 
E          0.5614537 0.4209961 0.7202999 0.6270950 0.0000000 0.3340624 0.6522507 0.5140709 0.3696700 0.2252574 
F          0.7350083 0.5613948 0.6930682 0.7524376 0.3340624 0.0000000 0.7757566 0.6655558 0.5290426 0.3788917 
G          0.8877741 0.8690972 0.9195778 1.0902476 0.6522507 0.7757566 0.0000000 0.9339825 0.8051258 0.6974886 
H          0.8595309 0.7076675 0.8976183 0.8861802 0.5140709 0.6655558 0.9339825 0.0000000 0.7027690 0.5727107 
I          0.6891103 0.5766349 0.8059103 0.8497027 0.3696700 0.5290426 0.8051258 0.7027690 0.0000000 0.4311712 
J          0.5363249 0.3937993 0.6668383 0.6149315 0.2252574 0.3788917 0.6974886 0.5727107 0.4311712 0.0000000 
