10
A          0.0000000 0.7635239 0.8749771 0.9124749 0.4810591 0.7304793 1.0126026 0.9483774 0.8192194 0.5175498 
B          0.7635239 0.0000000 0.9704699 0.9028691 0.4540515 0.6798584 0.8675820 0.8680549 0.6845866 0.5006943 
C          0.8749771 0.9704699 0.0000000 0.9993418 0.6589099 0.8700491 0.9934474 0.9254970 0.8639193 0.7184225 
D          0.9124749 0.9028691 0.9993418 0.0000000 0.5790821 0.7519267 1.0421103 0.9877371 0.9207968 0.5887370 
E          0.4810591 0.4540515 0.6589099 0.5790821 0.0000000 0.3693860 0.5968579 0.5780038 0.4475282 0.2106191 
F          0.7304793 0.6798584 0.8700491 0.7519267 0.3693860 0.0000000 0.7906010 0.7637393 0.6700408 0.3768777 
G          1.0126026 0.8675820 0.9934474 1.0421103 0.5968579 0.7906010 0.0000000 1.0330145 0.9696989 0.6822118 
H          0.9483774 0.8680549 0.9254970 0.9877371 0.5780038 0.7637393 1.0330145 0.0000000 0.8332631 0.5501027 
I          0.8192194 0.6845866 0.8639193 0.9207968 0.4475282 0.6700408 0.9696989 0.8332631 0.0000000 0.5056946 
J          0.5175498 0.5006943 0.7184225 0.5887370 0.2106191 0.3768777 0.6822118 0.5501027 0.5056946 0.0000000 
