10
A          0.0000000 0.7490075 0.4935937 0.5274299 0.8781808 0.9932403 0.5964670 0.9109521 0.7321254 0.6891037 
B          0.7490075 0.0000000 0.2676681 0.2729285 0.6197003 0.7199001 0.3208445 0.6687326 0.4446207 0.4038884 
C          0.4935937 0.2676681 0.0000000 0.1233573 0.4639802 0.5637431 0.1715625 0.5035791 0.2665236 0.2544832 
D          0.5274299 0.2729285 0.1233573 0.0000000 0.5385063 0.6183276 0.1872217 0.5022457 0.2805439 0.2536888 
E          0.8781808 0.6197003 0.4639802 0.5385063 0.0000000 0.9649498 0.5581275 0.8965134 0.6350498 0.6452864 
F          0.9932403 0.7199001 0.5637431 0.6183276 0.9649498 0.0000000 0.6244915 1.0686622 0.8043037 0.7338815 
G          0.5964670 0.3208445 0.1715625 0.1872217 0.5581275 0.6244915 0.0000000 0.6405747 0.3399081 0.3407100 
H          0.9109521 0.6687326 0.5035791 0.5022457 0.8965134 1.0686622 0.6405747 0.0000000 0.6190454 0.6885348 
I          0.7321254 0.4446207 0.2665236 0.2805439 0.6350498 0.8043037 0.3399081 0.6190454 0.0000000 0.3786762 
J          0.6891037 0.4038884 0.2544832 0.2536888 0.6452864 0.7338815 0.3407100 0.6885348 0.3786762 0.0000000 
