10
A          0.0000000 0.7547866 0.5419689 0.5657609 1.0582012 1.1334111 0.7336078 1.0765574 0.6882821 0.6244494 
B          0.7547866 0.0000000 0.2476154 0.2850591 0.6629303 0.7249076 0.3732512 0.7787648 0.4422411 0.3343952 
C          0.5419689 0.2476154 0.0000000 0.1286646 0.4647300 0.5726116 0.2331954 0.5255055 0.2856190 0.1965100 
D          0.5657609 0.2850591 0.1286646 0.0000000 0.5273347 0.5994263 0.2772259 0.5703410 0.3141114 0.2306180 
E          1.0582012 0.6629303 0.4647300 0.5273347 0.0000000 1.0348663 0.6435254 1.0123655 0.7019824 0.6360060 
F          1.1334111 0.7249076 0.5726116 0.5994263 1.0348663 0.0000000 0.7012194 0.9905940 0.8687247 0.6814655 
G          0.7336078 0.3732512 0.2331954 0.2772259 0.6435254 0.7012194 0.0000000 0.6886188 0.4014750 0.3183683 
H          1.0765574 0.7787648 0.5255055 0.5703410 1.0123655 0.9905940 0.6886188 0.0000000 0.7657524 0.6352155 
I          0.6882821 0.4422411 0.2856190 0.3141114 0.7019824 0.8687247 0.4014750 0.7657524 0.0000000 0.3880980 
J          0.6244494 0.3343952 0.1965100 0.2306180 0.6360060 0.6814655 0.3183683 0.6352155 0.3880980 0.0000000 
