10
A          0.0000000 0.8611982 0.5858805 0.6001454 0.9406394 0.9951642 0.8011172 1.1758694 0.8348140 0.8030701 
B          0.8611982 0.0000000 0.3300682 0.3208335 0.7130247 0.7527562 0.4731188 0.8207114 0.5385882 0.4899899 
C          0.5858805 0.3300682 0.0000000 0.1553087 0.5132161 0.6176697 0.2914146 0.6201605 0.2902422 0.2334866 
D          0.6001454 0.3208335 0.1553087 0.0000000 0.4926313 0.5750124 0.2604381 0.7260306 0.3928153 0.2960483 
E          0.9406394 0.7130247 0.5132161 0.4926313 0.0000000 0.9182571 0.6308829 1.0583939 0.6941070 0.6871349 
F          0.9951642 0.7527562 0.6176697 0.5750124 0.9182571 0.0000000 0.7126855 1.1599708 0.8153010 0.6826915 
G          0.8011172 0.4731188 0.2914146 0.2604381 0.6308829 0.7126855 0.0000000 0.7967604 0.5589929 0.4235284 
H          1.1758694 0.8207114 0.6201605 0.7260306 1.0583939 1.1599708 0.7967604 0.0000000 0.8226692 0.8159916 
I          0.8348140 0.5385882 0.2902422 0.3928153 0.6941070 0.8153010 0.5589929 0.8226692 0.0000000 0.4783354 
J          0.8030701 0.4899899 0.2334866 0.2960483 0.6871349 0.6826915 0.4235284 0.8159916 0.4783354 0.0000000 
