10
A          0.0000000 0.6361779 0.5547321 0.5200524 0.9545706 1.0219342 0.6195724 0.9598396 0.6942894 0.6124029 
B          0.6361779 0.0000000 0.2644218 0.3119812 0.6256648 0.6143872 0.3122581 0.6649570 0.4172361 0.3456123 
C          0.5547321 0.2644218 0.0000000 0.1564222 0.4919857 0.5634509 0.2055025 0.5184638 0.2634500 0.1943091 
D          0.5200524 0.3119812 0.1564222 0.0000000 0.5197299 0.6244001 0.2537019 0.6017771 0.2972911 0.2225497 
E          0.9545706 0.6256648 0.4919857 0.5197299 0.0000000 0.8964661 0.5528309 0.9864837 0.7042370 0.6048637 
F          1.0219342 0.6143872 0.5634509 0.6244001 0.8964661 0.0000000 0.6558719 0.9143045 0.7101968 0.5879444 
G          0.6195724 0.3122581 0.2055025 0.2537019 0.5528309 0.6558719 0.0000000 0.5822417 0.3749584 0.2884352 
H          0.9598396 0.6649570 0.5184638 0.6017771 0.9864837 0.9143045 0.5822417 0.0000000 0.6489522 0.5842332 
I          0.6942894 0.4172361 0.2634500 0.2972911 0.7042370 0.7101968 0.3749584 0.6489522 0.0000000 0.3505443 
J          0.6124029 0.3456123 0.1943091 0.2225497 0.6048637 0.5879444 0.2884352 0.5842332 0.3505443 0.0000000 
