10
A          0.0000000 0.7335187 0.5283805 0.4913142 0.8957909 1.0143835 0.6227145 0.9860387 0.7545950 0.7396129 
B          0.7335187 0.0000000 0.2415575 0.2353589 0.5996053 0.6718683 0.3683311 0.6737391 0.3830502 0.3722713 
C          0.5283805 0.2415575 0.0000000 0.0904095 0.4499011 0.5835822 0.1876606 0.5748180 0.2809979 0.2021852 
D          0.4913142 0.2353589 0.0904095 0.0000000 0.4630832 0.6254883 0.2025452 0.5979210 0.2997533 0.2107264 
E          0.8957909 0.5996053 0.4499011 0.4630832 0.0000000 0.9626053 0.5207384 0.9786583 0.5853392 0.5414981 
F          1.0143835 0.6718683 0.5835822 0.6254883 0.9626053 0.0000000 0.6529596 1.0222249 0.7706519 0.7525129 
G          0.6227145 0.3683311 0.1876606 0.2025452 0.5207384 0.6529596 0.0000000 0.6670190 0.3974743 0.2911021 
H          0.9860387 0.6737391 0.5748180 0.5979210 0.9786583 1.0222249 0.6670190 0.0000000 0.7779546 0.6363385 
I          0.7545950 0.3830502 0.2809979 0.2997533 0.5853392 0.7706519 0.3974743 0.7779546 0.0000000 0.3919179 
J          0.7396129 0.3722713 0.2021852 0.2107264 0.5414981 0.7525129 0.2911021 0.6363385 0.3919179 0.0000000 
