10
A          0.0000000 0.6141671 0.4747796 0.5122798 0.8335389 1.0632670 0.6042476 1.1064847 0.6407007 0.5614172 
B          0.6141671 0.0000000 0.2630047 0.3042229 0.6510187 0.9030661 0.4079104 0.8028071 0.5378709 0.3932415 
C          0.4747796 0.2630047 0.0000000 0.1076788 0.4701734 0.6719220 0.1942536 0.6301428 0.2606860 0.2055408 
D          0.5122798 0.3042229 0.1076788 0.0000000 0.4858151 0.7086633 0.2257154 0.6248830 0.3092662 0.2345624 
E          0.8335389 0.6510187 0.4701734 0.4858151 0.0000000 1.0766025 0.6627496 1.0951270 0.7411278 0.6039796 
F          1.0632670 0.9030661 0.6719220 0.7086633 1.0766025 0.0000000 0.8225589 1.4454155 0.9580545 0.8094982 
G          0.6042476 0.4079104 0.1942536 0.2257154 0.6627496 0.8225589 0.0000000 0.7820231 0.4037146 0.3489706 
H          1.1064847 0.8028071 0.6301428 0.6248830 1.0951270 1.4454155 0.7820231 0.0000000 0.8193845 0.8001275 
I          0.6407007 0.5378709 0.2606860 0.3092662 0.7411278 0.9580545 0.4037146 0.8193845 0.0000000 0.3746251 
J          0.5614172 0.3932415 0.2055408 0.2345624 0.6039796 0.8094982 0.3489706 0.8001275 0.3746251 0.0000000 
