10
A          0.0000000 0.7973528 0.6057249 0.6336698 0.9363366 1.1706695 0.7226940 1.0061846 0.8606815 0.7657943 
B          0.7973528 0.0000000 0.3096935 0.3403137 0.7290313 0.8876574 0.4450374 0.7665416 0.5410949 0.4314194 
C          0.6057249 0.3096935 0.0000000 0.1406619 0.5451148 0.6258620 0.2411613 0.5965387 0.2774788 0.2475649 
D          0.6336698 0.3403137 0.1406619 0.0000000 0.5809119 0.6869024 0.2426132 0.6493268 0.3272938 0.2987385 
E          0.9363366 0.7290313 0.5451148 0.5809119 0.0000000 1.0424999 0.6919332 0.8906079 0.7670075 0.6824475 
F          1.1706695 0.8876574 0.6258620 0.6869024 1.0424999 0.0000000 0.7379903 1.0990547 0.8524339 0.8160436 
G          0.7226940 0.4450374 0.2411613 0.2426132 0.6919332 0.7379903 0.0000000 0.7201274 0.4676244 0.3892430 
H          1.0061846 0.7665416 0.5965387 0.6493268 0.8906079 1.0990547 0.7201274 0.0000000 0.7936985 0.6151284 
I          0.8606815 0.5410949 0.2774788 0.3272938 0.7670075 0.8524339 0.4676244 0.7936985 0.0000000 0.4259511 
J          0.7657943 0.4314194 0.2475649 0.2987385 0.6824475 0.8160436 0.3892430 0.6151284 0.4259511 0.0000000 
