10
A          0.0000000 0.4100034 0.3483857 0.3576718 0.4970258 0.5396073 0.4138967 0.6271453 0.4869410 0.4245262 
B          0.4100034 0.0000000 0.2369405 0.2648044 0.4908235 0.5211585 0.3216647 0.5384254 0.4170070 0.3320480 
C          0.3483857 0.2369405 0.0000000 0.1351326 0.3233488 0.3643355 0.1772583 0.3904751 0.2247232 0.1626144 
D          0.3576718 0.2648044 0.1351326 0.0000000 0.3793451 0.3793375 0.1726422 0.4694115 0.2896343 0.2147069 
E          0.4970258 0.4908235 0.3233488 0.3793451 0.0000000 0.5972823 0.3761760 0.5926710 0.4473335 0.4334938 
F          0.5396073 0.5211585 0.3643355 0.3793375 0.5972823 0.0000000 0.4068712 0.6006347 0.4611412 0.4252774 
G          0.4138967 0.3216647 0.1772583 0.1726422 0.3761760 0.4068712 0.0000000 0.4776799 0.3562532 0.2607841 
H          0.6271453 0.5384254 0.3904751 0.4694115 0.5926710 0.6006347 0.4776799 0.0000000 0.4529098 0.4578095 
I          0.4869410 0.4170070 0.2247232 0.2896343 0.4473335 0.4611412 0.3562532 0.4529098 0.0000000 0.3051851 
J          0.4245262 0.3320480 0.1626144 0.2147069 0.4334938 0.4252774 0.2607841 0.4578095 0.3051851 0.0000000 
