10
A          0.0000000 0.6718475 0.5063026 0.5316490 0.8472835 0.9494821 0.6800417 0.8580106 0.6259813 0.6398126 
B          0.6718475 0.0000000 0.2416240 0.2335715 0.6999907 0.7314139 0.3568533 0.5976586 0.4018152 0.4076884 
C          0.5063026 0.2416240 0.0000000 0.1111362 0.5431274 0.6018394 0.2271211 0.4547030 0.2883419 0.2732276 
D          0.5316490 0.2335715 0.1111362 0.0000000 0.5542816 0.6163001 0.2322440 0.4839358 0.2953828 0.2533472 
E          0.8472835 0.6999907 0.5431274 0.5542816 0.0000000 0.9020043 0.6813762 0.8791104 0.6819895 0.6951109 
F          0.9494821 0.7314139 0.6018394 0.6163001 0.9020043 0.0000000 0.7263673 0.9325003 0.7488281 0.7332384 
G          0.6800417 0.3568533 0.2271211 0.2322440 0.6813762 0.7263673 0.0000000 0.6264608 0.3958863 0.3540225 
H          0.8580106 0.5976586 0.4547030 0.4839358 0.8791104 0.9325003 0.6264608 0.0000000 0.6214591 0.6133134 
I          0.6259813 0.4018152 0.2883419 0.2953828 0.6819895 0.7488281 0.3958863 0.6214591 0.0000000 0.4354075 
J          0.6398126 0.4076884 0.2732276 0.2533472 0.6951109 0.7332384 0.3540225 0.6133134 0.4354075 0.0000000 
