10
A          0.0000000 0.7438687 0.6186602 0.6042719 0.9831767 1.0997412 0.7233705 0.9783894 0.8668775 0.7446307 
B          0.7438687 0.0000000 0.2790202 0.2783673 0.6634396 0.7793238 0.3627873 0.7710318 0.5380844 0.3910960 
C          0.6186602 0.2790202 0.0000000 0.1294010 0.5207291 0.6522191 0.2234665 0.5677750 0.3132200 0.2364119 
D          0.6042719 0.2783673 0.1294010 0.0000000 0.5272198 0.6565096 0.2024432 0.6239896 0.3990683 0.2680552 
E          0.9831767 0.6634396 0.5207291 0.5272198 0.0000000 1.1900100 0.5952025 1.0396394 0.6871760 0.6168628 
F          1.0997412 0.7793238 0.6522191 0.6565096 1.1900100 0.0000000 0.7400077 1.2510866 0.8987734 0.7893277 
G          0.7233705 0.3627873 0.2234665 0.2024432 0.5952025 0.7400077 0.0000000 0.6674940 0.4614365 0.3524503 
H          0.9783894 0.7710318 0.5677750 0.6239896 1.0396394 1.2510866 0.6674940 0.0000000 0.7332810 0.7068757 
I          0.8668775 0.5380844 0.3132200 0.3990683 0.6871760 0.8987734 0.4614365 0.7332810 0.0000000 0.4408972 
J          0.7446307 0.3910960 0.2364119 0.2680552 0.6168628 0.7893277 0.3524503 0.7068757 0.4408972 0.0000000 
