10
A          0.0000000 0.5841977 0.5563692 0.6696480 0.5373880 0.5682596 0.8146688 0.4024544 0.3696170 0.6768329 
B          0.5841977 0.0000000 0.5146416 0.6848304 0.4480708 0.4768971 0.7799525 0.3281435 0.3039447 0.6383923 
C          0.5563692 0.5146416 0.0000000 0.6160132 0.4210960 0.4888782 0.7197813 0.3264665 0.3164122 0.6640398 
D          0.6696480 0.6848304 0.6160132 0.0000000 0.6431011 0.5666102 0.8379973 0.4799845 0.4471795 0.7338691 
E          0.5373880 0.4480708 0.4210960 0.6431011 0.0000000 0.4379392 0.6413070 0.3046226 0.2746120 0.5711160 
F          0.5682596 0.4768971 0.4888782 0.5666102 0.4379392 0.0000000 0.7062189 0.3071328 0.2957481 0.5959657 
G          0.8146688 0.7799525 0.7197813 0.8379973 0.6413070 0.7062189 0.0000000 0.5667430 0.5334097 0.7793940 
H          0.4024544 0.3281435 0.3264665 0.4799845 0.3046226 0.3071328 0.5667430 0.0000000 0.1464177 0.4684757 
I          0.3696170 0.3039447 0.3164122 0.4471795 0.2746120 0.2957481 0.5334097 0.1464177 0.0000000 0.4174422 
J          0.6768329 0.6383923 0.6640398 0.7338691 0.5711160 0.5959657 0.7793940 0.4684757 0.4174422 0.0000000 
