10
A          0.0000000 0.5833850 0.6166936 0.6562834 0.5692274 0.4688023 0.7555371 0.3964024 0.3917880 0.5485336 
B          0.5833850 0.0000000 0.6100146 0.6088671 0.4931657 0.4827688 0.7223774 0.3609023 0.3524236 0.5272933 
C          0.6166936 0.6100146 0.0000000 0.7437677 0.4802045 0.5400557 0.7170594 0.3944367 0.3519917 0.6128240 
D          0.6562834 0.6088671 0.7437677 0.0000000 0.6325303 0.5682735 0.8447227 0.4776933 0.4540086 0.6729168 
E          0.5692274 0.4931657 0.4802045 0.6325303 0.0000000 0.4364465 0.6861269 0.3075182 0.2822039 0.5151502 
F          0.4688023 0.4827688 0.5400557 0.5682735 0.4364465 0.0000000 0.6948031 0.3047744 0.3036319 0.4730994 
G          0.7555371 0.7223774 0.7170594 0.8447227 0.6861269 0.6948031 0.0000000 0.5594508 0.5479721 0.8304617 
H          0.3964024 0.3609023 0.3944367 0.4776933 0.3075182 0.3047744 0.5594508 0.0000000 0.1695944 0.3608415 
I          0.3917880 0.3524236 0.3519917 0.4540086 0.2822039 0.3036319 0.5479721 0.1695944 0.0000000 0.3496781 
J          0.5485336 0.5272933 0.6128240 0.6729168 0.5151502 0.4730994 0.8304617 0.3608415 0.3496781 0.0000000 
