10
A          0.0000000 0.8025562 0.8768142 1.1701161 0.8583951 0.8946951 1.5734200 0.6828846 0.6233397 1.0287731 
B          0.8025562 0.0000000 0.6560298 0.9074927 0.6839596 0.6863335 1.2934242 0.5086621 0.3978770 0.7813851 
C          0.8768142 0.6560298 0.0000000 0.7625287 0.5980041 0.6877411 1.3681517 0.4957077 0.4315858 0.8677298 
D          1.1701161 0.9074927 0.7625287 0.0000000 0.8467506 1.0249683 1.6655710 0.6346752 0.6446227 1.1570916 
E          0.8583951 0.6839596 0.5980041 0.8467506 0.0000000 0.6278591 1.1452087 0.4030660 0.4062727 0.8952482 
F          0.8946951 0.6863335 0.6877411 1.0249683 0.6278591 0.0000000 1.2523228 0.5401824 0.4163349 0.8966325 
G          1.5734200 1.2934242 1.3681517 1.6655710 1.1452087 1.2523228 0.0000000 0.9452278 0.9589514 1.5381437 
H          0.6828846 0.5086621 0.4957077 0.6346752 0.4030660 0.5401824 0.9452278 0.0000000 0.2114129 0.6734159 
I          0.6233397 0.3978770 0.4315858 0.6446227 0.4062727 0.4163349 0.9589514 0.2114129 0.0000000 0.5339478 
J          1.0287731 0.7813851 0.8677298 1.1570916 0.8952482 0.8966325 1.5381437 0.6734159 0.5339478 0.0000000 
