10
A          0.0000000 0.4872195 0.6028513 0.5953906 0.4718367 0.4551491 0.7230690 0.3827755 0.3359753 0.5411080 
B          0.4872195 0.0000000 0.4682389 0.5747062 0.4660000 0.4815676 0.6454733 0.3156848 0.2783227 0.5045818 
C          0.6028513 0.4682389 0.0000000 0.6492065 0.4693580 0.5779901 0.7556227 0.3811004 0.3611681 0.5393816 
D          0.5953906 0.5747062 0.6492065 0.0000000 0.5111344 0.5729697 0.7907084 0.4445469 0.3892048 0.6507365 
E          0.4718367 0.4660000 0.4693580 0.5111344 0.0000000 0.4429442 0.7157060 0.2972036 0.2928743 0.4771468 
F          0.4551491 0.4815676 0.5779901 0.5729697 0.4429442 0.0000000 0.6904090 0.3675593 0.3159200 0.5648449 
G          0.7230690 0.6454733 0.7556227 0.7907084 0.7157060 0.6904090 0.0000000 0.6173709 0.5611859 0.7225632 
H          0.3827755 0.3156848 0.3811004 0.4445469 0.2972036 0.3675593 0.6173709 0.0000000 0.1748537 0.4075031 
I          0.3359753 0.2783227 0.3611681 0.3892048 0.2928743 0.3159200 0.5611859 0.1748537 0.0000000 0.3946710 
J          0.5411080 0.5045818 0.5393816 0.6507365 0.4771468 0.5648449 0.7225632 0.4075031 0.3946710 0.0000000 
