10
A          0.0000000 0.4978906 0.4990835 0.6126031 0.4278469 0.5416317 0.5935832 0.3272230 0.3547445 0.6587480 
B          0.4978906 0.0000000 0.4385670 0.5772913 0.3526231 0.3936983 0.6320064 0.2711140 0.2975775 0.5334210 
C          0.4990835 0.4385670 0.0000000 0.5748562 0.3998646 0.4361317 0.6310474 0.2856262 0.2855157 0.4995536 
D          0.6126031 0.5772913 0.5748562 0.0000000 0.4766870 0.5479496 0.6445404 0.3824046 0.4160377 0.6162555 
E          0.4278469 0.3526231 0.3998646 0.4766870 0.0000000 0.3532807 0.5122256 0.2100040 0.2123973 0.4490595 
F          0.5416317 0.3936983 0.4361317 0.5479496 0.3532807 0.0000000 0.5603559 0.2535995 0.2840867 0.5001893 
G          0.5935832 0.6320064 0.6310474 0.6445404 0.5122256 0.5603559 0.0000000 0.3974735 0.4260123 0.6602090 
H          0.3272230 0.2711140 0.2856262 0.3824046 0.2100040 0.2535995 0.3974735 0.0000000 0.1306403 0.3401029 
I          0.3547445 0.2975775 0.2855157 0.4160377 0.2123973 0.2840867 0.4260123 0.1306403 0.0000000 0.3766636 
J          0.6587480 0.5334210 0.4995536 0.6162555 0.4490595 0.5001893 0.6602090 0.3401029 0.3766636 0.0000000 
