10
A          0.0000000 0.5949674 0.6955317 0.6856199 0.5640546 0.6088948 0.9122792 0.4365078 0.3920440 0.7434727 
B          0.5949674 0.0000000 0.5778730 0.6434895 0.4846576 0.4972711 0.7912195 0.3427642 0.3248933 0.6990471 
C          0.6955317 0.5778730 0.0000000 0.5865344 0.5566525 0.6138285 0.8895467 0.3818786 0.4026175 0.7282356 
D          0.6856199 0.6434895 0.5865344 0.0000000 0.5179185 0.5861232 0.9784290 0.4625576 0.4097484 0.7328375 
E          0.5640546 0.4846576 0.5566525 0.5179185 0.0000000 0.4370428 0.7897514 0.3005737 0.2748185 0.5689226 
F          0.6088948 0.4972711 0.6138285 0.5861232 0.4370428 0.0000000 0.8154044 0.3388161 0.3032582 0.6995252 
G          0.9122792 0.7912195 0.8895467 0.9784290 0.7897514 0.8154044 0.0000000 0.6422988 0.6170508 0.9194439 
H          0.4365078 0.3427642 0.3818786 0.4625576 0.3005737 0.3388161 0.6422988 0.0000000 0.1696280 0.4881477 
I          0.3920440 0.3248933 0.4026175 0.4097484 0.2748185 0.3032582 0.6170508 0.1696280 0.0000000 0.4399305 
J          0.7434727 0.6990471 0.7282356 0.7328375 0.5689226 0.6995252 0.9194439 0.4881477 0.4399305 0.0000000 
