10
A          0.0000000 0.4843842 0.5536449 0.6234103 0.4799682 0.4383787 0.7109985 0.3823915 0.3414202 0.5451590 
B          0.4843842 0.0000000 0.5086076 0.6268808 0.4473988 0.4199254 0.6349319 0.3200452 0.2790227 0.5428119 
C          0.5536449 0.5086076 0.0000000 0.6165716 0.4797912 0.4749012 0.6709140 0.3523718 0.3386643 0.4896624 
D          0.6234103 0.6268808 0.6165716 0.0000000 0.6210566 0.5839148 0.8370202 0.4387438 0.4145369 0.6539883 
E          0.4799682 0.4473988 0.4797912 0.6210566 0.0000000 0.4387792 0.6825240 0.3213102 0.2842016 0.5532982 
F          0.4383787 0.4199254 0.4749012 0.5839148 0.4387792 0.0000000 0.5900507 0.2890108 0.3038455 0.5033676 
G          0.7109985 0.6349319 0.6709140 0.8370202 0.6825240 0.5900507 0.0000000 0.5308724 0.4860815 0.6372972 
H          0.3823915 0.3200452 0.3523718 0.4387438 0.3213102 0.2890108 0.5308724 0.0000000 0.1549760 0.3666264 
I          0.3414202 0.2790227 0.3386643 0.4145369 0.2842016 0.3038455 0.4860815 0.1549760 0.0000000 0.3634372 
J          0.5451590 0.5428119 0.4896624 0.6539883 0.5532982 0.5033676 0.6372972 0.3666264 0.3634372 0.0000000 
