10
A          0.0000000 0.4966115 0.5354052 0.6358291 0.4120285 0.4634623 0.7072304 0.3419990 0.3443341 0.6295757 
B          0.4966115 0.0000000 0.4980911 0.5599147 0.3936220 0.4656366 0.6765464 0.3594713 0.3211783 0.6267566 
C          0.5354052 0.4980911 0.0000000 0.6464902 0.3884129 0.4543581 0.6265243 0.3439179 0.3652722 0.5863622 
D          0.6358291 0.5599147 0.6464902 0.0000000 0.4451859 0.5223667 0.7255638 0.4345907 0.4219900 0.7286656 
E          0.4120285 0.3936220 0.3884129 0.4451859 0.0000000 0.3659823 0.5236881 0.2138616 0.2067188 0.4765662 
F          0.4634623 0.4656366 0.4543581 0.5223667 0.3659823 0.0000000 0.6137590 0.2753134 0.2767954 0.5252016 
G          0.7072304 0.6765464 0.6265243 0.7255638 0.5236881 0.6137590 0.0000000 0.4850945 0.5042899 0.7073005 
H          0.3419990 0.3594713 0.3439179 0.4345907 0.2138616 0.2753134 0.4850945 0.0000000 0.1649915 0.3847561 
I          0.3443341 0.3211783 0.3652722 0.4219900 0.2067188 0.2767954 0.5042899 0.1649915 0.0000000 0.4039546 
J          0.6295757 0.6267566 0.5863622 0.7286656 0.4765662 0.5252016 0.7073005 0.3847561 0.4039546 0.0000000 
