10
A          0.0000000 0.5529261 0.6170298 0.7005796 0.5084423 0.5616223 0.7550533 0.4256374 0.3858908 0.5976817 
B          0.5529261 0.0000000 0.5193526 0.5724781 0.4148299 0.4934117 0.7482411 0.3673799 0.3300987 0.5214586 
C          0.6170298 0.5193526 0.0000000 0.6536775 0.5056689 0.5443172 0.8203550 0.3956617 0.3961556 0.6268659 
D          0.7005796 0.5724781 0.6536775 0.0000000 0.5317293 0.6826928 0.8040828 0.4771531 0.4279059 0.7210987 
E          0.5084423 0.4148299 0.5056689 0.5317293 0.0000000 0.4602675 0.6509161 0.2977932 0.2538208 0.5695247 
F          0.5616223 0.4934117 0.5443172 0.6826928 0.4602675 0.0000000 0.7745774 0.3436077 0.3150366 0.5531060 
G          0.7550533 0.7482411 0.8203550 0.8040828 0.6509161 0.7745774 0.0000000 0.5766918 0.5054055 0.7798908 
H          0.4256374 0.3673799 0.3956617 0.4771531 0.2977932 0.3436077 0.5766918 0.0000000 0.1751419 0.4140025 
I          0.3858908 0.3300987 0.3961556 0.4279059 0.2538208 0.3150366 0.5054055 0.1751419 0.0000000 0.4278298 
J          0.5976817 0.5214586 0.6268659 0.7210987 0.5695247 0.5531060 0.7798908 0.4140025 0.4278298 0.0000000 
