10
A          0.0000000 0.6527368 0.8404261 0.6553615 0.6428269 0.4742643 0.8080431 0.6396410 0.4061799 0.4258445 
B          0.6527368 0.0000000 0.7983789 0.7035088 0.6395054 0.5746885 0.8574916 0.8564098 0.3899669 0.4586350 
C          0.8404261 0.7983789 0.0000000 0.9930726 0.9207756 0.7841600 1.0680531 0.9989876 0.6341689 0.6184383 
D          0.6553615 0.7035088 0.9930726 0.0000000 0.7648197 0.6339237 0.8556214 0.7694108 0.4982351 0.5242002 
E          0.6428269 0.6395054 0.9207756 0.7648197 0.0000000 0.5154000 0.8247467 0.8246333 0.3866735 0.4030724 
F          0.4742643 0.5746885 0.7841600 0.6339237 0.5154000 0.0000000 0.6727121 0.6652498 0.3134980 0.3243680 
G          0.8080431 0.8574916 1.0680531 0.8556214 0.8247467 0.6727121 0.0000000 0.9329591 0.6051342 0.5637725 
H          0.6396410 0.8564098 0.9989876 0.7694108 0.8246333 0.6652498 0.9329591 0.0000000 0.5358785 0.5766673 
I          0.4061799 0.3899669 0.6341689 0.4982351 0.3866735 0.3134980 0.6051342 0.5358785 0.0000000 0.2281838 
J          0.4258445 0.4586350 0.6184383 0.5242002 0.4030724 0.3243680 0.5637725 0.5766673 0.2281838 0.0000000 
