10
A          0.0000000 0.5049518 0.6530402 0.6068822 0.5270141 0.4232287 0.7919749 0.6806055 0.3186965 0.4129279 
B          0.5049518 0.0000000 0.7330027 0.6273920 0.6055520 0.5258721 0.9261968 0.7977048 0.4298663 0.4934932 
C          0.6530402 0.7330027 0.0000000 0.6901020 0.7114049 0.6495173 1.0672505 0.8425554 0.5746156 0.6454325 
D          0.6068822 0.6273920 0.6901020 0.0000000 0.6872560 0.5454304 0.9221052 0.8384733 0.4937302 0.5927918 
E          0.5270141 0.6055520 0.7114049 0.6872560 0.0000000 0.4847931 0.7933211 0.6334139 0.3830734 0.3848447 
F          0.4232287 0.5258721 0.6495173 0.5454304 0.4847931 0.0000000 0.7089608 0.6322592 0.3042817 0.4019519 
G          0.7919749 0.9261968 1.0672505 0.9221052 0.7933211 0.7089608 0.0000000 1.0402344 0.6202468 0.7929628 
H          0.6806055 0.7977048 0.8425554 0.8384733 0.6334139 0.6322592 1.0402344 0.0000000 0.5320593 0.4552341 
I          0.3186965 0.4298663 0.5746156 0.4937302 0.3830734 0.3042817 0.6202468 0.5320593 0.0000000 0.2508332 
J          0.4129279 0.4934932 0.6454325 0.5927918 0.3848447 0.4019519 0.7929628 0.4552341 0.2508332 0.0000000 
