10
A          0.0000000 0.6255698 0.6538935 0.6040917 0.5530686 0.4699944 0.7882906 0.7302833 0.3746588 0.4222354 
B          0.6255698 0.0000000 0.6426838 0.6421428 0.5818778 0.5170534 0.8297182 0.7763432 0.3796252 0.4556587 
C          0.6538935 0.6426838 0.0000000 0.7273245 0.8097321 0.6075267 0.9823423 0.7801700 0.5586399 0.5973041 
D          0.6040917 0.6421428 0.7273245 0.0000000 0.5925236 0.4934554 0.8240179 0.7172254 0.4392519 0.4464231 
E          0.5530686 0.5818778 0.8097321 0.5925236 0.0000000 0.5160118 0.7818042 0.6949251 0.3962729 0.4195187 
F          0.4699944 0.5170534 0.6075267 0.4934554 0.5160118 0.0000000 0.8301975 0.5907178 0.2991797 0.3234352 
G          0.7882906 0.8297182 0.9823423 0.8240179 0.7818042 0.8301975 0.0000000 0.9833068 0.6163849 0.6348844 
H          0.7302833 0.7763432 0.7801700 0.7172254 0.6949251 0.5907178 0.9833068 0.0000000 0.4509053 0.5232213 
I          0.3746588 0.3796252 0.5586399 0.4392519 0.3962729 0.2991797 0.6163849 0.4509053 0.0000000 0.2198278 
J          0.4222354 0.4556587 0.5973041 0.4464231 0.4195187 0.3234352 0.6348844 0.5232213 0.2198278 0.0000000 
