10
A          0.0000000 0.5692037 0.6932003 0.6679707 0.6135844 0.5262923 0.8260792 0.6726715 0.3320681 0.4416772 
B          0.5692037 0.0000000 0.8123027 0.7036434 0.6058201 0.5275056 0.8831979 0.7866397 0.4214864 0.4795847 
C          0.6932003 0.8123027 0.0000000 0.8070513 0.7411301 0.6397818 1.1390326 0.8538050 0.5853135 0.5880441 
D          0.6679707 0.7036434 0.8070513 0.0000000 0.6236032 0.5194324 0.9753196 0.7968182 0.4905956 0.4917232 
E          0.6135844 0.6058201 0.7411301 0.6236032 0.0000000 0.4659822 0.7634762 0.7210041 0.3736302 0.4197960 
F          0.5262923 0.5275056 0.6397818 0.5194324 0.4659822 0.0000000 0.6686597 0.6349580 0.2902996 0.3338669 
G          0.8260792 0.8831979 1.1390326 0.9753196 0.7634762 0.6686597 0.0000000 1.0473715 0.6364846 0.7023451 
H          0.6726715 0.7866397 0.8538050 0.7968182 0.7210041 0.6349580 1.0473715 0.0000000 0.5824984 0.5293173 
I          0.3320681 0.4214864 0.5853135 0.4905956 0.3736302 0.2902996 0.6364846 0.5824984 0.0000000 0.2684821 
J          0.4416772 0.4795847 0.5880441 0.4917232 0.4197960 0.3338669 0.7023451 0.5293173 0.2684821 0.0000000 
