10
A          0.0000000 0.6447805 0.8849039 0.7779815 0.6546686 0.5468163 1.1174522 0.7161560 0.4208082 0.4452454 
B          0.6447805 0.0000000 0.8874914 0.7548433 0.6700047 0.5245062 1.0674858 0.6631571 0.4301141 0.4639215 
C          0.8849039 0.8874914 0.0000000 0.9548125 0.9267920 0.7436033 1.3386792 0.9777653 0.6663165 0.7458375 
D          0.7779815 0.7548433 0.9548125 0.0000000 0.7973076 0.6322785 1.1501267 0.9018498 0.5857979 0.5397968 
E          0.6546686 0.6700047 0.9267920 0.7973076 0.0000000 0.6022679 1.0770475 0.7580935 0.4300180 0.4843780 
F          0.5468163 0.5245062 0.7436033 0.6322785 0.6022679 0.0000000 0.8885916 0.6163917 0.3112047 0.4052816 
G          1.1174522 1.0674858 1.3386792 1.1501267 1.0770475 0.8885916 0.0000000 1.1102272 0.8036873 0.9406756 
H          0.7161560 0.6631571 0.9777653 0.9018498 0.7580935 0.6163917 1.1102272 0.0000000 0.5367123 0.6225724 
I          0.4208082 0.4301141 0.6663165 0.5857979 0.4300180 0.3112047 0.8036873 0.5367123 0.0000000 0.2392311 
J          0.4452454 0.4639215 0.7458375 0.5397968 0.4843780 0.4052816 0.9406756 0.6225724 0.2392311 0.0000000 
