10
A          0.0000000 0.6328635 0.7643751 0.6836232 0.4554807 0.5042396 0.7632122 0.6790414 0.3760734 0.3672217 
B          0.6328635 0.0000000 0.8179114 0.7483313 0.6799991 0.5742453 0.8633101 0.8040268 0.4537463 0.4981524 
C          0.7643751 0.8179114 0.0000000 0.8951903 0.7536109 0.6855683 0.9987743 1.0873114 0.6368013 0.6774894 
D          0.6836232 0.7483313 0.8951903 0.0000000 0.6834934 0.6983644 0.9154836 0.8711484 0.5620787 0.6057401 
E          0.4554807 0.6799991 0.7536109 0.6834934 0.0000000 0.5634081 0.7576023 0.7728022 0.4034541 0.4265458 
F          0.5042396 0.5742453 0.6855683 0.6983644 0.5634081 0.0000000 0.6808933 0.6927738 0.3678053 0.4068201 
G          0.7632122 0.8633101 0.9987743 0.9154836 0.7576023 0.6808933 0.0000000 1.0687545 0.5979951 0.7249398 
H          0.6790414 0.8040268 1.0873114 0.8711484 0.7728022 0.6927738 1.0687545 0.0000000 0.6071180 0.5482225 
I          0.3760734 0.4537463 0.6368013 0.5620787 0.4034541 0.3678053 0.5979951 0.6071180 0.0000000 0.2659248 
J          0.3672217 0.4981524 0.6774894 0.6057401 0.4265458 0.4068201 0.7249398 0.5482225 0.2659248 0.0000000 
