10
A          0.0000000 0.5885318 0.9607357 0.5932643 0.5886951 0.5237763 0.7492804 0.7555112 0.3307544 0.4512325 
B          0.5885318 0.0000000 0.9267733 0.7136382 0.5771584 0.5863266 0.9906240 0.6696088 0.3768304 0.4754687 
C          0.9607357 0.9267733 0.0000000 0.9714178 0.9872660 1.0302604 1.1968782 0.9991470 0.6174822 0.8050237 
D          0.5932643 0.7136382 0.9714178 0.0000000 0.8026559 0.6708741 0.9605127 0.8454688 0.4621405 0.5723388 
E          0.5886951 0.5771584 0.9872660 0.8026559 0.0000000 0.7275226 0.9254265 0.7727801 0.4294640 0.5069474 
F          0.5237763 0.5863266 1.0302604 0.6708741 0.7275226 0.0000000 0.7401300 0.7347848 0.3439012 0.4503032 
G          0.7492804 0.9906240 1.1968782 0.9605127 0.9254265 0.7401300 0.0000000 1.0655585 0.5546999 0.7509969 
H          0.7555112 0.6696088 0.9991470 0.8454688 0.7727801 0.7347848 1.0655585 0.0000000 0.5228084 0.5668262 
I          0.3307544 0.3768304 0.6174822 0.4621405 0.4294640 0.3439012 0.5546999 0.5228084 0.0000000 0.2388389 
J          0.4512325 0.4754687 0.8050237 0.5723388 0.5069474 0.4503032 0.7509969 0.5668262 0.2388389 0.0000000 
