10
A          0.0000000 0.6371970 0.7580075 0.7459576 0.6645010 0.5305387 0.9707924 0.7735262 0.3781212 0.4702445 
B          0.6371970 0.0000000 0.8734950 0.7659731 0.6768866 0.6493125 0.8497330 0.8245083 0.4589653 0.4826011 
C          0.7580075 0.8734950 0.0000000 1.0052073 0.8431555 0.7660992 1.2138316 0.9950142 0.6089070 0.6460769 
D          0.7459576 0.7659731 1.0052073 0.0000000 0.8859496 0.6401515 1.1262598 0.9922265 0.5593885 0.5630326 
E          0.6645010 0.6768866 0.8431555 0.8859496 0.0000000 0.5717552 1.0881253 0.8050265 0.4519358 0.5195513 
F          0.5305387 0.6493125 0.7660992 0.6401515 0.5717552 0.0000000 0.8193717 0.6817707 0.3180632 0.3668511 
G          0.9707924 0.8497330 1.2138316 1.1262598 1.0881253 0.8193717 0.0000000 1.1266730 0.7767214 0.8613066 
H          0.7735262 0.8245083 0.9950142 0.9922265 0.8050265 0.6817707 1.1266730 0.0000000 0.5147884 0.5425731 
I          0.3781212 0.4589653 0.6089070 0.5593885 0.4519358 0.3180632 0.7767214 0.5147884 0.0000000 0.2447340 
J          0.4702445 0.4826011 0.6460769 0.5630326 0.5195513 0.3668511 0.8613066 0.5425731 0.2447340 0.0000000 
