10
A          0.0000000 0.6258047 0.6982211 0.6685242 0.5679870 0.4844918 0.7690396 0.7067464 0.3463845 0.3959159 
B          0.6258047 0.0000000 0.8092729 0.7068632 0.5954795 0.5329948 0.7637975 0.7416226 0.4185539 0.4752528 
C          0.6982211 0.8092729 0.0000000 0.8243775 0.8265116 0.6708730 0.9681390 0.9889558 0.6295240 0.6746787 
D          0.6685242 0.7068632 0.8243775 0.0000000 0.7048956 0.7059148 0.9329558 0.7913804 0.5313285 0.5525654 
E          0.5679870 0.5954795 0.8265116 0.7048956 0.0000000 0.5816654 0.8045741 0.7451008 0.4141241 0.4728882 
F          0.4844918 0.5329948 0.6708730 0.7059148 0.5816654 0.0000000 0.6718633 0.6179321 0.3051031 0.3379244 
G          0.7690396 0.7637975 0.9681390 0.9329558 0.8045741 0.6718633 0.0000000 0.9223202 0.5682204 0.6396926 
H          0.7067464 0.7416226 0.9889558 0.7913804 0.7451008 0.6179321 0.9223202 0.0000000 0.5652927 0.6135709 
I          0.3463845 0.4185539 0.6295240 0.5313285 0.4141241 0.3051031 0.5682204 0.5652927 0.0000000 0.2190547 
J          0.3959159 0.4752528 0.6746787 0.5525654 0.4728882 0.3379244 0.6396926 0.6135709 0.2190547 0.0000000 
