10
A          0.0000000 0.6171389 0.6525745 0.6077089 0.9193898 0.7957279 0.8082590 0.3998198 0.6306630 0.5085263 
B          0.6171389 0.0000000 0.5799985 0.5188440 0.8058292 0.7159833 0.7163330 0.3347943 0.5306759 0.4165248 
C          0.6525745 0.5799985 0.0000000 0.5515112 0.8323429 0.7854373 0.7070092 0.3929671 0.5793910 0.4516627 
D          0.6077089 0.5188440 0.5515112 0.0000000 0.7683961 0.7256612 0.7155086 0.3082519 0.5238962 0.4049884 
E          0.9193898 0.8058292 0.8323429 0.7683961 0.0000000 1.0229923 0.9625294 0.6106758 0.7604066 0.6819224 
F          0.7957279 0.7159833 0.7854373 0.7256612 1.0229923 0.0000000 0.9192063 0.5160999 0.6721121 0.5848824 
G          0.8082590 0.7163330 0.7070092 0.7155086 0.9625294 0.9192063 0.0000000 0.5387279 0.6939209 0.6318622 
H          0.3998198 0.3347943 0.3929671 0.3082519 0.6106758 0.5160999 0.5387279 0.0000000 0.3180846 0.1986796 
I          0.6306630 0.5306759 0.5793910 0.5238962 0.7604066 0.6721121 0.6939209 0.3180846 0.0000000 0.4267833 
J          0.5085263 0.4165248 0.4516627 0.4049884 0.6819224 0.5848824 0.6318622 0.1986796 0.4267833 0.0000000 
