10
A          0.0000000 0.5683012 0.6691769 0.5325581 0.7937150 0.8028524 0.7610846 0.3894972 0.5868232 0.4817689 
B          0.5683012 0.0000000 0.5894130 0.4863974 0.7400815 0.7201490 0.6780807 0.3431501 0.5616960 0.4076680 
C          0.6691769 0.5894130 0.0000000 0.5805539 0.8109774 0.8146260 0.7182939 0.3827534 0.6192112 0.4850563 
D          0.5325581 0.4863974 0.5805539 0.0000000 0.6864293 0.6744453 0.6256188 0.2837983 0.4860484 0.3770025 
E          0.7937150 0.7400815 0.8109774 0.6864293 0.0000000 0.8743279 0.8369064 0.5093141 0.7188879 0.5755689 
F          0.8028524 0.7201490 0.8146260 0.6744453 0.8743279 0.0000000 0.8330707 0.4926648 0.6305593 0.5756450 
G          0.7610846 0.6780807 0.7182939 0.6256188 0.8369064 0.8330707 0.0000000 0.4988910 0.6885922 0.5750665 
H          0.3894972 0.3431501 0.3827534 0.2837983 0.5093141 0.4926648 0.4988910 0.0000000 0.3110303 0.2031271 
I          0.5868232 0.5616960 0.6192112 0.4860484 0.7188879 0.6305593 0.6885922 0.3110303 0.0000000 0.4168933 
J          0.4817689 0.4076680 0.4850563 0.3770025 0.5755689 0.5756450 0.5750665 0.2031271 0.4168933 0.0000000 
