10
A          0.0000000 0.8204339 0.7408646 0.6112039 1.0442116 0.8421410 0.9562186 0.4985672 0.7965545 0.6668622 
B          0.8204339 0.0000000 0.7526839 0.6513375 0.8022079 0.8620905 0.9342411 0.4769002 0.6412300 0.4902467 
C          0.7408646 0.7526839 0.0000000 0.6983080 1.0765432 0.9021439 0.8808823 0.4280497 0.7366217 0.6127594 
D          0.6112039 0.6513375 0.6983080 0.0000000 0.9476793 0.7807921 0.8113610 0.4213249 0.6674848 0.5177998 
E          1.0442116 0.8022079 1.0765432 0.9476793 0.0000000 1.0908120 1.3095349 0.7553113 0.9577899 0.7713603 
F          0.8421410 0.8620905 0.9021439 0.7807921 1.0908120 0.0000000 0.9882204 0.5786464 0.8610656 0.7965283 
G          0.9562186 0.9342411 0.8808823 0.8113610 1.3095349 0.9882204 0.0000000 0.6814618 0.8840719 0.8010809 
H          0.4985672 0.4769002 0.4280497 0.4213249 0.7553113 0.5786464 0.6814618 0.0000000 0.4716724 0.3428640 
I          0.7965545 0.6412300 0.7366217 0.6674848 0.9577899 0.8610656 0.8840719 0.4716724 0.0000000 0.4147719 
J          0.6668622 0.4902467 0.6127594 0.5177998 0.7713603 0.7965283 0.8010809 0.3428640 0.4147719 0.0000000 
