10
A          0.0000000 0.5761847 0.6549700 0.5576242 0.7766713 0.6976820 0.7186423 0.3864410 0.5334511 0.4293681 
B          0.5761847 0.0000000 0.6252533 0.5505764 0.7035173 0.6962251 0.7521355 0.3756998 0.5371507 0.4235889 
C          0.6549700 0.6252533 0.0000000 0.5974426 0.7745974 0.7448915 0.8037831 0.4151655 0.6135898 0.4761306 
D          0.5576242 0.5505764 0.5974426 0.0000000 0.6861074 0.6776379 0.7319084 0.3076992 0.4764126 0.3712834 
E          0.7766713 0.7035173 0.7745974 0.6861074 0.0000000 0.7607609 0.8855179 0.4912112 0.6486686 0.5381167 
F          0.6976820 0.6962251 0.7448915 0.6776379 0.7607609 0.0000000 0.8579069 0.4739448 0.6727437 0.5201923 
G          0.7186423 0.7521355 0.8037831 0.7319084 0.8855179 0.8579069 0.0000000 0.5632076 0.7174212 0.5477504 
H          0.3864410 0.3756998 0.4151655 0.3076992 0.4912112 0.4739448 0.5632076 0.0000000 0.3048109 0.1859352 
I          0.5334511 0.5371507 0.6135898 0.4764126 0.6486686 0.6727437 0.7174212 0.3048109 0.0000000 0.3599945 
J          0.4293681 0.4235889 0.4761306 0.3712834 0.5381167 0.5201923 0.5477504 0.1859352 0.3599945 0.0000000 
