10
A          0.0000000 0.5874097 0.6303683 0.5041599 0.8747732 0.7841228 0.8132425 0.3578829 0.5946476 0.4373391 
B          0.5874097 0.0000000 0.6666262 0.5133733 0.8154471 0.7212876 0.8410465 0.3370173 0.5913464 0.4285116 
C          0.6303683 0.6666262 0.0000000 0.5588759 0.8560793 0.7549713 0.8822331 0.3950877 0.6688951 0.5306906 
D          0.5041599 0.5133733 0.5588759 0.0000000 0.7363190 0.6040756 0.7873004 0.2909252 0.5393784 0.3800887 
E          0.8747732 0.8154471 0.8560793 0.7363190 0.0000000 0.9554837 1.0677468 0.5829754 0.8185250 0.6900070 
F          0.7841228 0.7212876 0.7549713 0.6040756 0.9554837 0.0000000 1.0030087 0.4962565 0.7091184 0.5954043 
G          0.8132425 0.8410465 0.8822331 0.7873004 1.0677468 1.0030087 0.0000000 0.5811461 0.7919616 0.7212829 
H          0.3578829 0.3370173 0.3950877 0.2909252 0.5829754 0.4962565 0.5811461 0.0000000 0.3486440 0.1884391 
I          0.5946476 0.5913464 0.6688951 0.5393784 0.8185250 0.7091184 0.7919616 0.3486440 0.0000000 0.4354612 
J          0.4373391 0.4285116 0.5306906 0.3800887 0.6900070 0.5954043 0.7212829 0.1884391 0.4354612 0.0000000 
