10
A          0.0000000 0.5953990 0.6790046 0.5550535 0.8520221 0.7634834 0.8053513 0.3819475 0.6180291 0.4665577 
B          0.5953990 0.0000000 0.5736392 0.5287691 0.7602574 0.7008287 0.7385466 0.3339652 0.5270729 0.4105985 
C          0.6790046 0.5736392 0.0000000 0.5349123 0.8168488 0.7855364 0.8235479 0.3511370 0.6122509 0.4328263 
D          0.5550535 0.5287691 0.5349123 0.0000000 0.7559071 0.6778768 0.6975183 0.2644485 0.4789932 0.3515465 
E          0.8520221 0.7602574 0.8168488 0.7559071 0.0000000 0.9839598 0.9310788 0.5683054 0.8078028 0.6447458 
F          0.7634834 0.7008287 0.7855364 0.6778768 0.9839598 0.0000000 0.8684985 0.4737029 0.7517313 0.5695520 
G          0.8053513 0.7385466 0.8235479 0.6975183 0.9310788 0.8684985 0.0000000 0.5061197 0.7478964 0.5696956 
H          0.3819475 0.3339652 0.3511370 0.2644485 0.5683054 0.4737029 0.5061197 0.0000000 0.3195304 0.1669304 
I          0.6180291 0.5270729 0.6122509 0.4789932 0.8078028 0.7517313 0.7478964 0.3195304 0.0000000 0.3672865 
J          0.4665577 0.4105985 0.4328263 0.3515465 0.6447458 0.5695520 0.5696956 0.1669304 0.3672865 0.0000000 
