10
A          0.0000000 0.5664992 0.6148190 0.5577462 0.7264394 0.7681134 0.7442882 0.3543528 0.5751442 0.4379763 
B          0.5664992 0.0000000 0.5867633 0.4933862 0.7220519 0.7182052 0.7335623 0.3253119 0.5540898 0.3971805 
C          0.6148190 0.5867633 0.0000000 0.5673805 0.6919788 0.7763303 0.7320779 0.4134051 0.5862262 0.4840221 
D          0.5577462 0.4933862 0.5673805 0.0000000 0.6654434 0.7080517 0.6973775 0.3078641 0.4853818 0.3738126 
E          0.7264394 0.7220519 0.6919788 0.6654434 0.0000000 0.8844715 0.8913139 0.5242537 0.7126324 0.5678300 
F          0.7681134 0.7182052 0.7763303 0.7080517 0.8844715 0.0000000 0.9327962 0.5138971 0.7637850 0.6112637 
G          0.7442882 0.7335623 0.7320779 0.6973775 0.8913139 0.9327962 0.0000000 0.5192509 0.6880864 0.5981885 
H          0.3543528 0.3253119 0.4134051 0.3078641 0.5242537 0.5138971 0.5192509 0.0000000 0.3504738 0.2033360 
I          0.5751442 0.5540898 0.5862262 0.4853818 0.7126324 0.7637850 0.6880864 0.3504738 0.0000000 0.4000095 
J          0.4379763 0.3971805 0.4840221 0.3738126 0.5678300 0.6112637 0.5981885 0.2033360 0.4000095 0.0000000 
