10
A          0.0000000 0.6364976 0.6624019 0.5271659 0.7463059 0.7701452 0.8449567 0.3869797 0.5524887 0.4615866 
B          0.6364976 0.0000000 0.6244442 0.5497663 0.7706936 0.8186837 0.8381788 0.3599397 0.6065973 0.4371706 
C          0.6624019 0.6244442 0.0000000 0.5763012 0.8232622 0.8569369 0.8481371 0.4254966 0.6109347 0.4679486 
D          0.5271659 0.5497663 0.5763012 0.0000000 0.7186332 0.6918536 0.7893934 0.3023818 0.5016481 0.3549818 
E          0.7463059 0.7706936 0.8232622 0.7186332 0.0000000 0.9624396 0.9999092 0.5549387 0.6936945 0.6087276 
F          0.7701452 0.8186837 0.8569369 0.6918536 0.9624396 0.0000000 0.9444281 0.5384548 0.7684759 0.6021589 
G          0.8449567 0.8381788 0.8481371 0.7893934 0.9999092 0.9444281 0.0000000 0.5618776 0.7128958 0.6797169 
H          0.3869797 0.3599397 0.4254966 0.3023818 0.5549387 0.5384548 0.5618776 0.0000000 0.3200378 0.2034690 
I          0.5524887 0.6065973 0.6109347 0.5016481 0.6936945 0.7684759 0.7128958 0.3200378 0.0000000 0.3699925 
J          0.4615866 0.4371706 0.4679486 0.3549818 0.6087276 0.6021589 0.6797169 0.2034690 0.3699925 0.0000000 
