10
A          0.0000000 0.6624095 0.7939582 0.5886962 0.8366294 0.8347712 0.8489549 0.4341993 0.6263724 0.5174583 
B          0.6624095 0.0000000 0.7277231 0.5441617 0.7956414 0.8634369 0.7907135 0.4131657 0.6193800 0.4813714 
C          0.7939582 0.7277231 0.0000000 0.6875332 0.8708733 0.9042473 0.9181907 0.4565898 0.6871662 0.5490646 
D          0.5886962 0.5441617 0.6875332 0.0000000 0.7951796 0.7001908 0.7639427 0.3270591 0.5312236 0.3897534 
E          0.8366294 0.7956414 0.8708733 0.7951796 0.0000000 1.0215461 0.9539336 0.5818558 0.7261543 0.6342907 
F          0.8347712 0.8634369 0.9042473 0.7001908 1.0215461 0.0000000 0.9304342 0.5748120 0.8210861 0.6061061 
G          0.8489549 0.7907135 0.9181907 0.7639427 0.9539336 0.9304342 0.0000000 0.5476101 0.8276313 0.6468872 
H          0.4341993 0.4131657 0.4565898 0.3270591 0.5818558 0.5748120 0.5476101 0.0000000 0.3571049 0.2042267 
I          0.6263724 0.6193800 0.6871662 0.5312236 0.7261543 0.8210861 0.8276313 0.3571049 0.0000000 0.4174951 
J          0.5174583 0.4813714 0.5490646 0.3897534 0.6342907 0.6061061 0.6468872 0.2042267 0.4174951 0.0000000 
