10
A          0.0000000 0.5690939 0.6379572 0.5663822 0.8493004 0.7963432 0.7791985 0.3719467 0.5642563 0.4454792 
B          0.5690939 0.0000000 0.6523235 0.5700028 0.8003906 0.7677237 0.8133820 0.3681773 0.4996767 0.4233503 
C          0.6379572 0.6523235 0.0000000 0.6656546 0.8689147 0.8511928 0.8830775 0.4176731 0.5893383 0.4731738 
D          0.5663822 0.5700028 0.6656546 0.0000000 0.8599863 0.7103247 0.7785845 0.3391631 0.5378659 0.4135025 
E          0.8493004 0.8003906 0.8689147 0.8599863 0.0000000 1.0546483 1.0299859 0.5799175 0.7467471 0.6572060 
F          0.7963432 0.7677237 0.8511928 0.7103247 1.0546483 0.0000000 0.9964229 0.5548129 0.7494917 0.5898268 
G          0.7791985 0.8133820 0.8830775 0.7785845 1.0299859 0.9964229 0.0000000 0.5475785 0.7619814 0.6192189 
H          0.3719467 0.3681773 0.4176731 0.3391631 0.5799175 0.5548129 0.5475785 0.0000000 0.3174384 0.2034011 
I          0.5642563 0.4996767 0.5893383 0.5378659 0.7467471 0.7494917 0.7619814 0.3174384 0.0000000 0.3853315 
J          0.4454792 0.4233503 0.4731738 0.4135025 0.6572060 0.5898268 0.6192189 0.2034011 0.3853315 0.0000000 
