10
A          0.0000000 0.7297400 0.7759165 0.6068975 0.9496949 0.9182565 1.0131504 0.4526533 0.7550606 0.5557501 
B          0.7297400 0.0000000 0.7203944 0.5683808 0.8197482 0.9375700 0.9234033 0.3605317 0.5764759 0.4119455 
C          0.7759165 0.7203944 0.0000000 0.6248484 0.9902250 0.8883663 0.9260096 0.4018304 0.6546697 0.5198436 
D          0.6068975 0.5683808 0.6248484 0.0000000 0.9389535 0.7706992 0.7845848 0.3270927 0.5924795 0.4407416 
E          0.9496949 0.8197482 0.9902250 0.9389535 0.0000000 1.1599003 1.2718942 0.6761731 0.9665934 0.8126520 
F          0.9182565 0.9375700 0.8883663 0.7706992 1.1599003 0.0000000 1.0076487 0.6062540 0.8725513 0.6920145 
G          1.0131504 0.9234033 0.9260096 0.7845848 1.2718942 1.0076487 0.0000000 0.5925073 0.9170858 0.7268568 
H          0.4526533 0.3605317 0.4018304 0.3270927 0.6761731 0.6062540 0.5925073 0.0000000 0.3598469 0.2040910 
I          0.7550606 0.5764759 0.6546697 0.5924795 0.9665934 0.8725513 0.9170858 0.3598469 0.0000000 0.3766391 
J          0.5557501 0.4119455 0.5198436 0.4407416 0.8126520 0.6920145 0.7268568 0.2040910 0.3766391 0.0000000 
