10
A          0.0000000 0.5217727 0.8246601 0.4500728 0.4428486 0.8229485 0.5027683 0.6099684 0.6656747 0.6718613 
B          0.5217727 0.0000000 0.7895662 0.5184979 0.4575721 0.8460524 0.5739535 0.6114615 0.6675322 0.6612184 
C          0.8246601 0.7895662 0.0000000 0.6510180 0.7278494 1.0143494 0.7385658 0.7399387 0.8233654 0.8031224 
D          0.4500728 0.5184979 0.6510180 0.0000000 0.3826674 0.7658776 0.4458587 0.4267209 0.6023018 0.5262423 
E          0.4428486 0.4575721 0.7278494 0.3826674 0.0000000 0.8910494 0.4628427 0.4517699 0.5407269 0.5640897 
F          0.8229485 0.8460524 1.0143494 0.7658776 0.8910494 0.0000000 0.8645536 0.8520666 0.9613663 0.9195121 
G          0.5027683 0.5739535 0.7385658 0.4458587 0.4628427 0.8645536 0.0000000 0.5921465 0.6553458 0.6455911 
H          0.6099684 0.6114615 0.7399387 0.4267209 0.4517699 0.8520666 0.5921465 0.0000000 0.7240839 0.5858376 
I          0.6656747 0.6675322 0.8233654 0.6023018 0.5407269 0.9613663 0.6553458 0.7240839 0.0000000 0.7416121 
J          0.6718613 0.6612184 0.8031224 0.5262423 0.5640897 0.9195121 0.6455911 0.5858376 0.7416121 0.0000000 
