10
A          0.0000000 0.4827810 0.8766574 0.6065468 0.3967213 0.8768594 0.5905094 0.6900977 0.8700236 0.6729791 
B          0.4827810 0.0000000 0.8256704 0.6705271 0.4387175 0.8826496 0.6150318 0.6015565 0.7368179 0.7091020 
C          0.8766574 0.8256704 0.0000000 0.6452365 0.7698861 1.0296928 0.8619220 0.8096243 0.9070855 0.8080643 
D          0.6065468 0.6705271 0.6452365 0.0000000 0.5696334 0.7852683 0.6528588 0.5578307 0.8354957 0.5520627 
E          0.3967213 0.4387175 0.7698861 0.5696334 0.0000000 0.9546347 0.5328445 0.5756551 0.7157772 0.6202999 
F          0.8768594 0.8826496 1.0296928 0.7852683 0.9546347 0.0000000 1.1231586 0.7875855 1.1751500 0.8300732 
G          0.5905094 0.6150318 0.8619220 0.6528588 0.5328445 1.1231586 0.0000000 0.6625831 0.6929265 0.5965225 
H          0.6900977 0.6015565 0.8096243 0.5578307 0.5756551 0.7875855 0.6625831 0.0000000 0.8317739 0.6463837 
I          0.8700236 0.7368179 0.9070855 0.8354957 0.7157772 1.1751500 0.6929265 0.8317739 0.0000000 0.8579072 
J          0.6729791 0.7091020 0.8080643 0.5520627 0.6202999 0.8300732 0.5965225 0.6463837 0.8579072 0.0000000 
