10
A          0.0000000 0.5675921 0.8208238 0.7731482 0.5259147 0.8753899 0.6369363 0.6790306 0.9050000 0.7537964 
B          0.5675921 0.0000000 1.0155141 0.6848047 0.5761591 0.8537361 0.5830758 0.6156057 0.8571086 0.7775351 
C          0.8208238 1.0155141 0.0000000 0.7706532 0.9494163 0.9145573 0.9208775 0.8477751 0.9123557 0.8632913 
D          0.7731482 0.6848047 0.7706532 0.0000000 0.6694919 0.6955692 0.6199943 0.4748853 0.7647258 0.6334921 
E          0.5259147 0.5761591 0.9494163 0.6694919 0.0000000 0.7905551 0.5783121 0.5362219 0.8280307 0.6855423 
F          0.8753899 0.8537361 0.9145573 0.6955692 0.7905551 0.0000000 0.7919642 0.6823720 0.9121877 0.7712975 
G          0.6369363 0.5830758 0.9208775 0.6199943 0.5783121 0.7919642 0.0000000 0.5809795 0.6767772 0.6965617 
H          0.6790306 0.6156057 0.8477751 0.4748853 0.5362219 0.6823720 0.5809795 0.0000000 0.7687161 0.6253307 
I          0.9050000 0.8571086 0.9123557 0.7647258 0.8280307 0.9121877 0.6767772 0.7687161 0.0000000 0.9089360 
J          0.7537964 0.7775351 0.8632913 0.6334921 0.6855423 0.7712975 0.6965617 0.6253307 0.9089360 0.0000000 
