10
A          0.0000000 0.6400749 0.7856375 0.5427039 0.5484920 0.7780596 0.6361768 0.7108601 0.8084895 0.6601209 
B          0.6400749 0.0000000 0.7256894 0.5640058 0.5541001 0.6904717 0.5250503 0.6407920 0.8022963 0.6253263 
C          0.7856375 0.7256894 0.0000000 0.7290321 0.7188745 0.9964486 0.8066166 0.8958806 1.0268599 0.8212983 
D          0.5427039 0.5640058 0.7290321 0.0000000 0.4881700 0.7376945 0.5918467 0.5877596 0.8567822 0.5778362 
E          0.5484920 0.5541001 0.7188745 0.4881700 0.0000000 0.7512050 0.5009269 0.5251769 0.8402492 0.5949366 
F          0.7780596 0.6904717 0.9964486 0.7376945 0.7512050 0.0000000 0.7549515 0.9494041 1.0018805 0.8163681 
G          0.6361768 0.5250503 0.8066166 0.5918467 0.5009269 0.7549515 0.0000000 0.6278483 0.7456592 0.5793060 
H          0.7108601 0.6407920 0.8958806 0.5877596 0.5251769 0.9494041 0.6278483 0.0000000 0.9255706 0.6272021 
I          0.8084895 0.8022963 1.0268599 0.8567822 0.8402492 1.0018805 0.7456592 0.9255706 0.0000000 0.9572607 
J          0.6601209 0.6253263 0.8212983 0.5778362 0.5949366 0.8163681 0.5793060 0.6272021 0.9572607 0.0000000 
