10
A          0.0000000 0.6905859 0.8878857 0.5225702 0.4781722 1.0106443 0.7184085 0.7668900 0.7865897 0.8011067 
B          0.6905859 0.0000000 0.9094245 0.5806188 0.6393537 0.9328871 0.6432292 0.7949272 0.8389299 0.7554344 
C          0.8878857 0.9094245 0.0000000 0.7519456 0.7779333 1.0866759 0.8594673 1.0537354 1.1186393 0.8677073 
D          0.5225702 0.5806188 0.7519456 0.0000000 0.5175514 0.7917712 0.5634210 0.6622481 0.8232176 0.6726941 
E          0.4781722 0.6393537 0.7779333 0.5175514 0.0000000 0.8884076 0.5548763 0.6743290 0.8114198 0.6970261 
F          1.0106443 0.9328871 1.0866759 0.7917712 0.8884076 0.0000000 0.8361638 0.9865451 1.1880219 1.0993441 
G          0.7184085 0.6432292 0.8594673 0.5634210 0.5548763 0.8361638 0.0000000 0.7532797 0.8226171 0.7466002 
H          0.7668900 0.7949272 1.0537354 0.6622481 0.6743290 0.9865451 0.7532797 0.0000000 0.9943754 0.8383195 
I          0.7865897 0.8389299 1.1186393 0.8232176 0.8114198 1.1880219 0.8226171 0.9943754 0.0000000 0.9156828 
J          0.8011067 0.7554344 0.8677073 0.6726941 0.6970261 1.0993441 0.7466002 0.8383195 0.9156828 0.0000000 
