10
A          0.0000000 0.7274913 0.9668585 0.6796548 0.5027871 0.8777425 0.7438155 0.6272393 0.7980397 0.7847919 
B          0.7274913 0.0000000 0.9491576 0.6120978 0.5645633 0.8918348 0.6321300 0.6159701 0.9041379 0.8104642 
C          0.9668585 0.9491576 0.0000000 0.7341709 0.7670784 0.9663087 0.9363769 0.8057025 0.9718864 0.8518471 
D          0.6796548 0.6120978 0.7341709 0.0000000 0.6769349 0.7435331 0.6340974 0.5555512 0.8133261 0.6254557 
E          0.5027871 0.5645633 0.7670784 0.6769349 0.0000000 0.8401442 0.5882437 0.5641110 0.7050338 0.6998029 
F          0.8777425 0.8918348 0.9663087 0.7435331 0.8401442 0.0000000 0.8906079 0.8648166 1.0966941 0.7883549 
G          0.7438155 0.6321300 0.9363769 0.6340974 0.5882437 0.8906079 0.0000000 0.5676546 0.7311018 0.7709228 
H          0.6272393 0.6159701 0.8057025 0.5555512 0.5641110 0.8648166 0.5676546 0.0000000 0.8134514 0.6600286 
I          0.7980397 0.9041379 0.9718864 0.8133261 0.7050338 1.0966941 0.7311018 0.8134514 0.0000000 0.8062082 
J          0.7847919 0.8104642 0.8518471 0.6254557 0.6998029 0.7883549 0.7709228 0.6600286 0.8062082 0.0000000 
