10
A          0.0000000 0.5153244 0.7609297 0.5281485 0.5244707 0.8482915 0.5342168 0.6171919 0.7285661 0.5966396 
B          0.5153244 0.0000000 0.8020685 0.5226156 0.5261010 0.9025222 0.5848180 0.6375829 0.7370097 0.6919896 
C          0.7609297 0.8020685 0.0000000 0.6859020 0.7080923 1.1246864 0.7725591 0.8285145 0.8731904 0.8280493 
D          0.5281485 0.5226156 0.6859020 0.0000000 0.4869576 0.7566029 0.5013017 0.5314005 0.6782666 0.5970572 
E          0.5244707 0.5261010 0.7080923 0.4869576 0.0000000 0.7937174 0.5097830 0.5668608 0.7103238 0.6045168 
F          0.8482915 0.9025222 1.1246864 0.7566029 0.7937174 0.0000000 0.7641524 0.8580127 0.9462314 0.9000706 
G          0.5342168 0.5848180 0.7725591 0.5013017 0.5097830 0.7641524 0.0000000 0.5774907 0.6426942 0.6264831 
H          0.6171919 0.6375829 0.8285145 0.5314005 0.5668608 0.8580127 0.5774907 0.0000000 0.7520298 0.6416674 
I          0.7285661 0.7370097 0.8731904 0.6782666 0.7103238 0.9462314 0.6426942 0.7520298 0.0000000 0.6566380 
J          0.5966396 0.6919896 0.8280493 0.5970572 0.6045168 0.9000706 0.6264831 0.6416674 0.6566380 0.0000000 
