10
A          0.0000000 0.5105802 0.6649083 0.4788689 0.5303018 0.7250457 0.5199362 0.5609458 0.6282639 0.5990572 
B          0.5105802 0.0000000 0.7068180 0.4699669 0.5021959 0.6725462 0.4734770 0.5548010 0.5838032 0.6208011 
C          0.6649083 0.7068180 0.0000000 0.6958897 0.6679068 0.9493211 0.7666468 0.7751172 0.7904355 0.7822844 
D          0.4788689 0.4699669 0.6958897 0.0000000 0.4096167 0.6385705 0.4514617 0.5322562 0.5827251 0.5730712 
E          0.5303018 0.5021959 0.6679068 0.4096167 0.0000000 0.6121666 0.4662443 0.4888744 0.5747840 0.5786883 
F          0.7250457 0.6725462 0.9493211 0.6385705 0.6121666 0.0000000 0.7167716 0.7617925 0.8033566 0.8916553 
G          0.5199362 0.4734770 0.7666468 0.4514617 0.4662443 0.7167716 0.0000000 0.5198913 0.5570210 0.6154490 
H          0.5609458 0.5548010 0.7751172 0.5322562 0.4888744 0.7617925 0.5198913 0.0000000 0.5955684 0.6071497 
I          0.6282639 0.5838032 0.7904355 0.5827251 0.5747840 0.8033566 0.5570210 0.5955684 0.0000000 0.7434321 
J          0.5990572 0.6208011 0.7822844 0.5730712 0.5786883 0.8916553 0.6154490 0.6071497 0.7434321 0.0000000 
