10
A          0.0000000 0.5160857 0.7743392 0.4802497 0.4373695 0.7886794 0.5517255 0.5829484 0.7047929 0.6102501 
B          0.5160857 0.0000000 0.7653651 0.4890584 0.4329581 0.7641470 0.5024539 0.5581754 0.5836650 0.5835441 
C          0.7743392 0.7653651 0.0000000 0.6871258 0.6870291 0.9992132 0.7334144 0.6944584 1.0294243 0.6552886 
D          0.4802497 0.4890584 0.6871258 0.0000000 0.4334208 0.7591511 0.5129218 0.4671788 0.7969160 0.5472928 
E          0.4373695 0.4329581 0.6870291 0.4334208 0.0000000 0.8072545 0.4453347 0.4682860 0.6173757 0.5351007 
F          0.7886794 0.7641470 0.9992132 0.7591511 0.8072545 0.0000000 0.8582336 0.8394856 0.9383905 0.7810963 
G          0.5517255 0.5024539 0.7334144 0.5129218 0.4453347 0.8582336 0.0000000 0.5254735 0.7141934 0.5788513 
H          0.5829484 0.5581754 0.6944584 0.4671788 0.4682860 0.8394856 0.5254735 0.0000000 0.7091136 0.5474017 
I          0.7047929 0.5836650 1.0294243 0.7969160 0.6173757 0.9383905 0.7141934 0.7091136 0.0000000 0.8006462 
J          0.6102501 0.5835441 0.6552886 0.5472928 0.5351007 0.7810963 0.5788513 0.5474017 0.8006462 0.0000000 
