10
A          0.0000000 0.5286705 1.0803958 0.6865598 0.4436806 1.0511338 0.7278710 0.7540708 0.8026789 0.8282872 
B          0.5286705 0.0000000 1.1059124 0.7150374 0.4997929 0.9346479 0.6691708 0.7093794 0.7832153 0.8028324 
C          1.0803958 1.1059124 0.0000000 0.9031801 1.0170885 1.1944588 1.2292772 1.1636923 1.2657651 1.0916819 
D          0.6865598 0.7150374 0.9031801 0.0000000 0.7037277 0.8416242 0.7376053 0.6940664 0.8255192 0.6741094 
E          0.4436806 0.4997929 1.0170885 0.7037277 0.0000000 0.9596181 0.6422719 0.7193296 0.7910655 0.7919828 
F          1.0511338 0.9346479 1.1944588 0.8416242 0.9596181 0.0000000 0.9245722 0.9777355 1.2735083 1.0335965 
G          0.7278710 0.6691708 1.2292772 0.7376053 0.6422719 0.9245722 0.0000000 0.7553362 0.7178283 0.8840662 
H          0.7540708 0.7093794 1.1636923 0.6940664 0.7193296 0.9777355 0.7553362 0.0000000 0.8188463 0.8645361 
I          0.8026789 0.7832153 1.2657651 0.8255192 0.7910655 1.2735083 0.7178283 0.8188463 0.0000000 0.9073964 
J          0.8282872 0.8028324 1.0916819 0.6741094 0.7919828 1.0335965 0.8840662 0.8645361 0.9073964 0.0000000 
