10
A          0.0000000 0.4833988 0.5749658 0.4519681 0.4606855 0.6657160 0.5217774 0.4856081 0.7010353 0.5876518 
B          0.4833988 0.0000000 0.6468880 0.4548052 0.4456224 0.6952562 0.4797117 0.5387080 0.7147303 0.5367575 
C          0.5749658 0.6468880 0.0000000 0.5623783 0.5414798 0.7189096 0.6374549 0.6665312 0.7359617 0.6623579 
D          0.4519681 0.4548052 0.5623783 0.0000000 0.4229614 0.7042200 0.4809496 0.5009966 0.6762619 0.5141118 
E          0.4606855 0.4456224 0.5414798 0.4229614 0.0000000 0.6254654 0.4270115 0.4976229 0.6954960 0.4885997 
F          0.6657160 0.6952562 0.7189096 0.7042200 0.6254654 0.0000000 0.7080524 0.6462199 0.9857841 0.7677742 
G          0.5217774 0.4797117 0.6374549 0.4809496 0.4270115 0.7080524 0.0000000 0.5491635 0.6264049 0.5795894 
H          0.4856081 0.5387080 0.6665312 0.5009966 0.4976229 0.6462199 0.5491635 0.0000000 0.7809863 0.5666803 
I          0.7010353 0.7147303 0.7359617 0.6762619 0.6954960 0.9857841 0.6264049 0.7809863 0.0000000 0.7043776 
J          0.5876518 0.5367575 0.6623579 0.5141118 0.4885997 0.7677742 0.5795894 0.5666803 0.7043776 0.0000000 
