10
A          0.0000000 0.6958580 0.9572594 0.6386455 0.5022469 0.8232405 0.5842385 0.7028233 0.9089424 0.7018894 
B          0.6958580 0.0000000 0.9131147 0.7486499 0.7323476 0.9486046 0.7371259 0.7534558 0.9895046 0.7830625 
C          0.9572594 0.9131147 0.0000000 0.9826923 1.0030459 1.1645456 0.9860757 0.9973776 1.4239393 1.0998471 
D          0.6386455 0.7486499 0.9826923 0.0000000 0.5319496 0.8427910 0.6545929 0.5968420 1.0633405 0.6906134 
E          0.5022469 0.7323476 1.0030459 0.5319496 0.0000000 0.9397334 0.5891237 0.6476910 0.9802388 0.7343838 
F          0.8232405 0.9486046 1.1645456 0.8427910 0.9397334 0.0000000 0.8497142 0.8988764 1.1108878 0.8979337 
G          0.5842385 0.7371259 0.9860757 0.6545929 0.5891237 0.8497142 0.0000000 0.6196885 0.9499796 0.7969671 
H          0.7028233 0.7534558 0.9973776 0.5968420 0.6476910 0.8988764 0.6196885 0.0000000 0.9113238 0.6927910 
I          0.9089424 0.9895046 1.4239393 1.0633405 0.9802388 1.1108878 0.9499796 0.9113238 0.0000000 0.9208944 
J          0.7018894 0.7830625 1.0998471 0.6906134 0.7343838 0.8979337 0.7969671 0.6927910 0.9208944 0.0000000 
