10
A          0.0000000 0.8034164 1.2026457 0.8183640 0.6888320 1.4950541 0.7895593 0.8359365 0.9996591 0.8938933 
B          0.8034164 0.0000000 1.0779518 0.6023012 0.5613863 1.2330778 0.6705253 0.6775677 0.8410079 0.7638402 
C          1.2026457 1.0779518 0.0000000 0.8801469 1.1373814 1.5160252 1.0387642 0.9921011 1.3533812 1.0175666 
D          0.8183640 0.6023012 0.8801469 0.0000000 0.5793846 0.9453393 0.6608961 0.7358324 0.9089053 0.6349758 
E          0.6888320 0.5613863 1.1373814 0.5793846 0.0000000 1.1056902 0.6611692 0.6858161 0.8458195 0.7378464 
F          1.4950541 1.2330778 1.5160252 0.9453393 1.1056902 0.0000000 1.0706671 1.0509141 1.4131631 1.1789505 
G          0.7895593 0.6705253 1.0387642 0.6608961 0.6611692 1.0706671 0.0000000 0.7577296 0.8759684 0.7154993 
H          0.8359365 0.6775677 0.9921011 0.7358324 0.6858161 1.0509141 0.7577296 0.0000000 1.1530191 0.8139593 
I          0.9996591 0.8410079 1.3533812 0.9089053 0.8458195 1.4131631 0.8759684 1.1530191 0.0000000 1.0164625 
J          0.8938933 0.7638402 1.0175666 0.6349758 0.7378464 1.1789505 0.7154993 0.8139593 1.0164625 0.0000000 
