10
A          0.0000000 0.5185219 0.3990588 0.6041597 0.6054421 0.4804684 0.6190438 0.4756572 0.4421717 0.3824794 
B          0.5185219 0.0000000 0.3630275 0.5230860 0.5993837 0.3864494 0.6264020 0.5212464 0.4354128 0.3694482 
C          0.3990588 0.3630275 0.0000000 0.4547191 0.4522072 0.3089151 0.4721219 0.3546274 0.3163201 0.2763546 
D          0.6041597 0.5230860 0.4547191 0.0000000 0.7114270 0.5478488 0.7265929 0.5634316 0.5198490 0.4529745 
E          0.6054421 0.5993837 0.4522072 0.7114270 0.0000000 0.5444776 0.7719189 0.5779635 0.5824481 0.4980786 
F          0.4804684 0.3864494 0.3089151 0.5478488 0.5444776 0.0000000 0.5544843 0.4091422 0.3786316 0.3433722 
G          0.6190438 0.6264020 0.4721219 0.7265929 0.7719189 0.5544843 0.0000000 0.6167192 0.5400114 0.5174277 
H          0.4756572 0.5212464 0.3546274 0.5634316 0.5779635 0.4091422 0.6167192 0.0000000 0.4374470 0.3849277 
I          0.4421717 0.4354128 0.3163201 0.5198490 0.5824481 0.3786316 0.5400114 0.4374470 0.0000000 0.3659261 
J          0.3824794 0.3694482 0.2763546 0.4529745 0.4980786 0.3433722 0.5174277 0.3849277 0.3659261 0.0000000 
