10
A          0.0000000 0.5443621 0.4636996 0.5855429 0.6165364 0.5401689 0.6366521 0.5384876 0.4886906 0.4689706 
B          0.5443621 0.0000000 0.4232876 0.5610696 0.5946796 0.4218944 0.7368651 0.4734706 0.5095441 0.3481334 
C          0.4636996 0.4232876 0.0000000 0.5051804 0.4857465 0.4220777 0.5155584 0.4334056 0.3941384 0.3694749 
D          0.5855429 0.5610696 0.5051804 0.0000000 0.6422656 0.4957412 0.7969322 0.5334124 0.5477418 0.4730369 
E          0.6165364 0.5946796 0.4857465 0.6422656 0.0000000 0.5322788 0.7223146 0.5900385 0.5915521 0.4985584 
F          0.5401689 0.4218944 0.4220777 0.4957412 0.5322788 0.0000000 0.7085098 0.4182377 0.4723530 0.3184530 
G          0.6366521 0.7368651 0.5155584 0.7969322 0.7223146 0.7085098 0.0000000 0.7211004 0.6140303 0.5851930 
H          0.5384876 0.4734706 0.4334056 0.5334124 0.5900385 0.4182377 0.7211004 0.0000000 0.5166666 0.4358577 
I          0.4886906 0.5095441 0.3941384 0.5477418 0.5915521 0.4723530 0.6140303 0.5166666 0.0000000 0.4165331 
J          0.4689706 0.3481334 0.3694749 0.4730369 0.4985584 0.3184530 0.5851930 0.4358577 0.4165331 0.0000000 
