10
A          0.0000000 0.5094573 0.4020054 0.5356568 0.7058398 0.5176331 0.5958071 0.4910659 0.4438868 0.4646072 
B          0.5094573 0.0000000 0.3292115 0.5082622 0.6171557 0.3586657 0.6223259 0.3469910 0.3530683 0.3372538 
C          0.4020054 0.3292115 0.0000000 0.4000432 0.5588490 0.3558125 0.4867769 0.3368975 0.2925722 0.2939520 
D          0.5356568 0.5082622 0.4000432 0.0000000 0.6873539 0.4661602 0.6910110 0.4642558 0.4250232 0.4253578 
E          0.7058398 0.6171557 0.5588490 0.6873539 0.0000000 0.5955933 0.8512387 0.5842265 0.5796842 0.5320900 
F          0.5176331 0.3586657 0.3558125 0.4661602 0.5955933 0.0000000 0.6505093 0.3895151 0.3708506 0.3345391 
G          0.5958071 0.6223259 0.4867769 0.6910110 0.8512387 0.6505093 0.0000000 0.5926933 0.5621627 0.5431414 
H          0.4910659 0.3469910 0.3368975 0.4642558 0.5842265 0.3895151 0.5926933 0.0000000 0.3532985 0.3258842 
I          0.4438868 0.3530683 0.2925722 0.4250232 0.5796842 0.3708506 0.5621627 0.3532985 0.0000000 0.3235328 
J          0.4646072 0.3372538 0.2939520 0.4253578 0.5320900 0.3345391 0.5431414 0.3258842 0.3235328 0.0000000 
