10
A          0.0000000 0.6672275 0.5540684 0.7893788 0.9992540 0.6159333 0.8488645 0.6734381 0.6502335 0.6198011 
B          0.6672275 0.0000000 0.4846423 0.6707373 0.7538318 0.4604964 0.7580215 0.5303281 0.4938476 0.4091345 
C          0.5540684 0.4846423 0.0000000 0.6042360 0.6176314 0.3983851 0.6503025 0.5146014 0.4009217 0.3923255 
D          0.7893788 0.6707373 0.6042360 0.0000000 0.8190239 0.6300344 0.8463519 0.6822940 0.6414690 0.5312099 
E          0.9992540 0.7538318 0.6176314 0.8190239 0.0000000 0.6635245 1.0351451 0.8696216 0.7249471 0.6761701 
F          0.6159333 0.4604964 0.3983851 0.6300344 0.6635245 0.0000000 0.8184955 0.5177444 0.4932424 0.3166388 
G          0.8488645 0.7580215 0.6503025 0.8463519 1.0351451 0.8184955 0.0000000 0.8381074 0.6631370 0.6834335 
H          0.6734381 0.5303281 0.5146014 0.6822940 0.8696216 0.5177444 0.8381074 0.0000000 0.5352957 0.4904433 
I          0.6502335 0.4938476 0.4009217 0.6414690 0.7249471 0.4932424 0.6631370 0.5352957 0.0000000 0.4405482 
J          0.6198011 0.4091345 0.3923255 0.5312099 0.6761701 0.3166388 0.6834335 0.4904433 0.4405482 0.0000000 
