10
A          0.0000000 0.5724328 0.5573573 0.7066629 0.7134214 0.6147592 0.8568670 0.6827845 0.5201533 0.5009178 
B          0.5724328 0.0000000 0.4469647 0.6128919 0.6569031 0.4903533 0.6952342 0.5257954 0.3957264 0.4049627 
C          0.5573573 0.4469647 0.0000000 0.5646404 0.5885175 0.4474143 0.7154147 0.4853799 0.3711712 0.3968047 
D          0.7066629 0.6128919 0.5646404 0.0000000 0.8762176 0.6619554 0.8663506 0.7635142 0.5636029 0.5102375 
E          0.7134214 0.6569031 0.5885175 0.8762176 0.0000000 0.6094427 0.8583703 0.7630601 0.5850750 0.4972511 
F          0.6147592 0.4903533 0.4474143 0.6619554 0.6094427 0.0000000 0.7059778 0.5641073 0.4435017 0.4099531 
G          0.8568670 0.6952342 0.7154147 0.8663506 0.8583703 0.7059778 0.0000000 0.8295456 0.6840509 0.7176863 
H          0.6827845 0.5257954 0.4853799 0.7635142 0.7630601 0.5641073 0.8295456 0.0000000 0.4749060 0.4704606 
I          0.5201533 0.3957264 0.3711712 0.5636029 0.5850750 0.4435017 0.6840509 0.4749060 0.0000000 0.3531569 
J          0.5009178 0.4049627 0.3968047 0.5102375 0.4972511 0.4099531 0.7176863 0.4704606 0.3531569 0.0000000 
