10
A          0.0000000 0.5040401 0.4200234 0.6777574 0.6854876 0.4540412 0.5647683 0.5388995 0.4977537 0.4640653 
B          0.5040401 0.0000000 0.3514611 0.4887592 0.5820031 0.3990256 0.5262949 0.3951855 0.4271103 0.3788177 
C          0.4200234 0.3514611 0.0000000 0.5059208 0.5796676 0.3914288 0.4618565 0.4472004 0.3938305 0.4080370 
D          0.6777574 0.4887592 0.5059208 0.0000000 0.7077247 0.5366350 0.6408176 0.5962638 0.5420280 0.5427411 
E          0.6854876 0.5820031 0.5796676 0.7077247 0.0000000 0.5837163 0.7027241 0.6509794 0.5727017 0.5998943 
F          0.4540412 0.3990256 0.3914288 0.5366350 0.5837163 0.0000000 0.5572047 0.3808026 0.4411931 0.3588376 
G          0.5647683 0.5262949 0.4618565 0.6408176 0.7027241 0.5572047 0.0000000 0.6286456 0.5197098 0.5425421 
H          0.5388995 0.3951855 0.4472004 0.5962638 0.6509794 0.3808026 0.6286456 0.0000000 0.4776302 0.3719779 
I          0.4977537 0.4271103 0.3938305 0.5420280 0.5727017 0.4411931 0.5197098 0.4776302 0.0000000 0.4042601 
J          0.4640653 0.3788177 0.4080370 0.5427411 0.5998943 0.3588376 0.5425421 0.3719779 0.4042601 0.0000000 
