10
A          0.0000000 0.4754673 0.4328335 0.6554339 0.6107107 0.4595668 0.6892053 0.5061277 0.5033378 0.4583200 
B          0.4754673 0.0000000 0.3449115 0.6643326 0.5997353 0.4441098 0.5997650 0.4594618 0.4762440 0.3402459 
C          0.4328335 0.3449115 0.0000000 0.5739975 0.5420169 0.3418876 0.5794890 0.4557064 0.3841464 0.3360123 
D          0.6554339 0.6643326 0.5739975 0.0000000 0.7678377 0.6610352 0.8936764 0.7173298 0.6271975 0.6193494 
E          0.6107107 0.5997353 0.5420169 0.7678377 0.0000000 0.5115666 0.7780400 0.6182980 0.6388817 0.5190330 
F          0.4595668 0.4441098 0.3418876 0.6610352 0.5115666 0.0000000 0.6337516 0.4433386 0.4862860 0.3376268 
G          0.6892053 0.5997650 0.5794890 0.8936764 0.7780400 0.6337516 0.0000000 0.6446796 0.7255690 0.6238924 
H          0.5061277 0.4594618 0.4557064 0.7173298 0.6182980 0.4433386 0.6446796 0.0000000 0.5610726 0.4456451 
I          0.5033378 0.4762440 0.3841464 0.6271975 0.6388817 0.4862860 0.7255690 0.5610726 0.0000000 0.4273557 
J          0.4583200 0.3402459 0.3360123 0.6193494 0.5190330 0.3376268 0.6238924 0.4456451 0.4273557 0.0000000 
