10
A          0.0000000 0.5181367 0.4140313 0.6576263 0.6398642 0.4580806 0.6804374 0.5246755 0.4519679 0.4385934 
B          0.5181367 0.0000000 0.3369537 0.5488272 0.5592507 0.3804009 0.5696016 0.4114113 0.3886094 0.3664866 
C          0.4140313 0.3369537 0.0000000 0.4943174 0.5027619 0.3432316 0.4976227 0.3501216 0.3187292 0.3319374 
D          0.6576263 0.5488272 0.4943174 0.0000000 0.6959441 0.4838721 0.6760645 0.5402386 0.5077932 0.5231133 
E          0.6398642 0.5592507 0.5027619 0.6959441 0.0000000 0.5338987 0.7191486 0.5632772 0.5307788 0.5007890 
F          0.4580806 0.3804009 0.3432316 0.4838721 0.5338987 0.0000000 0.6025174 0.3979720 0.3800465 0.3285853 
G          0.6804374 0.5696016 0.4976227 0.6760645 0.7191486 0.6025174 0.0000000 0.5444429 0.5393080 0.5948658 
H          0.5246755 0.4114113 0.3501216 0.5402386 0.5632772 0.3979720 0.5444429 0.0000000 0.3771058 0.4050240 
I          0.4519679 0.3886094 0.3187292 0.5077932 0.5307788 0.3800465 0.5393080 0.3771058 0.0000000 0.3463708 
J          0.4385934 0.3664866 0.3319374 0.5231133 0.5007890 0.3285853 0.5948658 0.4050240 0.3463708 0.0000000 
