10
A          0.0000000 0.6215090 0.3423098 0.5716004 0.4613990 0.5949709 0.3219486 0.6855346 0.5631553 0.4505495 
B          0.6215090 0.0000000 0.4604146 0.7382450 0.5991049 0.7022953 0.4543217 0.7175438 0.7465606 0.5706224 
C          0.3423098 0.4604146 0.0000000 0.4234179 0.3392461 0.4360389 0.2154678 0.5716740 0.4512437 0.3170106 
D          0.5716004 0.7382450 0.4234179 0.0000000 0.5330661 0.6763318 0.4057345 0.8722266 0.7351432 0.4955866 
E          0.4613990 0.5991049 0.3392461 0.5330661 0.0000000 0.5986587 0.2882983 0.6988535 0.6107454 0.4279204 
F          0.5949709 0.7022953 0.4360389 0.6763318 0.5986587 0.0000000 0.4588152 0.8133615 0.6792784 0.4638222 
G          0.3219486 0.4543217 0.2154678 0.4057345 0.2882983 0.4588152 0.0000000 0.5061698 0.4420819 0.2510502 
H          0.6855346 0.7175438 0.5716740 0.8722266 0.6988535 0.8133615 0.5061698 0.0000000 0.8437015 0.6684599 
I          0.5631553 0.7465606 0.4512437 0.7351432 0.6107454 0.6792784 0.4420819 0.8437015 0.0000000 0.5069005 
J          0.4505495 0.5706224 0.3170106 0.4955866 0.4279204 0.4638222 0.2510502 0.6684599 0.5069005 0.0000000 
