10
A          0.0000000 0.7364959 0.4194819 0.6986473 0.5217083 0.6804065 0.3683724 0.9118082 0.7699694 0.4661352 
B          0.7364959 0.0000000 0.5554082 0.7435178 0.6975798 0.7643600 0.4853323 1.0115136 0.9028849 0.5928089 
C          0.4194819 0.5554082 0.0000000 0.4942540 0.4037997 0.5349847 0.1984694 0.6982127 0.6040755 0.3013257 
D          0.6986473 0.7435178 0.4942540 0.0000000 0.7383741 0.7587200 0.4498299 0.9191653 0.7279825 0.5562148 
E          0.5217083 0.6975798 0.4037997 0.7383741 0.0000000 0.7259785 0.3246471 0.9143752 0.7191972 0.4975906 
F          0.6804065 0.7643600 0.5349847 0.7587200 0.7259785 0.0000000 0.4983969 0.9811113 0.8217475 0.5569450 
G          0.3683724 0.4853323 0.1984694 0.4498299 0.3246471 0.4983969 0.0000000 0.6368312 0.4898400 0.2417940 
H          0.9118082 1.0115136 0.6982127 0.9191653 0.9143752 0.9811113 0.6368312 0.0000000 0.8388218 0.7658783 
I          0.7699694 0.9028849 0.6040755 0.7279825 0.7191972 0.8217475 0.4898400 0.8388218 0.0000000 0.6795764 
J          0.4661352 0.5928089 0.3013257 0.5562148 0.4975906 0.5569450 0.2417940 0.7658783 0.6795764 0.0000000 
