10
A          0.0000000 0.8675693 0.5242980 0.8479708 0.7565529 0.8449981 0.4626066 0.8217483 0.9148375 0.6930760 
B          0.8675693 0.0000000 0.5758130 1.3701753 1.0009435 1.1674239 0.6258903 0.9884766 1.2976290 0.9151417 
C          0.5242980 0.5758130 0.0000000 0.8126977 0.5013151 0.6929524 0.2815020 0.7016479 0.7661654 0.4922653 
D          0.8479708 1.3701753 0.8126977 0.0000000 0.7101108 0.9053343 0.6109750 1.3045561 0.8512862 0.7495365 
E          0.7565529 1.0009435 0.5013151 0.7101108 0.0000000 0.7042947 0.3451080 0.9481546 0.6571918 0.4666038 
F          0.8449981 1.1674239 0.6929524 0.9053343 0.7042947 0.0000000 0.5274815 0.9696583 0.9559491 0.5469983 
G          0.4626066 0.6258903 0.2815020 0.6109750 0.3451080 0.5274815 0.0000000 0.6596110 0.5563580 0.3153418 
H          0.8217483 0.9884766 0.7016479 1.3045561 0.9481546 0.9696583 0.6596110 0.0000000 1.2169759 0.9813670 
I          0.9148375 1.2976290 0.7661654 0.8512862 0.6571918 0.9559491 0.5563580 1.2169759 0.0000000 0.7143337 
J          0.6930760 0.9151417 0.4922653 0.7495365 0.4666038 0.5469983 0.3153418 0.9813670 0.7143337 0.0000000 
