10
A          0.0000000 0.8423764 0.4633574 0.7809411 0.6412025 0.8139590 0.4531257 0.7132348 0.9279450 0.5325975 
B          0.8423764 0.0000000 0.5266587 0.8458669 0.7585432 0.9341239 0.5937559 1.0825751 0.9879194 0.6800201 
C          0.4633574 0.5266587 0.0000000 0.6321424 0.5067330 0.6248600 0.2723177 0.7004332 0.6950968 0.4083097 
D          0.7809411 0.8458669 0.6321424 0.0000000 0.6183008 0.8272819 0.4870079 0.9510785 0.6731893 0.5467654 
E          0.6412025 0.7585432 0.5067330 0.6183008 0.0000000 0.6861424 0.3906254 0.8588801 0.6714533 0.4442332 
F          0.8139590 0.9341239 0.6248600 0.8272819 0.6861424 0.0000000 0.5237199 0.9870523 0.9068371 0.5147586 
G          0.4531257 0.5937559 0.2723177 0.4870079 0.3906254 0.5237199 0.0000000 0.6167062 0.5517397 0.2893542 
H          0.7132348 1.0825751 0.7004332 0.9510785 0.8588801 0.9870523 0.6167062 0.0000000 1.1294273 0.7657987 
I          0.9279450 0.9879194 0.6950968 0.6731893 0.6714533 0.9068371 0.5517397 1.1294273 0.0000000 0.6450868 
J          0.5325975 0.6800201 0.4083097 0.5467654 0.4442332 0.5147586 0.2893542 0.7657987 0.6450868 0.0000000 
