10
A          0.0000000 0.8474488 0.5021686 1.0263797 0.7650071 0.8671608 0.5200349 0.7334130 0.8378153 0.6329243 
B          0.8474488 0.0000000 0.5503991 1.1701539 0.8937330 0.9093493 0.6964925 1.1864807 1.1319956 0.7944532 
C          0.5021686 0.5503991 0.0000000 0.7802781 0.5422461 0.6876162 0.2757002 0.6478020 0.7205457 0.4794475 
D          1.0263797 1.1701539 0.7802781 0.0000000 0.7376233 0.9856667 0.6084105 1.1849543 0.7344127 0.6878125 
E          0.7650071 0.8937330 0.5422461 0.7376233 0.0000000 0.8989832 0.3924234 1.0122954 0.7162299 0.5094266 
F          0.8671608 0.9093493 0.6876162 0.9856667 0.8989832 0.0000000 0.5757352 1.1063564 0.8441420 0.5850150 
G          0.5200349 0.6964925 0.2757002 0.6084105 0.3924234 0.5757352 0.0000000 0.6734507 0.5971286 0.3521619 
H          0.7334130 1.1864807 0.6478020 1.1849543 1.0122954 1.1063564 0.6734507 0.0000000 1.1069111 0.8240593 
I          0.8378153 1.1319956 0.7205457 0.7344127 0.7162299 0.8441420 0.5971286 1.1069111 0.0000000 0.6636772 
J          0.6329243 0.7944532 0.4794475 0.6878125 0.5094266 0.5850150 0.3521619 0.8240593 0.6636772 0.0000000 
