10
A          0.0000000 0.6431142 0.4257682 0.5795234 0.4770869 0.6248681 0.3561598 0.7045262 0.5945632 0.4245076 
B          0.6431142 0.0000000 0.5011141 0.7512125 0.5693158 0.7268968 0.4416430 0.8040341 0.6518668 0.5168404 
C          0.4257682 0.5011141 0.0000000 0.4423802 0.3294651 0.4749788 0.1936183 0.5302851 0.4050811 0.2691361 
D          0.5795234 0.7512125 0.4423802 0.0000000 0.5703515 0.7139261 0.4239820 0.8175628 0.6320630 0.4716988 
E          0.4770869 0.5693158 0.3294651 0.5703515 0.0000000 0.5949160 0.3100526 0.6550587 0.5218507 0.3737647 
F          0.6248681 0.7268968 0.4749788 0.7139261 0.5949160 0.0000000 0.4576703 0.8197923 0.6775842 0.4894291 
G          0.3561598 0.4416430 0.1936183 0.4239820 0.3100526 0.4576703 0.0000000 0.4773752 0.3332041 0.2214448 
H          0.7045262 0.8040341 0.5302851 0.8175628 0.6550587 0.8197923 0.4773752 0.0000000 0.6904269 0.5201198 
I          0.5945632 0.6518668 0.4050811 0.6320630 0.5218507 0.6775842 0.3332041 0.6904269 0.0000000 0.3956740 
J          0.4245076 0.5168404 0.2691361 0.4716988 0.3737647 0.4894291 0.2214448 0.5201198 0.3956740 0.0000000 
