10
A          0.0000000 0.6858077 0.3995551 0.6077529 0.4800309 0.5774507 0.3317729 0.7300123 0.5829129 0.3961547 
B          0.6858077 0.0000000 0.5197712 0.7368758 0.5889229 0.7465512 0.4484214 0.9832968 0.6894038 0.5196411 
C          0.3995551 0.5197712 0.0000000 0.4478683 0.3772477 0.4566483 0.1778831 0.6380943 0.4160478 0.2625630 
D          0.6077529 0.7368758 0.4478683 0.0000000 0.5896453 0.6774776 0.3809532 0.7558142 0.7145772 0.5265004 
E          0.4800309 0.5889229 0.3772477 0.5896453 0.0000000 0.6077030 0.3179524 0.7448325 0.5694433 0.3806335 
F          0.5774507 0.7465512 0.4566483 0.6774776 0.6077030 0.0000000 0.3928100 0.8294432 0.6588680 0.4514955 
G          0.3317729 0.4484214 0.1778831 0.3809532 0.3179524 0.3928100 0.0000000 0.5281838 0.3460579 0.2033086 
H          0.7300123 0.9832968 0.6380943 0.7558142 0.7448325 0.8294432 0.5281838 0.0000000 0.8374103 0.6735598 
I          0.5829129 0.6894038 0.4160478 0.7145772 0.5694433 0.6588680 0.3460579 0.8374103 0.0000000 0.4761043 
J          0.3961547 0.5196411 0.2625630 0.5265004 0.3806335 0.4514955 0.2033086 0.6735598 0.4761043 0.0000000 
