10
A          0.0000000 0.6846808 0.4453811 0.7986687 0.5523954 0.7345223 0.3937800 0.9154935 0.7146196 0.5219726 
B          0.6846808 0.0000000 0.5586477 0.8734113 0.7377651 0.8205735 0.5251401 1.0298507 0.8230248 0.7073897 
C          0.4453811 0.5586477 0.0000000 0.5931869 0.3781024 0.5281690 0.2356829 0.6911459 0.5243155 0.3594580 
D          0.7986687 0.8734113 0.5931869 0.0000000 0.7502182 0.8110522 0.5712435 1.0577532 0.7822310 0.6715436 
E          0.5523954 0.7377651 0.3781024 0.7502182 0.0000000 0.7167488 0.3762780 0.8385700 0.6326944 0.5085320 
F          0.7345223 0.8205735 0.5281690 0.8110522 0.7167488 0.0000000 0.4575101 0.9048531 0.6984446 0.6379654 
G          0.3937800 0.5251401 0.2356829 0.5712435 0.3762780 0.4575101 0.0000000 0.6824905 0.4614319 0.3032732 
H          0.9154935 1.0298507 0.6911459 1.0577532 0.8385700 0.9048531 0.6824905 0.0000000 1.0282403 0.8902503 
I          0.7146196 0.8230248 0.5243155 0.7822310 0.6326944 0.6984446 0.4614319 1.0282403 0.0000000 0.6903367 
J          0.5219726 0.7073897 0.3594580 0.6715436 0.5085320 0.6379654 0.3032732 0.8902503 0.6903367 0.0000000 
