10
A          0.0000000 0.6309491 0.4654753 0.6689623 0.4112268 0.7255829 0.4029963 0.6301874 0.4168541 0.7368096 
B          0.6309491 0.0000000 0.5383004 0.7426370 0.5602085 0.8009233 0.5182571 0.7378656 0.5229899 0.8331012 
C          0.4654753 0.5383004 0.0000000 0.5256481 0.3100168 0.5870567 0.2672251 0.4905844 0.3353448 0.6189399 
D          0.6689623 0.7426370 0.5256481 0.0000000 0.4709299 0.8372117 0.4834288 0.6451823 0.5042785 0.7694065 
E          0.4112268 0.5602085 0.3100168 0.4709299 0.0000000 0.6209614 0.2503364 0.4674295 0.2850487 0.6575644 
F          0.7255829 0.8009233 0.5870567 0.8372117 0.6209614 0.0000000 0.5251330 0.7333550 0.5962557 0.8503551 
G          0.4029963 0.5182571 0.2672251 0.4834288 0.2503364 0.5251330 0.0000000 0.4058550 0.2297432 0.5485179 
H          0.6301874 0.7378656 0.4905844 0.6451823 0.4674295 0.7333550 0.4058550 0.0000000 0.3930708 0.7406710 
I          0.4168541 0.5229899 0.3353448 0.5042785 0.2850487 0.5962557 0.2297432 0.3930708 0.0000000 0.5989810 
J          0.7368096 0.8331012 0.6189399 0.7694065 0.6575644 0.8503551 0.5485179 0.7406710 0.5989810 0.0000000 
