10
A          0.0000000 0.7377318 0.5647576 0.7731957 0.5069524 0.8413007 0.4408185 0.6315582 0.4740566 0.8222658 
B          0.7377318 0.0000000 0.7842474 0.8592081 0.6073877 0.8588670 0.5441383 0.7384864 0.6135540 1.0668268 
C          0.5647576 0.7842474 0.0000000 0.5973239 0.3410678 0.7393353 0.2875458 0.4673895 0.3261304 0.6517046 
D          0.7731957 0.8592081 0.5973239 0.0000000 0.5558774 0.8964143 0.4688947 0.6630022 0.5622404 0.8626245 
E          0.5069524 0.6073877 0.3410678 0.5558774 0.0000000 0.5298685 0.2299330 0.4132257 0.2726944 0.6356960 
F          0.8413007 0.8588670 0.7393353 0.8964143 0.5298685 0.0000000 0.5230410 0.8169557 0.6053058 1.0400641 
G          0.4408185 0.5441383 0.2875458 0.4688947 0.2299330 0.5230410 0.0000000 0.3525871 0.2213366 0.5420876 
H          0.6315582 0.7384864 0.4673895 0.6630022 0.4132257 0.8169557 0.3525871 0.0000000 0.4117177 0.7648783 
I          0.4740566 0.6135540 0.3261304 0.5622404 0.2726944 0.6053058 0.2213366 0.4117177 0.0000000 0.6108681 
J          0.8222658 1.0668268 0.6517046 0.8626245 0.6356960 1.0400641 0.5420876 0.7648783 0.6108681 0.0000000 
