10
A          0.0000000 0.8421457 0.5584441 0.6894968 0.4915946 0.8478681 0.4066027 0.5983719 0.4564915 0.7987193 
B          0.8421457 0.0000000 0.7448329 0.8920766 0.6628050 0.9755922 0.5783409 0.8077963 0.6043209 0.9383100 
C          0.5584441 0.7448329 0.0000000 0.6147693 0.4197702 0.6941067 0.2918357 0.5543156 0.3765615 0.7093852 
D          0.6894968 0.8920766 0.6147693 0.0000000 0.5570229 0.8938603 0.4898737 0.7329265 0.5385643 0.8676335 
E          0.4915946 0.6628050 0.4197702 0.5570229 0.0000000 0.6860588 0.2568945 0.5560768 0.3197551 0.6411964 
F          0.8478681 0.9755922 0.6941067 0.8938603 0.6860588 0.0000000 0.6002245 0.7319096 0.5972397 1.0216065 
G          0.4066027 0.5783409 0.2918357 0.4898737 0.2568945 0.6002245 0.0000000 0.3926058 0.2129969 0.5876807 
H          0.5983719 0.8077963 0.5543156 0.7329265 0.5560768 0.7319096 0.3926058 0.0000000 0.4825894 0.8548111 
I          0.4564915 0.6043209 0.3765615 0.5385643 0.3197551 0.5972397 0.2129969 0.4825894 0.0000000 0.6584475 
J          0.7987193 0.9383100 0.7093852 0.8676335 0.6411964 1.0216065 0.5876807 0.8548111 0.6584475 0.0000000 
