10
A          0.0000000 0.7611896 0.5107432 0.7273412 0.5311843 0.8769502 0.4634257 0.6245116 0.4856279 0.6684599 
B          0.7611896 0.0000000 0.7027861 0.9214590 0.6091389 0.9731339 0.5078490 0.6159475 0.5191587 0.8294673 
C          0.5107432 0.7027861 0.0000000 0.6092590 0.4213252 0.8574110 0.3333952 0.4824416 0.3566637 0.5517730 
D          0.7273412 0.9214590 0.6092590 0.0000000 0.5625175 0.9472635 0.4909145 0.7121432 0.5080086 0.7274205 
E          0.5311843 0.6091389 0.4213252 0.5625175 0.0000000 0.6917073 0.2683025 0.4718032 0.2965850 0.5511092 
F          0.8769502 0.9731339 0.8574110 0.9472635 0.6917073 0.0000000 0.6202086 0.8078112 0.6582986 0.8447027 
G          0.4634257 0.5078490 0.3333952 0.4909145 0.2683025 0.6202086 0.0000000 0.3300962 0.2210455 0.4923623 
H          0.6245116 0.6159475 0.4824416 0.7121432 0.4718032 0.8078112 0.3300962 0.0000000 0.3962869 0.6489555 
I          0.4856279 0.5191587 0.3566637 0.5080086 0.2965850 0.6582986 0.2210455 0.3962869 0.0000000 0.5461943 
J          0.6684599 0.8294673 0.5517730 0.7274205 0.5511092 0.8447027 0.4923623 0.6489555 0.5461943 0.0000000 
