10
A          0.0000000 0.9904907 0.7668160 0.9161548 0.6098655 1.0711451 0.5255083 0.8310773 0.6355216 0.8172119 
B          0.9904907 0.0000000 0.7500380 1.2872051 0.7708488 1.2994706 0.5996154 0.9789861 0.6920049 1.0461428 
C          0.7668160 0.7500380 0.0000000 0.8260549 0.4837892 0.7677651 0.3778707 0.5570960 0.4662803 0.7221765 
D          0.9161548 1.2872051 0.8260549 0.0000000 0.7100746 1.1708836 0.6832858 1.0290173 0.6521605 0.8665302 
E          0.6098655 0.7708488 0.4837892 0.7100746 0.0000000 0.8418851 0.3383683 0.5713178 0.3990338 0.7288348 
F          1.0711451 1.2994706 0.7677651 1.1708836 0.8418851 0.0000000 0.6963330 0.8659494 0.7440654 1.1815740 
G          0.5255083 0.5996154 0.3778707 0.6832858 0.3383683 0.6963330 0.0000000 0.4746965 0.2663565 0.5092500 
H          0.8310773 0.9789861 0.5570960 1.0290173 0.5713178 0.8659494 0.4746965 0.0000000 0.5822556 0.8827966 
I          0.6355216 0.6920049 0.4662803 0.6521605 0.3990338 0.7440654 0.2663565 0.5822556 0.0000000 0.6017066 
J          0.8172119 1.0461428 0.7221765 0.8665302 0.7288348 1.1815740 0.5092500 0.8827966 0.6017066 0.0000000 
