10
A          0.0000000 0.7946382 0.4679429 0.7495078 0.3977342 0.6842571 0.3331067 0.5505899 0.3911727 0.6252125 
B          0.7946382 0.0000000 0.7287522 0.9667955 0.6464265 0.9375686 0.5174645 0.7498386 0.5961590 0.7642078 
C          0.4679429 0.7287522 0.0000000 0.6689302 0.3502449 0.6213691 0.2515907 0.4539203 0.3260366 0.4963784 
D          0.7495078 0.9667955 0.6689302 0.0000000 0.5066676 0.9780828 0.4578446 0.6423595 0.4927033 0.6561680 
E          0.3977342 0.6464265 0.3502449 0.5066676 0.0000000 0.6656871 0.2098731 0.4162174 0.2405618 0.4281966 
F          0.6842571 0.9375686 0.6213691 0.9780828 0.6656871 0.0000000 0.5186191 0.7354697 0.6400200 0.8174540 
G          0.3331067 0.5174645 0.2515907 0.4578446 0.2098731 0.5186191 0.0000000 0.3366093 0.1866570 0.4006047 
H          0.5505899 0.7498386 0.4539203 0.6423595 0.4162174 0.7354697 0.3366093 0.0000000 0.4423960 0.6573789 
I          0.3911727 0.5961590 0.3260366 0.4927033 0.2405618 0.6400200 0.1866570 0.4423960 0.0000000 0.4682398 
J          0.6252125 0.7642078 0.4963784 0.6561680 0.4281966 0.8174540 0.4006047 0.6573789 0.4682398 0.0000000 
