10
A          0.0000000 0.7874356 0.5386337 0.6646570 0.5462543 0.7741602 0.4128086 0.6985104 0.3715075 0.6562184 
B          0.7874356 0.0000000 0.6278901 0.8392233 0.6616643 0.8808821 0.5098854 0.7071962 0.4947648 0.6531551 
C          0.5386337 0.6278901 0.0000000 0.5449292 0.3832181 0.6195417 0.2691073 0.4866135 0.2737743 0.5403233 
D          0.6646570 0.8392233 0.5449292 0.0000000 0.5557887 0.9277297 0.4820387 0.6457313 0.4781564 0.6690876 
E          0.5462543 0.6616643 0.3832181 0.5557887 0.0000000 0.6518800 0.2829061 0.5191744 0.3323118 0.5398747 
F          0.7741602 0.8808821 0.6195417 0.9277297 0.6518800 0.0000000 0.5511060 0.7234580 0.5758977 0.8951365 
G          0.4128086 0.5098854 0.2691073 0.4820387 0.2829061 0.5511060 0.0000000 0.4096373 0.1904109 0.4153392 
H          0.6985104 0.7071962 0.4866135 0.6457313 0.5191744 0.7234580 0.4096373 0.0000000 0.4092672 0.6660350 
I          0.3715075 0.4947648 0.2737743 0.4781564 0.3323118 0.5758977 0.1904109 0.4092672 0.0000000 0.4249773 
J          0.6562184 0.6531551 0.5403233 0.6690876 0.5398747 0.8951365 0.4153392 0.6660350 0.4249773 0.0000000 
