10
A          0.0000000 0.4841066 0.5053949 0.4072577 0.3135586 0.5773707 0.4442869 0.6396918 0.7122317 0.4242613 
B          0.4841066 0.0000000 0.5627229 0.4730693 0.4161487 0.6524241 0.4621504 0.6998317 0.6817255 0.4806295 
C          0.5053949 0.5627229 0.0000000 0.4152226 0.3317243 0.6582685 0.4612429 0.6677287 0.7134884 0.4159411 
D          0.4072577 0.4730693 0.4152226 0.0000000 0.2564903 0.5245960 0.3749699 0.5761650 0.6597965 0.3532359 
E          0.3135586 0.4161487 0.3317243 0.2564903 0.0000000 0.4751859 0.2814317 0.4163195 0.5293656 0.2926331 
F          0.5773707 0.6524241 0.6582685 0.5245960 0.4751859 0.0000000 0.5917929 0.7120163 0.8273678 0.6543553 
G          0.4442869 0.4621504 0.4612429 0.3749699 0.2814317 0.5917929 0.0000000 0.5399901 0.6268760 0.4110787 
H          0.6396918 0.6998317 0.6677287 0.5761650 0.4163195 0.7120163 0.5399901 0.0000000 0.8728864 0.5582310 
I          0.7122317 0.6817255 0.7134884 0.6597965 0.5293656 0.8273678 0.6268760 0.8728864 0.0000000 0.6881720 
J          0.4242613 0.4806295 0.4159411 0.3532359 0.2926331 0.6543553 0.4110787 0.5582310 0.6881720 0.0000000 
