10
A          0.0000000 0.5422740 0.4385058 0.3994888 0.3157789 0.7130142 0.3917207 0.6780883 0.7036659 0.4147830 
B          0.5422740 0.0000000 0.4447588 0.4963696 0.3718900 0.7201676 0.4018749 0.6744737 0.6607433 0.4678288 
C          0.4385058 0.4447588 0.0000000 0.4787281 0.3169243 0.6077132 0.4066271 0.6837384 0.7637178 0.4339446 
D          0.3994888 0.4963696 0.4787281 0.0000000 0.2953130 0.6920974 0.4268876 0.6521420 0.7572685 0.4280467 
E          0.3157789 0.3718900 0.3169243 0.2953130 0.0000000 0.4861761 0.2699257 0.5734791 0.5416600 0.2914158 
F          0.7130142 0.7201676 0.6077132 0.6920974 0.4861761 0.0000000 0.6582117 0.9414706 0.8842123 0.7064744 
G          0.3917207 0.4018749 0.4066271 0.4268876 0.2699257 0.6582117 0.0000000 0.5769205 0.6793103 0.3640853 
H          0.6780883 0.6744737 0.6837384 0.6521420 0.5734791 0.9414706 0.5769205 0.0000000 0.8441250 0.5704433 
I          0.7036659 0.6607433 0.7637178 0.7572685 0.5416600 0.8842123 0.6793103 0.8441250 0.0000000 0.7003445 
J          0.4147830 0.4678288 0.4339446 0.4280467 0.2914158 0.7064744 0.3640853 0.5704433 0.7003445 0.0000000 
