10
A          0.0000000 0.5294800 0.4626463 0.3964027 0.3519410 0.6268705 0.4840234 0.6061750 0.6306419 0.5053422 
B          0.5294800 0.0000000 0.4826725 0.4866731 0.3633731 0.5732265 0.4242222 0.5082653 0.6558728 0.4901068 
C          0.4626463 0.4826725 0.0000000 0.4612047 0.2744052 0.5691579 0.4575687 0.5506915 0.6031332 0.4532840 
D          0.3964027 0.4866731 0.4612047 0.0000000 0.3231413 0.6155916 0.4385778 0.5225795 0.5755665 0.4577673 
E          0.3519410 0.3633731 0.2744052 0.3231413 0.0000000 0.4098584 0.3198897 0.4371642 0.5096498 0.3375662 
F          0.6268705 0.5732265 0.5691579 0.6155916 0.4098584 0.0000000 0.6145491 0.7651648 0.7951898 0.6293491 
G          0.4840234 0.4242222 0.4575687 0.4385778 0.3198897 0.6145491 0.0000000 0.4843939 0.7323204 0.4169327 
H          0.6061750 0.5082653 0.5506915 0.5225795 0.4371642 0.7651648 0.4843939 0.0000000 0.7245834 0.4915245 
I          0.6306419 0.6558728 0.6031332 0.5755665 0.5096498 0.7951898 0.7323204 0.7245834 0.0000000 0.6467405 
J          0.5053422 0.4901068 0.4532840 0.4577673 0.3375662 0.6293491 0.4169327 0.4915245 0.6467405 0.0000000 
