10
A          0.0000000 0.4599232 0.4759660 0.4058844 0.2643442 0.5690978 0.3661874 0.4819270 0.6384754 0.3668461 
B          0.4599232 0.0000000 0.4501806 0.3972413 0.3129835 0.5820171 0.4098093 0.5856603 0.6357774 0.3894966 
C          0.4759660 0.4501806 0.0000000 0.4371125 0.2885492 0.5470440 0.4076803 0.6544340 0.7181529 0.4280460 
D          0.4058844 0.3972413 0.4371125 0.0000000 0.2349533 0.5261209 0.3584033 0.5451914 0.5988316 0.3677732 
E          0.2643442 0.3129835 0.2885492 0.2349533 0.0000000 0.4358543 0.1990477 0.4028673 0.5456212 0.2328666 
F          0.5690978 0.5820171 0.5470440 0.5261209 0.4358543 0.0000000 0.5589138 0.6779955 0.8686910 0.5455540 
G          0.3661874 0.4098093 0.4076803 0.3584033 0.1990477 0.5589138 0.0000000 0.4980612 0.6153214 0.3245856 
H          0.4819270 0.5856603 0.6544340 0.5451914 0.4028673 0.6779955 0.4980612 0.0000000 0.8292807 0.4852522 
I          0.6384754 0.6357774 0.7181529 0.5988316 0.5456212 0.8686910 0.6153214 0.8292807 0.0000000 0.6185131 
J          0.3668461 0.3894966 0.4280460 0.3677732 0.2328666 0.5455540 0.3245856 0.4852522 0.6185131 0.0000000 
