10
A          0.0000000 0.5672292 0.5337778 0.5247838 0.3764433 0.8806821 0.5454677 0.7825174 0.9819689 0.5499308 
B          0.5672292 0.0000000 0.5372892 0.5459284 0.3989759 0.7529712 0.5081877 0.6866905 0.8760026 0.4832340 
C          0.5337778 0.5372892 0.0000000 0.4683660 0.3329597 0.7550173 0.5266815 0.7542799 0.7487783 0.4771067 
D          0.5247838 0.5459284 0.4683660 0.0000000 0.3033845 0.6800041 0.4972805 0.7041837 0.8748824 0.4243396 
E          0.3764433 0.3989759 0.3329597 0.3033845 0.0000000 0.5091399 0.3476262 0.5759861 0.6383558 0.3306749 
F          0.8806821 0.7529712 0.7550173 0.6800041 0.5091399 0.0000000 0.7291078 0.9902620 1.0752402 0.6592914 
G          0.5454677 0.5081877 0.5266815 0.4972805 0.3476262 0.7291078 0.0000000 0.6630929 0.9591652 0.4020892 
H          0.7825174 0.6866905 0.7542799 0.7041837 0.5759861 0.9902620 0.6630929 0.0000000 0.9311658 0.6345407 
I          0.9819689 0.8760026 0.7487783 0.8748824 0.6383558 1.0752402 0.9591652 0.9311658 0.0000000 0.8907125 
J          0.5499308 0.4832340 0.4771067 0.4243396 0.3306749 0.6592914 0.4020892 0.6345407 0.8907125 0.0000000 
