10
A          0.0000000 0.4692524 0.4509709 0.3716910 0.3155110 0.6142226 0.4478005 0.6438372 0.7216451 0.4762437 
B          0.4692524 0.0000000 0.5535994 0.4486610 0.3636497 0.6370533 0.4873837 0.6962613 0.8173442 0.5615222 
C          0.4509709 0.5535994 0.0000000 0.4295838 0.3686073 0.6315714 0.4536434 0.7416343 0.8439686 0.5197069 
D          0.3716910 0.4486610 0.4295838 0.0000000 0.2675822 0.6329924 0.4225772 0.6462481 0.7162485 0.4643366 
E          0.3155110 0.3636497 0.3686073 0.2675822 0.0000000 0.4827231 0.2986431 0.5070051 0.6513139 0.3192239 
F          0.6142226 0.6370533 0.6315714 0.6329924 0.4827231 0.0000000 0.6238781 0.8067429 0.8891181 0.6398321 
G          0.4478005 0.4873837 0.4536434 0.4225772 0.2986431 0.6238781 0.0000000 0.6042395 0.7783387 0.4177421 
H          0.6438372 0.6962613 0.7416343 0.6462481 0.5070051 0.8067429 0.6042395 0.0000000 0.8759402 0.6739280 
I          0.7216451 0.8173442 0.8439686 0.7162485 0.6513139 0.8891181 0.7783387 0.8759402 0.0000000 0.7708529 
J          0.4762437 0.5615222 0.5197069 0.4643366 0.3192239 0.6398321 0.4177421 0.6739280 0.7708529 0.0000000 
