10
A          0.0000000 0.5341400 0.5233699 0.4141706 0.3434852 0.8140802 0.4985106 0.6485152 0.7504753 0.5222795 
B          0.5341400 0.0000000 0.5719478 0.5136830 0.4073265 0.8425968 0.4411335 0.5736208 0.8981549 0.4271301 
C          0.5233699 0.5719478 0.0000000 0.4802667 0.3958740 0.7148267 0.5191955 0.6733746 0.8469999 0.5495051 
D          0.4141706 0.5136830 0.4802667 0.0000000 0.3078649 0.7722901 0.4196322 0.6289131 0.7068205 0.4608852 
E          0.3434852 0.4073265 0.3958740 0.3078649 0.0000000 0.5520793 0.3398610 0.5105385 0.6124391 0.3275995 
F          0.8140802 0.8425968 0.7148267 0.7722901 0.5520793 0.0000000 0.7114218 0.8897833 1.0471851 0.7026906 
G          0.4985106 0.4411335 0.5191955 0.4196322 0.3398610 0.7114218 0.0000000 0.4677125 0.8347288 0.3183890 
H          0.6485152 0.5736208 0.6733746 0.6289131 0.5105385 0.8897833 0.4677125 0.0000000 1.0599692 0.4928787 
I          0.7504753 0.8981549 0.8469999 0.7068205 0.6124391 1.0471851 0.8347288 1.0599692 0.0000000 0.7753575 
J          0.5222795 0.4271301 0.5495051 0.4608852 0.3275995 0.7026906 0.3183890 0.4928787 0.7753575 0.0000000 
