10
A          0.0000000 0.4934278 0.4790006 0.4040994 0.3328672 0.5985243 0.4153930 0.5870387 0.6755151 0.4339308 
B          0.4934278 0.0000000 0.5230486 0.4790742 0.3482124 0.6657875 0.4484895 0.6636614 0.7178314 0.4046582 
C          0.4790006 0.5230486 0.0000000 0.4732220 0.3418150 0.6164328 0.4614253 0.6805928 0.6880958 0.4435215 
D          0.4040994 0.4790742 0.4732220 0.0000000 0.3133413 0.5568676 0.4066058 0.5996737 0.6447210 0.4125728 
E          0.3328672 0.3482124 0.3418150 0.3133413 0.0000000 0.4020165 0.3023513 0.4867319 0.4655315 0.2692136 
F          0.5985243 0.6657875 0.6164328 0.5568676 0.4020165 0.0000000 0.5610997 0.7948907 0.6851056 0.6068260 
G          0.4153930 0.4484895 0.4614253 0.4066058 0.3023513 0.5610997 0.0000000 0.5533244 0.6157484 0.3492455 
H          0.5870387 0.6636614 0.6805928 0.5996737 0.4867319 0.7948907 0.5533244 0.0000000 0.7996906 0.5801279 
I          0.6755151 0.7178314 0.6880958 0.6447210 0.4655315 0.6851056 0.6157484 0.7996906 0.0000000 0.6682863 
J          0.4339308 0.4046582 0.4435215 0.4125728 0.2692136 0.6068260 0.3492455 0.5801279 0.6682863 0.0000000 
