10
A          0.0000000 0.4414501 0.4613761 0.4364780 0.3220257 0.6146237 0.4051940 0.6723364 0.7227974 0.3654773 
B          0.4414501 0.0000000 0.4765725 0.4197962 0.2996527 0.6202021 0.4352928 0.6566629 0.6631949 0.3674053 
C          0.4613761 0.4765725 0.0000000 0.4299835 0.3153365 0.6823934 0.4514534 0.7444978 0.7420392 0.3696358 
D          0.4364780 0.4197962 0.4299835 0.0000000 0.2261653 0.5365862 0.3556410 0.5904911 0.6063313 0.2952075 
E          0.3220257 0.2996527 0.3153365 0.2261653 0.0000000 0.4489998 0.2867975 0.5264720 0.5064932 0.2057711 
F          0.6146237 0.6202021 0.6823934 0.5365862 0.4489998 0.0000000 0.5918774 0.9022552 0.8782762 0.5269481 
G          0.4051940 0.4352928 0.4514534 0.3556410 0.2867975 0.5918774 0.0000000 0.6427136 0.6300966 0.3474053 
H          0.6723364 0.6566629 0.7444978 0.5904911 0.5264720 0.9022552 0.6427136 0.0000000 0.8885457 0.6245850 
I          0.7227974 0.6631949 0.7420392 0.6063313 0.5064932 0.8782762 0.6300966 0.8885457 0.0000000 0.6639157 
J          0.3654773 0.3674053 0.3696358 0.2952075 0.2057711 0.5269481 0.3474053 0.6245850 0.6639157 0.0000000 
