10
A          0.0000000 0.4311313 0.5516071 0.4033273 0.2912879 0.6239891 0.3980737 0.5738815 0.6399642 0.3457611 
B          0.4311313 0.0000000 0.5538273 0.4364938 0.2826817 0.6308729 0.4229338 0.5487327 0.6900572 0.3468084 
C          0.5516071 0.5538273 0.0000000 0.4980344 0.4009305 0.6957420 0.4406464 0.6092807 0.7790976 0.4592157 
D          0.4033273 0.4364938 0.4980344 0.0000000 0.2774537 0.6053059 0.3885414 0.5558924 0.6967987 0.3641390 
E          0.2912879 0.2826817 0.4009305 0.2774537 0.0000000 0.4397612 0.2613896 0.4108188 0.5533309 0.2271505 
F          0.6239891 0.6308729 0.6957420 0.6053059 0.4397612 0.0000000 0.6415974 0.8499461 0.9938474 0.5566617 
G          0.3980737 0.4229338 0.4406464 0.3885414 0.2613896 0.6415974 0.0000000 0.5220709 0.6716520 0.3293447 
H          0.5738815 0.5487327 0.6092807 0.5558924 0.4108188 0.8499461 0.5220709 0.0000000 0.8385188 0.4798978 
I          0.6399642 0.6900572 0.7790976 0.6967987 0.5533309 0.9938474 0.6716520 0.8385188 0.0000000 0.5839877 
J          0.3457611 0.3468084 0.4592157 0.3641390 0.2271505 0.5566617 0.3293447 0.4798978 0.5839877 0.0000000 
