10
A          0.0000000 0.5717180 0.5169586 0.5115613 0.3291997 0.7503901 0.4094370 0.6563514 0.7225724 0.4231034 
B          0.5717180 0.0000000 0.6619766 0.5496562 0.4233569 0.7615119 0.4787379 0.7550100 0.8379919 0.5282213 
C          0.5169586 0.6619766 0.0000000 0.5646991 0.3686231 0.7597181 0.4037966 0.7118598 0.8525443 0.4847026 
D          0.5115613 0.5496562 0.5646991 0.0000000 0.3189268 0.7364686 0.3980745 0.6348408 0.7973374 0.4320980 
E          0.3291997 0.4233569 0.3686231 0.3189268 0.0000000 0.5312520 0.2321459 0.5153180 0.5576436 0.2793747 
F          0.7503901 0.7615119 0.7597181 0.7364686 0.5312520 0.0000000 0.6908988 0.9165027 0.9368569 0.6773047 
G          0.4094370 0.4787379 0.4037966 0.3980745 0.2321459 0.6908988 0.0000000 0.5259658 0.6183485 0.3207906 
H          0.6563514 0.7550100 0.7118598 0.6348408 0.5153180 0.9165027 0.5259658 0.0000000 0.9481341 0.6617098 
I          0.7225724 0.8379919 0.8525443 0.7973374 0.5576436 0.9368569 0.6183485 0.9481341 0.0000000 0.5918235 
J          0.4231034 0.5282213 0.4847026 0.4320980 0.2793747 0.6773047 0.3207906 0.6617098 0.5918235 0.0000000 
