10
A          0.0000000 0.4569191 0.3313607 0.7887896 0.3642791 0.5236641 0.3959491 0.4283395 0.7376631 0.4189743 
B          0.4569191 0.0000000 0.2721550 0.7429884 0.3279675 0.4845246 0.2945296 0.3846164 0.7289910 0.4556294 
C          0.3313607 0.2721550 0.0000000 0.5886803 0.1710245 0.3356841 0.1876814 0.2293440 0.5860393 0.2695775 
D          0.7887896 0.7429884 0.5886803 0.0000000 0.6448337 0.7652341 0.6863543 0.6632516 0.9791013 0.7124700 
E          0.3642791 0.3279675 0.1710245 0.6448337 0.0000000 0.4001117 0.2663470 0.2887296 0.6568275 0.3032039 
F          0.5236641 0.4845246 0.3356841 0.7652341 0.4001117 0.0000000 0.3903057 0.4584289 0.7712906 0.4344040 
G          0.3959491 0.2945296 0.1876814 0.6863543 0.2663470 0.3903057 0.0000000 0.3087456 0.6674860 0.3299441 
H          0.4283395 0.3846164 0.2293440 0.6632516 0.2887296 0.4584289 0.3087456 0.0000000 0.7245441 0.3920105 
I          0.7376631 0.7289910 0.5860393 0.9791013 0.6568275 0.7712906 0.6674860 0.7245441 0.0000000 0.7417811 
J          0.4189743 0.4556294 0.2695775 0.7124700 0.3032039 0.4344040 0.3299441 0.3920105 0.7417811 0.0000000 
