10
A          0.0000000 0.3005818 0.2336551 0.6746256 0.3063199 0.4232460 0.2779303 0.3103022 0.5663112 0.3652471 
B          0.3005818 0.0000000 0.1639293 0.6137586 0.2438580 0.3613654 0.2570380 0.2802081 0.4726824 0.3397430 
C          0.2336551 0.1639293 0.0000000 0.5004001 0.1615565 0.2809543 0.1509612 0.1884050 0.4204322 0.2556331 
D          0.6746256 0.6137586 0.5004001 0.0000000 0.5630060 0.6854865 0.5352343 0.5912229 0.7945158 0.6668056 
E          0.3063199 0.2438580 0.1615565 0.5630060 0.0000000 0.3778763 0.2240296 0.2573035 0.4402983 0.3467517 
F          0.4232460 0.3613654 0.2809543 0.6854865 0.3778763 0.0000000 0.3260438 0.3791964 0.6334371 0.4432644 
G          0.2779303 0.2570380 0.1509612 0.5352343 0.2240296 0.3260438 0.0000000 0.2612525 0.5023447 0.3389825 
H          0.3103022 0.2802081 0.1884050 0.5912229 0.2573035 0.3791964 0.2612525 0.0000000 0.5021139 0.3383103 
I          0.5663112 0.4726824 0.4204322 0.7945158 0.4402983 0.6334371 0.5023447 0.5021139 0.0000000 0.5864478 
J          0.3652471 0.3397430 0.2556331 0.6668056 0.3467517 0.4432644 0.3389825 0.3383103 0.5864478 0.0000000 
