10
A          0.0000000 0.3922881 0.2634572 0.6584713 0.3470851 0.4988543 0.3159615 0.3604674 0.6966000 0.3813649 
B          0.3922881 0.0000000 0.2375878 0.5985025 0.3221019 0.4513238 0.2980466 0.3333342 0.6254281 0.4044239 
C          0.2634572 0.2375878 0.0000000 0.4983204 0.1612396 0.3445581 0.1619754 0.2342969 0.5885031 0.2751638 
D          0.6584713 0.5985025 0.4983204 0.0000000 0.6023216 0.7431157 0.5537756 0.5915682 0.9172470 0.6968472 
E          0.3470851 0.3221019 0.1612396 0.6023216 0.0000000 0.4259599 0.2367838 0.3188324 0.6759282 0.3193493 
F          0.4988543 0.4513238 0.3445581 0.7431157 0.4259599 0.0000000 0.3667664 0.4262765 0.8078797 0.5471009 
G          0.3159615 0.2980466 0.1619754 0.5537756 0.2367838 0.3667664 0.0000000 0.2891134 0.6129680 0.3105245 
H          0.3604674 0.3333342 0.2342969 0.5915682 0.3188324 0.4262765 0.2891134 0.0000000 0.6382347 0.4237553 
I          0.6966000 0.6254281 0.5885031 0.9172470 0.6759282 0.8078797 0.6129680 0.6382347 0.0000000 0.7263818 
J          0.3813649 0.4044239 0.2751638 0.6968472 0.3193493 0.5471009 0.3105245 0.4237553 0.7263818 0.0000000 
