10
A          0.0000000 0.4514930 0.2995612 0.6411518 0.3396969 0.4855534 0.3630519 0.3968783 0.8234146 0.4330899 
B          0.4514930 0.0000000 0.2658680 0.6639640 0.3521601 0.4641765 0.3284149 0.4008692 0.7521258 0.4192475 
C          0.2995612 0.2658680 0.0000000 0.4380833 0.1795829 0.3163061 0.1586124 0.2235378 0.6322417 0.2657266 
D          0.6411518 0.6639640 0.4380833 0.0000000 0.5911210 0.7114163 0.5642884 0.5840920 0.9244050 0.6379316 
E          0.3396969 0.3521601 0.1795829 0.5911210 0.0000000 0.3935768 0.2492638 0.3021175 0.6971639 0.3392058 
F          0.4855534 0.4641765 0.3163061 0.7114163 0.3935768 0.0000000 0.3621931 0.3776909 0.8480345 0.4585476 
G          0.3630519 0.3284149 0.1586124 0.5642884 0.2492638 0.3621931 0.0000000 0.2638368 0.6896369 0.3408947 
H          0.3968783 0.4008692 0.2235378 0.5840920 0.3021175 0.3776909 0.2638368 0.0000000 0.6852037 0.3836553 
I          0.8234146 0.7521258 0.6322417 0.9244050 0.6971639 0.8480345 0.6896369 0.6852037 0.0000000 0.7128793 
J          0.4330899 0.4192475 0.2657266 0.6379316 0.3392058 0.4585476 0.3408947 0.3836553 0.7128793 0.0000000 
