10
A          0.0000000 0.3519137 0.2767955 0.6689828 0.3148167 0.4362223 0.3017223 0.3803738 0.7581895 0.3950234 
B          0.3519137 0.0000000 0.2015129 0.5795831 0.2519876 0.3758086 0.2346734 0.3139349 0.6703083 0.3472938 
C          0.2767955 0.2015129 0.0000000 0.5497406 0.1644810 0.3111336 0.1361356 0.2168623 0.5934141 0.2695358 
D          0.6689828 0.5795831 0.5497406 0.0000000 0.5920175 0.7195471 0.5693276 0.6836584 0.9011368 0.7268647 
E          0.3148167 0.2519876 0.1644810 0.5920175 0.0000000 0.3677797 0.1755811 0.3051311 0.6508645 0.3442173 
F          0.4362223 0.3758086 0.3111336 0.7195471 0.3677797 0.0000000 0.3345867 0.3792180 0.8441276 0.4856259 
G          0.3017223 0.2346734 0.1361356 0.5693276 0.1755811 0.3345867 0.0000000 0.2810552 0.5895272 0.2790474 
H          0.3803738 0.3139349 0.2168623 0.6836584 0.3051311 0.3792180 0.2810552 0.0000000 0.6857126 0.3899500 
I          0.7581895 0.6703083 0.5934141 0.9011368 0.6508645 0.8441276 0.5895272 0.6857126 0.0000000 0.6798952 
J          0.3950234 0.3472938 0.2695358 0.7268647 0.3442173 0.4856259 0.2790474 0.3899500 0.6798952 0.0000000 
