10
A          0.0000000 0.3971090 0.2619637 0.7160554 0.3142956 0.4802368 0.2835744 0.3606036 0.6019198 0.4770977 
B          0.3971090 0.0000000 0.2205205 0.6523485 0.2739565 0.3741132 0.2468127 0.2784022 0.5602506 0.3769740 
C          0.2619637 0.2205205 0.0000000 0.5204219 0.1539199 0.3034923 0.1262791 0.1743835 0.4344390 0.2634002 
D          0.7160554 0.6523485 0.5204219 0.0000000 0.6019416 0.8130489 0.5427422 0.6239686 0.9211806 0.7053981 
E          0.3142956 0.2739565 0.1539199 0.6019416 0.0000000 0.3672582 0.1923774 0.2332016 0.5102707 0.3347754 
F          0.4802368 0.3741132 0.3034923 0.8130489 0.3672582 0.0000000 0.3316013 0.3733104 0.6234571 0.5008708 
G          0.2835744 0.2468127 0.1262791 0.5427422 0.1923774 0.3316013 0.0000000 0.2037191 0.4640437 0.2797790 
H          0.3606036 0.2784022 0.1743835 0.6239686 0.2332016 0.3733104 0.2037191 0.0000000 0.5017429 0.3221517 
I          0.6019198 0.5602506 0.4344390 0.9211806 0.5102707 0.6234571 0.4640437 0.5017429 0.0000000 0.6167612 
J          0.4770977 0.3769740 0.2634002 0.7053981 0.3347754 0.5008708 0.2797790 0.3221517 0.6167612 0.0000000 
