10
A          0.0000000 0.4179924 0.2986668 0.7298227 0.3675336 0.4794027 0.3738260 0.3859159 0.7830717 0.5044844 
B          0.4179924 0.0000000 0.3029797 0.6785232 0.3888108 0.4940261 0.3127679 0.3596091 0.8144246 0.4942096 
C          0.2986668 0.3029797 0.0000000 0.6084702 0.2098661 0.3274587 0.1760070 0.2358943 0.6929647 0.3576142 
D          0.7298227 0.6785232 0.6084702 0.0000000 0.6142419 0.7946497 0.6117077 0.6903931 1.0557104 0.8351597 
E          0.3675336 0.3888108 0.2098661 0.6142419 0.0000000 0.4147924 0.2522091 0.3093683 0.7792854 0.4376045 
F          0.4794027 0.4940261 0.3274587 0.7946497 0.4147924 0.0000000 0.4008999 0.4320843 0.7899984 0.6036797 
G          0.3738260 0.3127679 0.1760070 0.6117077 0.2522091 0.4008999 0.0000000 0.2792431 0.7462319 0.3841326 
H          0.3859159 0.3596091 0.2358943 0.6903931 0.3093683 0.4320843 0.2792431 0.0000000 0.7126688 0.4257452 
I          0.7830717 0.8144246 0.6929647 1.0557104 0.7792854 0.7899984 0.7462319 0.7126688 0.0000000 0.8302475 
J          0.5044844 0.4942096 0.3576142 0.8351597 0.4376045 0.6036797 0.3841326 0.4257452 0.8302475 0.0000000 
