10
A          0.0000000 0.4450056 0.2952912 0.5682858 0.3628727 0.4987122 0.3386160 0.3979932 0.7170397 0.4263872 
B          0.4450056 0.0000000 0.2727001 0.6111104 0.3213629 0.4104977 0.3192390 0.3738065 0.6733676 0.4072497 
C          0.2952912 0.2727001 0.0000000 0.4184768 0.1759956 0.3456450 0.1628218 0.2107641 0.5017811 0.2691194 
D          0.5682858 0.6111104 0.4184768 0.0000000 0.5080534 0.6754136 0.4542478 0.4866552 0.7789059 0.5578498 
E          0.3628727 0.3213629 0.1759956 0.5080534 0.0000000 0.3722804 0.2275657 0.2782342 0.6181712 0.3134099 
F          0.4987122 0.4104977 0.3456450 0.6754136 0.3722804 0.0000000 0.3642734 0.3917665 0.7353662 0.4639824 
G          0.3386160 0.3192390 0.1628218 0.4542478 0.2275657 0.3642734 0.0000000 0.2385267 0.5690407 0.3169733 
H          0.3979932 0.3738065 0.2107641 0.4866552 0.2782342 0.3917665 0.2385267 0.0000000 0.6283279 0.3650690 
I          0.7170397 0.6733676 0.5017811 0.7789059 0.6181712 0.7353662 0.5690407 0.6283279 0.0000000 0.6492767 
J          0.4263872 0.4072497 0.2691194 0.5578498 0.3134099 0.4639824 0.3169733 0.3650690 0.6492767 0.0000000 
