10
A          0.0000000 0.5392839 0.5145782 0.5492562 0.3167086 0.4726736 0.7192600 0.6266568 0.5100252 0.5134010 
B          0.5392839 0.0000000 0.5520903 0.5526390 0.3254482 0.5044867 0.6785128 0.5904300 0.5499536 0.5107348 
C          0.5145782 0.5520903 0.0000000 0.6209661 0.3272542 0.4717106 0.6942878 0.5661490 0.4819196 0.4690243 
D          0.5492562 0.5526390 0.6209661 0.0000000 0.3780853 0.5521129 0.7944371 0.6330698 0.5712804 0.5352070 
E          0.3167086 0.3254482 0.3272542 0.3780853 0.0000000 0.2949997 0.5147544 0.3927671 0.3624448 0.3273180 
F          0.4726736 0.5044867 0.4717106 0.5521129 0.2949997 0.0000000 0.6978268 0.5327247 0.4882621 0.4667026 
G          0.7192600 0.6785128 0.6942878 0.7944371 0.5147544 0.6978268 0.0000000 0.8144839 0.7248706 0.7145998 
H          0.6266568 0.5904300 0.5661490 0.6330698 0.3927671 0.5327247 0.8144839 0.0000000 0.5152881 0.5301036 
I          0.5100252 0.5499536 0.4819196 0.5712804 0.3624448 0.4882621 0.7248706 0.5152881 0.0000000 0.5165630 
J          0.5134010 0.5107348 0.4690243 0.5352070 0.3273180 0.4667026 0.7145998 0.5301036 0.5165630 0.0000000 
