10
A          0.0000000 0.5103335 0.5034860 0.5159733 0.2936913 0.4440156 0.6177596 0.4839805 0.4334804 0.5071218 
B          0.5103335 0.0000000 0.5145205 0.6398463 0.3767301 0.4903781 0.6654062 0.5217910 0.5568567 0.6305016 
C          0.5034860 0.5145205 0.0000000 0.5843234 0.3451472 0.4398362 0.7537922 0.5617387 0.5834970 0.5559612 
D          0.5159733 0.6398463 0.5843234 0.0000000 0.3991842 0.5612844 0.7699167 0.6073010 0.6699024 0.5942433 
E          0.2936913 0.3767301 0.3451472 0.3991842 0.0000000 0.2566257 0.5053914 0.3437247 0.3152185 0.3733816 
F          0.4440156 0.4903781 0.4398362 0.5612844 0.2566257 0.0000000 0.5826584 0.4716242 0.4672201 0.4550853 
G          0.6177596 0.6654062 0.7537922 0.7699167 0.5053914 0.5826584 0.0000000 0.7574247 0.6948633 0.7207374 
H          0.4839805 0.5217910 0.5617387 0.6073010 0.3437247 0.4716242 0.7574247 0.0000000 0.5127184 0.5257781 
I          0.4334804 0.5568567 0.5834970 0.6699024 0.3152185 0.4672201 0.6948633 0.5127184 0.0000000 0.5415750 
J          0.5071218 0.6305016 0.5559612 0.5942433 0.3733816 0.4550853 0.7207374 0.5257781 0.5415750 0.0000000 
