10
A          0.0000000 0.5763996 0.5086638 0.6485891 0.3809141 0.4679622 0.7578919 0.5800957 0.5116970 0.6399410 
B          0.5763996 0.0000000 0.5822140 0.7160827 0.3763977 0.5129829 0.8049473 0.6146990 0.5252689 0.6327878 
C          0.5086638 0.5822140 0.0000000 0.5735209 0.3713728 0.5130623 0.6721958 0.5912380 0.4606251 0.6456792 
D          0.6485891 0.7160827 0.5735209 0.0000000 0.4285654 0.6173828 0.8965138 0.7194822 0.6133616 0.6658969 
E          0.3809141 0.3763977 0.3713728 0.4285654 0.0000000 0.2880815 0.5232205 0.3841939 0.2944808 0.3807786 
F          0.4679622 0.5129829 0.5130623 0.6173828 0.2880815 0.0000000 0.6596034 0.5116745 0.4653330 0.5662987 
G          0.7578919 0.8049473 0.6721958 0.8965138 0.5232205 0.6596034 0.0000000 0.7764372 0.6710376 0.7912756 
H          0.5800957 0.6146990 0.5912380 0.7194822 0.3841939 0.5116745 0.7764372 0.0000000 0.4983438 0.6219294 
I          0.5116970 0.5252689 0.4606251 0.6133616 0.2944808 0.4653330 0.6710376 0.4983438 0.0000000 0.5587214 
J          0.6399410 0.6327878 0.6456792 0.6658969 0.3807786 0.5662987 0.7912756 0.6219294 0.5587214 0.0000000 
