10
A          0.0000000 0.6214727 0.6009523 0.6745431 0.3539631 0.5259770 0.8101037 0.6370928 0.5839438 0.6058981 
B          0.6214727 0.0000000 0.5886228 0.5987017 0.3397360 0.4562289 0.7950947 0.6770905 0.5582836 0.5033666 
C          0.6009523 0.5886228 0.0000000 0.6338386 0.3631710 0.4950786 0.9443698 0.6784377 0.5909657 0.5827458 
D          0.6745431 0.5987017 0.6338386 0.0000000 0.3614820 0.4939991 0.9315539 0.7061461 0.5769023 0.6200198 
E          0.3539631 0.3397360 0.3631710 0.3614820 0.0000000 0.2284571 0.6020597 0.4369296 0.3206269 0.3391201 
F          0.5259770 0.4562289 0.4950786 0.4939991 0.2284571 0.0000000 0.7520843 0.5623477 0.4799316 0.5034424 
G          0.8101037 0.7950947 0.9443698 0.9315539 0.6020597 0.7520843 0.0000000 0.9841486 0.8290673 0.8069694 
H          0.6370928 0.6770905 0.6784377 0.7061461 0.4369296 0.5623477 0.9841486 0.0000000 0.6258813 0.7843569 
I          0.5839438 0.5582836 0.5909657 0.5769023 0.3206269 0.4799316 0.8290673 0.6258813 0.0000000 0.6035033 
J          0.6058981 0.5033666 0.5827458 0.6200198 0.3391201 0.5034424 0.8069694 0.7843569 0.6035033 0.0000000 
