10
A          0.0000000 0.5898106 0.5969150 0.6786072 0.3591866 0.4294679 0.6271559 0.5799102 0.6180887 0.5298455 
B          0.5898106 0.0000000 0.6606028 0.7439578 0.4130210 0.4985182 0.7562006 0.6167691 0.5520371 0.5683661 
C          0.5969150 0.6606028 0.0000000 0.7345031 0.3893833 0.5009442 0.7054026 0.5882655 0.6426459 0.5393986 
D          0.6786072 0.7439578 0.7345031 0.0000000 0.4581315 0.5817745 0.7694724 0.6731530 0.6701986 0.7168922 
E          0.3591866 0.4130210 0.3893833 0.4581315 0.0000000 0.2624571 0.4668425 0.3793213 0.3972517 0.3302626 
F          0.4294679 0.4985182 0.5009442 0.5817745 0.2624571 0.0000000 0.5686173 0.4961898 0.4460306 0.4544816 
G          0.6271559 0.7562006 0.7054026 0.7694724 0.4668425 0.5686173 0.0000000 0.7166356 0.7482848 0.6166456 
H          0.5799102 0.6167691 0.5882655 0.6731530 0.3793213 0.4961898 0.7166356 0.0000000 0.5789113 0.5364863 
I          0.6180887 0.5520371 0.6426459 0.6701986 0.3972517 0.4460306 0.7482848 0.5789113 0.0000000 0.5866672 
J          0.5298455 0.5683661 0.5393986 0.7168922 0.3302626 0.4544816 0.6166456 0.5364863 0.5866672 0.0000000 
