10
A          0.0000000 0.7112881 0.5528852 0.7602319 0.3952191 0.4775887 0.7152617 0.6743998 0.7338936 0.7274361 
B          0.7112881 0.0000000 0.6234992 0.6851936 0.3797155 0.5846444 0.8508453 0.6634719 0.5777592 0.6486044 
C          0.5528852 0.6234992 0.0000000 0.6388373 0.3590451 0.4224319 0.7125767 0.5803412 0.5544401 0.6532580 
D          0.7602319 0.6851936 0.6388373 0.0000000 0.5112153 0.6758435 0.8422690 0.6507897 0.8070244 0.7676478 
E          0.3952191 0.3797155 0.3590451 0.5112153 0.0000000 0.2949800 0.6022028 0.4094831 0.3818910 0.4164126 
F          0.4775887 0.5846444 0.4224319 0.6758435 0.2949800 0.0000000 0.7088455 0.6199029 0.4835039 0.5131752 
G          0.7152617 0.8508453 0.7125767 0.8422690 0.6022028 0.7088455 0.0000000 0.8491190 0.9002357 0.9904434 
H          0.6743998 0.6634719 0.5803412 0.6507897 0.4094831 0.6199029 0.8491190 0.0000000 0.7354029 0.7494059 
I          0.7338936 0.5777592 0.5544401 0.8070244 0.3818910 0.4835039 0.9002357 0.7354029 0.0000000 0.7171502 
J          0.7274361 0.6486044 0.6532580 0.7676478 0.4164126 0.5131752 0.9904434 0.7494059 0.7171502 0.0000000 
