10
A          0.0000000 0.6563720 0.6108247 0.6146307 0.3821882 0.5402268 0.7817966 0.6064056 0.5383227 0.5736714 
B          0.6563720 0.0000000 0.6348091 0.6268769 0.3938365 0.5097258 0.6895012 0.6217692 0.5410596 0.5292502 
C          0.6108247 0.6348091 0.0000000 0.6830863 0.3947628 0.5720907 0.7643027 0.6503512 0.6051215 0.6078755 
D          0.6146307 0.6268769 0.6830863 0.0000000 0.3930315 0.5290776 0.7356148 0.6575704 0.6207721 0.5611498 
E          0.3821882 0.3938365 0.3947628 0.3930315 0.0000000 0.3083542 0.5295151 0.4267123 0.3403872 0.3106192 
F          0.5402268 0.5097258 0.5720907 0.5290776 0.3083542 0.0000000 0.7851936 0.5572686 0.4699259 0.4778710 
G          0.7817966 0.6895012 0.7643027 0.7356148 0.5295151 0.7851936 0.0000000 0.8220406 0.7309995 0.7130351 
H          0.6064056 0.6217692 0.6503512 0.6575704 0.4267123 0.5572686 0.8220406 0.0000000 0.6196957 0.5952134 
I          0.5383227 0.5410596 0.6051215 0.6207721 0.3403872 0.4699259 0.7309995 0.6196957 0.0000000 0.5321514 
J          0.5736714 0.5292502 0.6078755 0.5611498 0.3106192 0.4778710 0.7130351 0.5952134 0.5321514 0.0000000 
