10
A          0.0000000 0.5726242 0.5795333 0.6022170 0.3250993 0.4990924 0.8589972 0.6311310 0.5256696 0.5479203 
B          0.5726242 0.0000000 0.5802266 0.6111060 0.3388075 0.4817675 0.7868259 0.5674653 0.5289683 0.5678513 
C          0.5795333 0.5802266 0.0000000 0.6992759 0.3646090 0.4933397 0.9055405 0.5718820 0.6124272 0.5058924 
D          0.6022170 0.6111060 0.6992759 0.0000000 0.4247570 0.6117405 0.8461029 0.6845110 0.5875134 0.6012557 
E          0.3250993 0.3388075 0.3646090 0.4247570 0.0000000 0.2641093 0.5476056 0.3631848 0.2869265 0.3211450 
F          0.4990924 0.4817675 0.4933397 0.6117405 0.2641093 0.0000000 0.7242933 0.5221159 0.4632365 0.4672526 
G          0.8589972 0.7868259 0.9055405 0.8461029 0.5476056 0.7242933 0.0000000 0.8611214 0.8931447 0.7783781 
H          0.6311310 0.5674653 0.5718820 0.6845110 0.3631848 0.5221159 0.8611214 0.0000000 0.5037019 0.5277930 
I          0.5256696 0.5289683 0.6124272 0.5875134 0.2869265 0.4632365 0.8931447 0.5037019 0.0000000 0.4940325 
J          0.5479203 0.5678513 0.5058924 0.6012557 0.3211450 0.4672526 0.7783781 0.5277930 0.4940325 0.0000000 
