10
A          0.0000000 0.6063747 0.6177661 0.6508481 0.3650779 0.4981167 0.7552578 0.6099370 0.5140521 0.5889791 
B          0.6063747 0.0000000 0.5501118 0.7934351 0.3383784 0.5275899 0.8913212 0.6004752 0.4677596 0.5515272 
C          0.6177661 0.5501118 0.0000000 0.6542200 0.3508064 0.4393998 0.7714875 0.6000739 0.5845857 0.5670262 
D          0.6508481 0.7934351 0.6542200 0.0000000 0.4683564 0.5729348 0.9124989 0.6139204 0.6798529 0.6791670 
E          0.3650779 0.3383784 0.3508064 0.4683564 0.0000000 0.2680891 0.5638054 0.4035067 0.2819739 0.3734624 
F          0.4981167 0.5275899 0.4393998 0.5729348 0.2680891 0.0000000 0.6410882 0.5006027 0.4473796 0.4916727 
G          0.7552578 0.8913212 0.7714875 0.9124989 0.5638054 0.6410882 0.0000000 0.8196433 0.6584422 0.8185550 
H          0.6099370 0.6004752 0.6000739 0.6139204 0.4035067 0.5006027 0.8196433 0.0000000 0.5205033 0.6905049 
I          0.5140521 0.4677596 0.5845857 0.6798529 0.2819739 0.4473796 0.6584422 0.5205033 0.0000000 0.5703005 
J          0.5889791 0.5515272 0.5670262 0.6791670 0.3734624 0.4916727 0.8185550 0.6905049 0.5703005 0.0000000 
