10
A          0.0000000 0.6442992 0.3164081 0.7037316 0.4997876 0.1899325 0.3697500 0.2040213 0.2043065 0.4913212 
B          0.6442992 0.0000000 0.6525640 0.9748378 0.7914386 0.5350261 0.7501366 0.5882133 0.5778627 0.7871468 
C          0.3164081 0.6525640 0.0000000 0.7303897 0.5865039 0.2647818 0.4427619 0.3054626 0.2758755 0.5248384 
D          0.7037316 0.9748378 0.7303897 0.0000000 0.9178465 0.6441065 0.8542552 0.6940800 0.6801932 0.9385535 
E          0.4997876 0.7914386 0.5865039 0.9178465 0.0000000 0.4678644 0.6551416 0.4715453 0.4987148 0.7419131 
F          0.1899325 0.5350261 0.2647818 0.6441065 0.4678644 0.0000000 0.3168237 0.1421885 0.1487253 0.4215557 
G          0.3697500 0.7501366 0.4427619 0.8542552 0.6551416 0.3168237 0.0000000 0.3322307 0.3306542 0.5712256 
H          0.2040213 0.5882133 0.3054626 0.6940800 0.4715453 0.1421885 0.3322307 0.0000000 0.1586714 0.4273302 
I          0.2043065 0.5778627 0.2758755 0.6801932 0.4987148 0.1487253 0.3306542 0.1586714 0.0000000 0.4572604 
J          0.4913212 0.7871468 0.5248384 0.9385535 0.7419131 0.4215557 0.5712256 0.4273302 0.4572604 0.0000000 
