10
A          0.0000000 0.5597297 0.3234589 0.7200433 0.5597652 0.2094827 0.3237289 0.2026685 0.2345822 0.4825516 
B          0.5597297 0.0000000 0.5841235 0.9652520 0.8884267 0.5103293 0.6717906 0.5233134 0.5481580 0.7921941 
C          0.3234589 0.5841235 0.0000000 0.6875572 0.5786812 0.2307436 0.4367373 0.2553168 0.2882446 0.5028347 
D          0.7200433 0.9652520 0.6875572 0.0000000 1.0120153 0.6096811 0.7952135 0.6064489 0.6785572 0.9704542 
E          0.5597652 0.8884267 0.5786812 1.0120153 0.0000000 0.5068401 0.7381544 0.4699802 0.4901045 0.8099742 
F          0.2094827 0.5103293 0.2307436 0.6096811 0.5068401 0.0000000 0.3165199 0.1472619 0.1861435 0.3702003 
G          0.3237289 0.6717906 0.4367373 0.7952135 0.7381544 0.3165199 0.0000000 0.2974874 0.3406501 0.5922356 
H          0.2026685 0.5233134 0.2553168 0.6064489 0.4699802 0.1472619 0.2974874 0.0000000 0.1756365 0.3881875 
I          0.2345822 0.5481580 0.2882446 0.6785572 0.4901045 0.1861435 0.3406501 0.1756365 0.0000000 0.4327955 
J          0.4825516 0.7921941 0.5028347 0.9704542 0.8099742 0.3702003 0.5922356 0.3881875 0.4327955 0.0000000 
