10
A          0.0000000 0.6440455 0.3377983 0.6657112 0.6037642 0.2276466 0.3350617 0.2283356 0.2646169 0.4428486 
B          0.6440455 0.0000000 0.7039671 0.9166884 1.0535148 0.6017309 0.7141799 0.6422071 0.5875877 0.8483165 
C          0.3377983 0.7039671 0.0000000 0.6906033 0.6291648 0.2503235 0.4360892 0.2942116 0.3119028 0.4557072 
D          0.6657112 0.9166884 0.6906033 0.0000000 1.0508019 0.5911213 0.6697454 0.6499411 0.6503870 0.8792647 
E          0.6037642 1.0535148 0.6291648 1.0508019 0.0000000 0.6034060 0.6577688 0.5602182 0.4801143 0.8370734 
F          0.2276466 0.6017309 0.2503235 0.5911213 0.6034060 0.0000000 0.3192874 0.1851585 0.2020940 0.3778068 
G          0.3350617 0.7141799 0.4360892 0.6697454 0.6577688 0.3192874 0.0000000 0.3202615 0.3310295 0.6148054 
H          0.2283356 0.6422071 0.2942116 0.6499411 0.5602182 0.1851585 0.3202615 0.0000000 0.2110638 0.3822788 
I          0.2646169 0.5875877 0.3119028 0.6503870 0.4801143 0.2020940 0.3310295 0.2110638 0.0000000 0.4562390 
J          0.4428486 0.8483165 0.4557072 0.8792647 0.8370734 0.3778068 0.6148054 0.3822788 0.4562390 0.0000000 
