10
A          0.0000000 0.6076250 0.3018399 0.6164696 0.4930355 0.1883965 0.3518439 0.1850588 0.1846581 0.4474450 
B          0.6076250 0.0000000 0.7218912 0.9661902 0.8216821 0.5355531 0.7081248 0.5785555 0.5852992 0.7834587 
C          0.3018399 0.7218912 0.0000000 0.7438745 0.5904797 0.2858341 0.4632949 0.3109876 0.3070265 0.5085778 
D          0.6164696 0.9661902 0.7438745 0.0000000 0.8327022 0.5114785 0.6857423 0.5543343 0.5544630 0.7419661 
E          0.4930355 0.8216821 0.5904797 0.8327022 0.0000000 0.4347482 0.6227291 0.4451981 0.4529749 0.6600656 
F          0.1883965 0.5355531 0.2858341 0.5114785 0.4347482 0.0000000 0.3174598 0.1499069 0.1512929 0.3602784 
G          0.3518439 0.7081248 0.4632949 0.6857423 0.6227291 0.3174598 0.0000000 0.3330710 0.3047922 0.5429806 
H          0.1850588 0.5785555 0.3109876 0.5543343 0.4451981 0.1499069 0.3330710 0.0000000 0.1734463 0.3831803 
I          0.1846581 0.5852992 0.3070265 0.5544630 0.4529749 0.1512929 0.3047922 0.1734463 0.0000000 0.3546422 
J          0.4474450 0.7834587 0.5085778 0.7419661 0.6600656 0.3602784 0.5429806 0.3831803 0.3546422 0.0000000 
