10
A          0.0000000 0.6413075 0.4969058 0.8032255 0.6390693 0.4071710 0.3370985 0.2460734 0.3750845 0.6488069 
B          0.6413075 0.0000000 0.6862169 1.0101565 0.8518218 0.5398667 0.7221772 0.5305234 0.5827964 0.7389618 
C          0.4969058 0.6862169 0.0000000 0.7501526 0.7335660 0.2873520 0.6328994 0.4309675 0.4369447 0.5133275 
D          0.8032255 1.0101565 0.7501526 0.0000000 1.0948639 0.6575341 0.9413255 0.6879790 0.7912859 0.8940695 
E          0.6390693 0.8518218 0.7335660 1.0948639 0.0000000 0.6433301 0.7391412 0.5450732 0.4855111 0.9677658 
F          0.4071710 0.5398667 0.2873520 0.6575341 0.6433301 0.0000000 0.4707268 0.3188560 0.3277387 0.3864814 
G          0.3370985 0.7221772 0.6328994 0.9413255 0.7391412 0.4707268 0.0000000 0.3214766 0.4125277 0.6650510 
H          0.2460734 0.5305234 0.4309675 0.6879790 0.5450732 0.3188560 0.3214766 0.0000000 0.2874160 0.5716331 
I          0.3750845 0.5827964 0.4369447 0.7912859 0.4855111 0.3277387 0.4125277 0.2874160 0.0000000 0.5697652 
J          0.6488069 0.7389618 0.5133275 0.8940695 0.9677658 0.3864814 0.6650510 0.5716331 0.5697652 0.0000000 
