10
A          0.0000000 0.6844145 0.3755098 0.6990482 0.5725244 0.2177963 0.3680459 0.2164166 0.2752247 0.4864648 
B          0.6844145 0.0000000 0.6772286 1.0760091 0.9212989 0.5156937 0.7080911 0.5873658 0.5660923 0.7830476 
C          0.3755098 0.6772286 0.0000000 0.7931131 0.6287463 0.2544152 0.5041777 0.3157661 0.3168381 0.5277536 
D          0.6990482 1.0760091 0.7931131 0.0000000 0.9321097 0.5551528 0.7930915 0.6739485 0.6672798 0.9110441 
E          0.5725244 0.9212989 0.6287463 0.9321097 0.0000000 0.5146389 0.6157289 0.5254217 0.5296472 0.8270736 
F          0.2177963 0.5156937 0.2544152 0.5551528 0.5146389 0.0000000 0.2954303 0.1537695 0.1762344 0.3706221 
G          0.3680459 0.7080911 0.5041777 0.7930915 0.6157289 0.2954303 0.0000000 0.2913975 0.3364211 0.5930753 
H          0.2164166 0.5873658 0.3157661 0.6739485 0.5254217 0.1537695 0.2913975 0.0000000 0.1875888 0.4561422 
I          0.2752247 0.5660923 0.3168381 0.6672798 0.5296472 0.1762344 0.3364211 0.1875888 0.0000000 0.4759101 
J          0.4864648 0.7830476 0.5277536 0.9110441 0.8270736 0.3706221 0.5930753 0.4561422 0.4759101 0.0000000 
