10
A          0.0000000 0.6942473 0.3875634 0.6931218 0.6575519 0.2001940 0.3676243 0.2328806 0.2366736 0.5396191 
B          0.6942473 0.0000000 0.6009415 1.0552281 1.0330999 0.5783810 0.6369441 0.5809155 0.5790573 0.7948698 
C          0.3875634 0.6009415 0.0000000 0.7727547 0.6344506 0.2318319 0.3862223 0.2708782 0.2437040 0.4723643 
D          0.6931218 1.0552281 0.7727547 0.0000000 1.1898549 0.6302836 0.8377277 0.6666739 0.6210610 0.7738018 
E          0.6575519 1.0330999 0.6344506 1.1898549 0.0000000 0.5004957 0.6915219 0.5221280 0.5240050 0.8527036 
F          0.2001940 0.5783810 0.2318319 0.6302836 0.5004957 0.0000000 0.2726715 0.1325459 0.1385311 0.3650896 
G          0.3676243 0.6369441 0.3862223 0.8377277 0.6915219 0.2726715 0.0000000 0.3018996 0.3423209 0.5232771 
H          0.2328806 0.5809155 0.2708782 0.6666739 0.5221280 0.1325459 0.3018996 0.0000000 0.1773114 0.4164028 
I          0.2366736 0.5790573 0.2437040 0.6210610 0.5240050 0.1385311 0.3423209 0.1773114 0.0000000 0.4222916 
J          0.5396191 0.7948698 0.4723643 0.7738018 0.8527036 0.3650896 0.5232771 0.4164028 0.4222916 0.0000000 
