10
A          0.0000000 0.6662586 0.3830760 0.7037983 0.6116035 0.2885374 0.3053739 0.2122467 0.2611523 0.5310276 
B          0.6662586 0.0000000 0.7208276 0.9964747 0.9338650 0.5921495 0.7947454 0.6455681 0.6319021 0.8642422 
C          0.3830760 0.7208276 0.0000000 0.7191611 0.6032033 0.2278944 0.4658423 0.3120647 0.3231033 0.4704139 
D          0.7037983 0.9964747 0.7191611 0.0000000 0.8689922 0.6202863 0.8039006 0.6322486 0.7430932 0.8266186 
E          0.6116035 0.9338650 0.6032033 0.8689922 0.0000000 0.5363418 0.6742093 0.5297870 0.6180963 0.7207400 
F          0.2885374 0.5921495 0.2278944 0.6202863 0.5363418 0.0000000 0.3769991 0.2261028 0.2233708 0.3885540 
G          0.3053739 0.7947454 0.4658423 0.8039006 0.6742093 0.3769991 0.0000000 0.3186715 0.3836547 0.6212700 
H          0.2122467 0.6455681 0.3120647 0.6322486 0.5297870 0.2261028 0.3186715 0.0000000 0.1988647 0.4773057 
I          0.2611523 0.6319021 0.3231033 0.7430932 0.6180963 0.2233708 0.3836547 0.1988647 0.0000000 0.5050539 
J          0.5310276 0.8642422 0.4704139 0.8266186 0.7207400 0.3885540 0.6212700 0.4773057 0.5050539 0.0000000 
