10
A          0.0000000 0.6651564 0.3420937 0.4937399 0.4631037 0.1588967 0.3352086 0.1896458 0.2081172 0.3800411 
B          0.6651564 0.0000000 0.7095708 0.8965520 0.8017089 0.5842581 0.7771398 0.5719928 0.6248193 0.7241526 
C          0.3420937 0.7095708 0.0000000 0.6300171 0.5520619 0.2901025 0.4501161 0.3067412 0.3112829 0.5034616 
D          0.4937399 0.8965520 0.6300171 0.0000000 0.7708707 0.4618481 0.6199318 0.4836155 0.5138314 0.6557725 
E          0.4631037 0.8017089 0.5520619 0.7708707 0.0000000 0.3915225 0.5210497 0.4212877 0.3941183 0.6113711 
F          0.1588967 0.5842581 0.2901025 0.4618481 0.3915225 0.0000000 0.2953345 0.1279265 0.1502205 0.2895289 
G          0.3352086 0.7771398 0.4501161 0.6199318 0.5210497 0.2953345 0.0000000 0.3227916 0.3439977 0.5130672 
H          0.1896458 0.5719928 0.3067412 0.4836155 0.4212877 0.1279265 0.3227916 0.0000000 0.1667050 0.3404555 
I          0.2081172 0.6248193 0.3112829 0.5138314 0.3941183 0.1502205 0.3439977 0.1667050 0.0000000 0.3402901 
J          0.3800411 0.7241526 0.5034616 0.6557725 0.6113711 0.2895289 0.5130672 0.3404555 0.3402901 0.0000000 
