10
A          0.0000000 0.7948564 0.6739820 1.0994115 0.7772495 0.9767023 1.0084398 0.8801889 1.0040278 0.8389918 
B          0.7948564 0.0000000 0.4527549 0.7735530 0.7549755 0.7792980 0.6965263 0.6634112 0.8962310 0.5931145 
C          0.6739820 0.4527549 0.0000000 0.5826350 0.5718708 0.6463593 0.6956480 0.4863723 0.6577722 0.4680816 
D          1.0994115 0.7735530 0.5826350 0.0000000 0.8597513 1.0420294 1.0220887 0.8500751 1.0369422 0.8462192 
E          0.7772495 0.7549755 0.5718708 0.8597513 0.0000000 0.8903440 0.9053472 0.6987634 0.9328721 0.6888756 
F          0.9767023 0.7792980 0.6463593 1.0420294 0.8903440 0.0000000 0.9240004 0.8049939 1.1022431 0.8627781 
G          1.0084398 0.6965263 0.6956480 1.0220887 0.9053472 0.9240004 0.0000000 0.8641850 1.0684758 0.8065244 
H          0.8801889 0.6634112 0.4863723 0.8500751 0.6987634 0.8049939 0.8641850 0.0000000 0.9434598 0.6847512 
I          1.0040278 0.8962310 0.6577722 1.0369422 0.9328721 1.1022431 1.0684758 0.9434598 0.0000000 0.8807190 
J          0.8389918 0.5931145 0.4680816 0.8462192 0.6888756 0.8627781 0.8065244 0.6847512 0.8807190 0.0000000 
