10
A          0.0000000 0.9869882 0.7152005 1.0320179 1.0792405 1.2779888 1.3182842 0.9563086 1.2169515 1.0141659 
B          0.9869882 0.0000000 0.5266674 1.0059555 0.7198249 0.8874595 1.1177995 0.7206622 0.9463946 0.7786714 
C          0.7152005 0.5266674 0.0000000 0.6349638 0.5679439 0.5859634 0.7156328 0.5402664 0.6845235 0.5790125 
D          1.0320179 1.0059555 0.6349638 0.0000000 0.9356134 1.0775176 1.2690847 0.9003400 1.1224057 0.9927090 
E          1.0792405 0.7198249 0.5679439 0.9356134 0.0000000 0.8686343 1.1724793 0.7468987 1.1061792 0.8704417 
F          1.2779888 0.8874595 0.5859634 1.0775176 0.8686343 0.0000000 1.0452481 0.9193651 1.1451065 0.8182051 
G          1.3182842 1.1177995 0.7156328 1.2690847 1.1724793 1.0452481 0.0000000 0.9853026 1.2462279 0.9164450 
H          0.9563086 0.7206622 0.5402664 0.9003400 0.7468987 0.9193651 0.9853026 0.0000000 0.8657039 0.7453973 
I          1.2169515 0.9463946 0.6845235 1.1224057 1.1061792 1.1451065 1.2462279 0.8657039 0.0000000 0.9000217 
J          1.0141659 0.7786714 0.5790125 0.9927090 0.8704417 0.8182051 0.9164450 0.7453973 0.9000217 0.0000000 
