10
A          0.0000000 0.7852216 0.6589001 0.9051007 0.9600055 1.0478460 0.9669010 0.7253502 1.0760124 0.8526190 
B          0.7852216 0.0000000 0.4364909 0.8951498 0.7662363 0.7109814 0.6677957 0.6295225 0.7861093 0.5562542 
C          0.6589001 0.4364909 0.0000000 0.7650759 0.5871078 0.5932323 0.6010807 0.4004415 0.6759830 0.4452909 
D          0.9051007 0.8951498 0.7650759 0.0000000 1.0674844 1.0659956 1.1140725 0.7238802 0.9366085 0.8947099 
E          0.9600055 0.7662363 0.5871078 1.0674844 0.0000000 0.9191920 0.9762353 0.7329559 1.0296332 0.7395962 
F          1.0478460 0.7109814 0.5932323 1.0659956 0.9191920 0.0000000 0.9614576 0.7181127 0.9766618 0.7831055 
G          0.9669010 0.6677957 0.6010807 1.1140725 0.9762353 0.9614576 0.0000000 0.7525721 0.8991545 0.7098035 
H          0.7253502 0.6295225 0.4004415 0.7238802 0.7329559 0.7181127 0.7525721 0.0000000 0.8578886 0.5508476 
I          1.0760124 0.7861093 0.6759830 0.9366085 1.0296332 0.9766618 0.8991545 0.8578886 0.0000000 0.7434158 
J          0.8526190 0.5562542 0.4452909 0.8947099 0.7395962 0.7831055 0.7098035 0.5508476 0.7434158 0.0000000 
