10
A          0.0000000 0.5904756 0.4892632 0.8350564 0.7404586 0.8616622 0.7354638 0.6071558 0.7227500 0.6983213 
B          0.5904756 0.0000000 0.4040684 0.7637389 0.7004899 0.7760777 0.6842739 0.5530983 0.6560469 0.6452222 
C          0.4892632 0.4040684 0.0000000 0.5787087 0.5320758 0.5663326 0.5111822 0.3904145 0.5207900 0.4081088 
D          0.8350564 0.7637389 0.5787087 0.0000000 0.8532052 0.9138836 0.9128096 0.8443310 0.8252659 0.8187837 
E          0.7404586 0.7004899 0.5320758 0.8532052 0.0000000 0.8823582 0.8495757 0.6570083 0.8070108 0.7197894 
F          0.8616622 0.7760777 0.5663326 0.9138836 0.8823582 0.0000000 0.7767383 0.7714339 0.8436590 0.8464286 
G          0.7354638 0.6842739 0.5111822 0.9128096 0.8495757 0.7767383 0.0000000 0.6816144 0.7168558 0.7042323 
H          0.6071558 0.5530983 0.3904145 0.8443310 0.6570083 0.7714339 0.6816144 0.0000000 0.6601490 0.6378073 
I          0.7227500 0.6560469 0.5207900 0.8252659 0.8070108 0.8436590 0.7168558 0.6601490 0.0000000 0.7762038 
J          0.6983213 0.6452222 0.4081088 0.8187837 0.7197894 0.8464286 0.7042323 0.6378073 0.7762038 0.0000000 
