10
A          0.0000000 0.8338967 0.5799954 0.9004668 0.8509384 1.2005685 0.9214716 0.8289654 1.0152405 0.7144382 
B          0.8338967 0.0000000 0.4069719 0.7815349 0.6720513 0.8189793 0.6784042 0.6550886 0.7831550 0.5837500 
C          0.5799954 0.4069719 0.0000000 0.6398977 0.5632074 0.7065479 0.6258119 0.4946909 0.6727713 0.4879541 
D          0.9004668 0.7815349 0.6398977 0.0000000 0.9801841 1.1875639 1.0534014 0.8470334 1.1850619 0.8561889 
E          0.8509384 0.6720513 0.5632074 0.9801841 0.0000000 1.0058117 0.8318685 0.6808466 0.9831512 0.7821067 
F          1.2005685 0.8189793 0.7065479 1.1875639 1.0058117 0.0000000 1.2296502 0.9712069 0.9127544 1.0094855 
G          0.9214716 0.6784042 0.6258119 1.0534014 0.8318685 1.2296502 0.0000000 0.8428675 0.9716282 0.8072882 
H          0.8289654 0.6550886 0.4946909 0.8470334 0.6808466 0.9712069 0.8428675 0.0000000 0.8527253 0.7004152 
I          1.0152405 0.7831550 0.6727713 1.1850619 0.9831512 0.9127544 0.9716282 0.8527253 0.0000000 0.8126176 
J          0.7144382 0.5837500 0.4879541 0.8561889 0.7821067 1.0094855 0.8072882 0.7004152 0.8126176 0.0000000 
