10
A          0.0000000 0.8119936 0.6356494 0.9906863 0.9296708 0.9454298 1.0851243 0.7588119 0.8902874 0.7582212 
B          0.8119936 0.0000000 0.4832313 0.8414143 0.7539885 0.8732547 0.9841831 0.6371394 0.8306963 0.6795244 
C          0.6356494 0.4832313 0.0000000 0.6934221 0.6167528 0.6368370 0.7114301 0.4489261 0.6765110 0.4825565 
D          0.9906863 0.8414143 0.6934221 0.0000000 1.0581898 1.1505015 1.2234029 0.9156136 1.0418629 0.8373947 
E          0.9296708 0.7539885 0.6167528 1.0581898 0.0000000 0.9492687 0.9868876 0.7920832 0.8981199 0.8141050 
F          0.9454298 0.8732547 0.6368370 1.1505015 0.9492687 0.0000000 1.1063304 0.7932584 1.0150775 0.9163490 
G          1.0851243 0.9841831 0.7114301 1.2234029 0.9868876 1.1063304 0.0000000 0.8344911 1.1335708 0.8862890 
H          0.7588119 0.6371394 0.4489261 0.9156136 0.7920832 0.7932584 0.8344911 0.0000000 0.8971942 0.6782221 
I          0.8902874 0.8306963 0.6765110 1.0418629 0.8981199 1.0150775 1.1335708 0.8971942 0.0000000 0.8096693 
J          0.7582212 0.6795244 0.4825565 0.8373947 0.8141050 0.9163490 0.8862890 0.6782221 0.8096693 0.0000000 
