10
A          0.0000000 0.8861290 0.5563416 1.0264562 0.8993559 1.1305688 0.9309875 0.8438978 0.9991626 0.7342502 
B          0.8861290 0.0000000 0.5089493 1.1061828 0.8048596 0.8289779 0.8847644 0.7339337 1.0770044 0.6451748 
C          0.5563416 0.5089493 0.0000000 0.6695072 0.5048042 0.7206765 0.7319973 0.4584564 0.7241145 0.4869200 
D          1.0264562 1.1061828 0.6695072 0.0000000 0.9874704 1.1255064 1.1282476 1.0633694 1.1270016 0.8335538 
E          0.8993559 0.8048596 0.5048042 0.9874704 0.0000000 1.0371236 0.9893259 0.8190552 1.0067006 0.7287350 
F          1.1305688 0.8289779 0.7206765 1.1255064 1.0371236 0.0000000 1.0475772 0.9267031 1.1514912 0.8811035 
G          0.9309875 0.8847644 0.7319973 1.1282476 0.9893259 1.0475772 0.0000000 0.9009334 1.2383015 0.7566880 
H          0.8438978 0.7339337 0.4584564 1.0633694 0.8190552 0.9267031 0.9009334 0.0000000 0.9463699 0.7045843 
I          0.9991626 1.0770044 0.7241145 1.1270016 1.0067006 1.1514912 1.2383015 0.9463699 0.0000000 0.9267299 
J          0.7342502 0.6451748 0.4869200 0.8335538 0.7287350 0.8811035 0.7566880 0.7045843 0.9267299 0.0000000 
