10
A          0.0000000 0.7443863 0.5531936 0.7847257 0.7015766 1.0392433 0.9944378 0.8496850 0.8746057 0.7536816 
B          0.7443863 0.0000000 0.4605343 0.7914135 0.6938667 0.8776605 0.7924273 0.6879722 0.9006932 0.5263879 
C          0.5531936 0.4605343 0.0000000 0.5585146 0.4812889 0.6532504 0.6459985 0.5104512 0.6470734 0.4174481 
D          0.7847257 0.7914135 0.5585146 0.0000000 0.8499979 1.1086570 1.0585701 0.8384965 1.0242959 0.7958193 
E          0.7015766 0.6938667 0.4812889 0.8499979 0.0000000 0.9656309 0.9332723 0.6343326 0.8554882 0.6695876 
F          1.0392433 0.8776605 0.6532504 1.1086570 0.9656309 0.0000000 1.0812080 0.8375813 0.9081230 0.9428051 
G          0.9944378 0.7924273 0.6459985 1.0585701 0.9332723 1.0812080 0.0000000 0.8959226 1.0323241 0.7211906 
H          0.8496850 0.6879722 0.5104512 0.8384965 0.6343326 0.8375813 0.8959226 0.0000000 0.9074992 0.6850000 
I          0.8746057 0.9006932 0.6470734 1.0242959 0.8554882 0.9081230 1.0323241 0.9074992 0.0000000 0.8248166 
J          0.7536816 0.5263879 0.4174481 0.7958193 0.6695876 0.9428051 0.7211906 0.6850000 0.8248166 0.0000000 
