10
A          0.0000000 0.9922953 0.7008854 1.0472917 0.9810667 0.8583186 1.0217562 0.8942374 0.9500785 0.7825730 
B          0.9922953 0.0000000 0.5843678 1.0491102 0.9376196 0.8108967 1.0752620 0.7937688 0.9447817 0.8101711 
C          0.7008854 0.5843678 0.0000000 0.8011372 0.5495450 0.5677776 0.6275776 0.5514615 0.7749927 0.5378386 
D          1.0472917 1.0491102 0.8011372 0.0000000 1.0708243 1.1466323 1.2523297 1.1290570 1.3378444 0.9629210 
E          0.9810667 0.9376196 0.5495450 1.0708243 0.0000000 0.8427798 1.0074491 0.7978332 0.9051480 0.7636494 
F          0.8583186 0.8108967 0.5677776 1.1466323 0.8427798 0.0000000 0.9709385 0.7595344 1.0816448 0.7560658 
G          1.0217562 1.0752620 0.6275776 1.2523297 1.0074491 0.9709385 0.0000000 0.9527481 1.0217036 0.8401646 
H          0.8942374 0.7937688 0.5514615 1.1290570 0.7978332 0.7595344 0.9527481 0.0000000 1.0039504 0.7776529 
I          0.9500785 0.9447817 0.7749927 1.3378444 0.9051480 1.0816448 1.0217036 1.0039504 0.0000000 0.7936210 
J          0.7825730 0.8101711 0.5378386 0.9629210 0.7636494 0.7560658 0.8401646 0.7776529 0.7936210 0.0000000 
