10
A          0.0000000 0.7446512 0.6070834 1.0745489 0.8382576 0.9128257 0.9875934 0.9402160 0.9079982 0.7634070 
B          0.7446512 0.0000000 0.4077509 0.7798086 0.6168734 0.7123109 0.7803697 0.6564033 0.6960674 0.5413187 
C          0.6070834 0.4077509 0.0000000 0.6100934 0.5419597 0.5710968 0.5888077 0.4767774 0.5469505 0.3870548 
D          1.0745489 0.7798086 0.6100934 0.0000000 0.8469314 0.9497137 1.0071534 0.9292087 0.8325933 0.8009626 
E          0.8382576 0.6168734 0.5419597 0.8469314 0.0000000 0.8085901 0.8967044 0.8160981 0.6742508 0.7001136 
F          0.9128257 0.7123109 0.5710968 0.9497137 0.8085901 0.0000000 0.9700172 0.7847576 0.8337749 0.6903919 
G          0.9875934 0.7803697 0.5888077 1.0071534 0.8967044 0.9700172 0.0000000 0.7670778 0.8909523 0.7844141 
H          0.9402160 0.6564033 0.4767774 0.9292087 0.8160981 0.7847576 0.7670778 0.0000000 0.8070039 0.6643034 
I          0.9079982 0.6960674 0.5469505 0.8325933 0.6742508 0.8337749 0.8909523 0.8070039 0.0000000 0.6495616 
J          0.7634070 0.5413187 0.3870548 0.8009626 0.7001136 0.6903919 0.7844141 0.6643034 0.6495616 0.0000000 
