10
A          0.0000000 0.7887193 0.6166047 1.0304892 0.7482020 1.1633901 0.9958751 0.6890439 0.8776789 0.8586343 
B          0.7887193 0.0000000 0.4072594 0.8076457 0.6944762 0.7875098 0.7670196 0.5970589 0.7363436 0.5951266 
C          0.6166047 0.4072594 0.0000000 0.6335638 0.4757450 0.6718448 0.6137808 0.4269508 0.5906136 0.4690117 
D          1.0304892 0.8076457 0.6335638 0.0000000 0.9400334 1.0967293 1.0508118 0.8483269 1.0520560 0.8554765 
E          0.7482020 0.6944762 0.4757450 0.9400334 0.0000000 0.9067346 0.8286507 0.6847452 0.8774374 0.7126424 
F          1.1633901 0.7875098 0.6718448 1.0967293 0.9067346 0.0000000 1.0110637 0.8946587 1.0743580 0.8484182 
G          0.9958751 0.7670196 0.6137808 1.0508118 0.8286507 1.0110637 0.0000000 0.8209524 0.9367414 0.8078471 
H          0.6890439 0.5970589 0.4269508 0.8483269 0.6847452 0.8946587 0.8209524 0.0000000 0.8345040 0.6582794 
I          0.8776789 0.7363436 0.5906136 1.0520560 0.8774374 1.0743580 0.9367414 0.8345040 0.0000000 0.8430642 
J          0.8586343 0.5951266 0.4690117 0.8554765 0.7126424 0.8484182 0.8078471 0.6582794 0.8430642 0.0000000 
