10
A          0.0000000 0.6922339 0.5262497 0.4200785 0.4630111 0.3618417 0.5925249 0.4161301 0.4699620 0.3766839 
B          0.6922339 0.0000000 0.6611517 0.5253336 0.6258712 0.5006531 0.7693050 0.4811425 0.5637444 0.5636704 
C          0.5262497 0.6611517 0.0000000 0.4405716 0.5186484 0.3840253 0.7180828 0.3954441 0.4948936 0.4479510 
D          0.4200785 0.5253336 0.4405716 0.0000000 0.3903648 0.2602921 0.4369004 0.2731103 0.3681900 0.2858729 
E          0.4630111 0.6258712 0.5186484 0.3903648 0.0000000 0.3739104 0.5747959 0.3874374 0.4367143 0.3709343 
F          0.3618417 0.5006531 0.3840253 0.2602921 0.3739104 0.0000000 0.3853344 0.2256321 0.3217283 0.2453024 
G          0.5925249 0.7693050 0.7180828 0.4369004 0.5747959 0.3853344 0.0000000 0.4316511 0.5648941 0.4702471 
H          0.4161301 0.4811425 0.3954441 0.2731103 0.3874374 0.2256321 0.4316511 0.0000000 0.3372320 0.2627753 
I          0.4699620 0.5637444 0.4948936 0.3681900 0.4367143 0.3217283 0.5648941 0.3372320 0.0000000 0.3426028 
J          0.3766839 0.5636704 0.4479510 0.2858729 0.3709343 0.2453024 0.4702471 0.2627753 0.3426028 0.0000000 
