10
A          0.0000000 0.5509859 0.5428249 0.3619026 0.5184981 0.3383027 0.5249489 0.3788512 0.4370097 0.3532420 
B          0.5509859 0.0000000 0.6379381 0.4202069 0.6596401 0.4081862 0.6575531 0.4880106 0.5316660 0.4642836 
C          0.5428249 0.6379381 0.0000000 0.4724145 0.6669346 0.4230793 0.6921816 0.5110890 0.5336224 0.5029115 
D          0.3619026 0.4202069 0.4724145 0.0000000 0.4066058 0.2408596 0.4961352 0.2625094 0.3079139 0.2589802 
E          0.5184981 0.6596401 0.6669346 0.4066058 0.0000000 0.3733337 0.6598210 0.4377589 0.4518028 0.4144452 
F          0.3383027 0.4081862 0.4230793 0.2408596 0.3733337 0.0000000 0.4677026 0.2494662 0.3265280 0.2278172 
G          0.5249489 0.6575531 0.6921816 0.4961352 0.6598210 0.4677026 0.0000000 0.5050155 0.5708131 0.4820643 
H          0.3788512 0.4880106 0.5110890 0.2625094 0.4377589 0.2494662 0.5050155 0.0000000 0.3503284 0.2490248 
I          0.4370097 0.5316660 0.5336224 0.3079139 0.4518028 0.3265280 0.5708131 0.3503284 0.0000000 0.3181780 
J          0.3532420 0.4642836 0.5029115 0.2589802 0.4144452 0.2278172 0.4820643 0.2490248 0.3181780 0.0000000 
