10
A          0.0000000 0.6597911 0.6690873 0.4122046 0.5825761 0.4720762 0.7376215 0.4442990 0.5182349 0.4613473 
B          0.6597911 0.0000000 0.7133350 0.4919993 0.6674253 0.4762322 0.6768517 0.4391842 0.5270721 0.4554322 
C          0.6690873 0.7133350 0.0000000 0.4256728 0.5366524 0.3942293 0.6734250 0.4326081 0.4852046 0.3954179 
D          0.4122046 0.4919993 0.4256728 0.0000000 0.3597013 0.2334330 0.5536127 0.2489852 0.2990231 0.2269063 
E          0.5825761 0.6674253 0.5366524 0.3597013 0.0000000 0.3878678 0.7244585 0.3930486 0.4493156 0.3698855 
F          0.4720762 0.4762322 0.3942293 0.2334330 0.3878678 0.0000000 0.5366845 0.2536016 0.2854119 0.2382205 
G          0.7376215 0.6768517 0.6734250 0.5536127 0.7244585 0.5366845 0.0000000 0.5422558 0.6171756 0.5300281 
H          0.4442990 0.4391842 0.4326081 0.2489852 0.3930486 0.2536016 0.5422558 0.0000000 0.3003844 0.2102612 
I          0.5182349 0.5270721 0.4852046 0.2990231 0.4493156 0.2854119 0.6171756 0.3003844 0.0000000 0.3023641 
J          0.4613473 0.4554322 0.3954179 0.2269063 0.3698855 0.2382205 0.5300281 0.2102612 0.3023641 0.0000000 
