10
A          0.0000000 0.5482235 0.4445914 0.3196821 0.5171508 0.3286277 0.5499644 0.3004577 0.3996971 0.3463368 
B          0.5482235 0.0000000 0.5763079 0.4303689 0.5819588 0.4140983 0.6384784 0.4101819 0.4806473 0.3914036 
C          0.4445914 0.5763079 0.0000000 0.3562768 0.5427035 0.4029842 0.5692405 0.3362934 0.4273366 0.3736631 
D          0.3196821 0.4303689 0.3562768 0.0000000 0.3995924 0.2212604 0.4542589 0.2131420 0.3173362 0.2381746 
E          0.5171508 0.5819588 0.5427035 0.3995924 0.0000000 0.3975569 0.6349423 0.3743404 0.4509268 0.4288599 
F          0.3286277 0.4140983 0.4029842 0.2212604 0.3975569 0.0000000 0.4742775 0.2041346 0.3298296 0.2201095 
G          0.5499644 0.6384784 0.5692405 0.4542589 0.6349423 0.4742775 0.0000000 0.4188019 0.4872099 0.4710132 
H          0.3004577 0.4101819 0.3362934 0.2131420 0.3743404 0.2041346 0.4188019 0.0000000 0.2662517 0.2045699 
I          0.3996971 0.4806473 0.4273366 0.3173362 0.4509268 0.3298296 0.4872099 0.2662517 0.0000000 0.3265142 
J          0.3463368 0.3914036 0.3736631 0.2381746 0.4288599 0.2201095 0.4710132 0.2045699 0.3265142 0.0000000 
