10
A          0.0000000 0.6235170 0.6187672 0.3674594 0.5467032 0.4655268 0.7096574 0.3789561 0.4555071 0.4613617 
B          0.6235170 0.0000000 0.5983470 0.3958138 0.5841829 0.4723256 0.6701290 0.4176037 0.5269691 0.4687566 
C          0.6187672 0.5983470 0.0000000 0.4612716 0.6115077 0.4991924 0.7414662 0.4658062 0.5348505 0.5164037 
D          0.3674594 0.3958138 0.4612716 0.0000000 0.3845111 0.2581732 0.5174824 0.2217041 0.3078474 0.2526452 
E          0.5467032 0.5841829 0.6115077 0.3845111 0.0000000 0.3995112 0.6236389 0.3666156 0.4955235 0.4225044 
F          0.4655268 0.4723256 0.4991924 0.2581732 0.3995112 0.0000000 0.5372225 0.2448724 0.3530465 0.2867041 
G          0.7096574 0.6701290 0.7414662 0.5174824 0.6236389 0.5372225 0.0000000 0.5145069 0.6124140 0.5295213 
H          0.3789561 0.4176037 0.4658062 0.2217041 0.3666156 0.2448724 0.5145069 0.0000000 0.3339107 0.2397949 
I          0.4555071 0.5269691 0.5348505 0.3078474 0.4955235 0.3530465 0.6124140 0.3339107 0.0000000 0.3508856 
J          0.4613617 0.4687566 0.5164037 0.2526452 0.4225044 0.2867041 0.5295213 0.2397949 0.3508856 0.0000000 
