10
A          0.0000000 0.6728540 0.5714344 0.3880380 0.5338329 0.4173303 0.6572978 0.4121086 0.4644488 0.3907974 
B          0.6728540 0.0000000 0.6338999 0.4942144 0.6598055 0.5076080 0.7824695 0.4997787 0.5690645 0.4909802 
C          0.5714344 0.6338999 0.0000000 0.4358716 0.5623340 0.4642760 0.6937571 0.4356509 0.4750674 0.4607491 
D          0.3880380 0.4942144 0.4358716 0.0000000 0.3753306 0.2399157 0.4478080 0.2256505 0.3353246 0.2375445 
E          0.5338329 0.6598055 0.5623340 0.3753306 0.0000000 0.3554508 0.5508453 0.3888024 0.4595605 0.3622433 
F          0.4173303 0.5076080 0.4642760 0.2399157 0.3554508 0.0000000 0.4469052 0.2237616 0.3172044 0.2508161 
G          0.6572978 0.7824695 0.6937571 0.4478080 0.5508453 0.4469052 0.0000000 0.4613370 0.5414209 0.4433478 
H          0.4121086 0.4997787 0.4356509 0.2256505 0.3888024 0.2237616 0.4613370 0.0000000 0.3283124 0.2227133 
I          0.4644488 0.5690645 0.4750674 0.3353246 0.4595605 0.3172044 0.5414209 0.3283124 0.0000000 0.3007104 
J          0.3907974 0.4909802 0.4607491 0.2375445 0.3622433 0.2508161 0.4433478 0.2227133 0.3007104 0.0000000 
