10
A          0.0000000 0.2629814 0.1459769 0.4107240 0.2294705 0.5423416 0.1933391 0.2549738 0.2610682 0.2328542 
B          0.2629814 0.0000000 0.2777858 0.4914155 0.3240514 0.6679136 0.3109525 0.3248233 0.3855628 0.3130870 
C          0.1459769 0.2777858 0.0000000 0.3646525 0.2206961 0.5258028 0.1731242 0.2467819 0.2348491 0.1815853 
D          0.4107240 0.4914155 0.3646525 0.0000000 0.4713616 0.8380544 0.3950388 0.5083307 0.4854892 0.4653358 
E          0.2294705 0.3240514 0.2206961 0.4713616 0.0000000 0.6641898 0.2689234 0.3165810 0.3058226 0.2927683 
F          0.5423416 0.6679136 0.5258028 0.8380544 0.6641898 0.0000000 0.5706417 0.6822967 0.6379071 0.6333080 
G          0.1933391 0.3109525 0.1731242 0.3950388 0.2689234 0.5706417 0.0000000 0.2783191 0.2493044 0.2244692 
H          0.2549738 0.3248233 0.2467819 0.5083307 0.3165810 0.6822967 0.2783191 0.0000000 0.3871106 0.3032488 
I          0.2610682 0.3855628 0.2348491 0.4854892 0.3058226 0.6379071 0.2493044 0.3871106 0.0000000 0.3073443 
J          0.2328542 0.3130870 0.1815853 0.4653358 0.2927683 0.6333080 0.2244692 0.3032488 0.3073443 0.0000000 
