10
A          0.0000000 0.2610186 0.1479797 0.3659818 0.2032378 0.5206134 0.1543713 0.2320229 0.2614689 0.2269286 
B          0.2610186 0.0000000 0.2020590 0.4317612 0.2559515 0.5863286 0.2079250 0.3187632 0.3082758 0.2845321 
C          0.1479797 0.2020590 0.0000000 0.3231824 0.1614041 0.4784877 0.1010921 0.1920654 0.2034719 0.1790690 
D          0.3659818 0.4317612 0.3231824 0.0000000 0.4015579 0.7022097 0.3131809 0.4280066 0.4490355 0.4341319 
E          0.2032378 0.2559515 0.1614041 0.4015579 0.0000000 0.5511423 0.1680887 0.2547008 0.2567427 0.2581790 
F          0.5206134 0.5863286 0.4784877 0.7022097 0.5511423 0.0000000 0.4632937 0.5507515 0.5725750 0.5631566 
G          0.1543713 0.2079250 0.1010921 0.3131809 0.1680887 0.4632937 0.0000000 0.1911885 0.2008578 0.1836919 
H          0.2320229 0.3187632 0.1920654 0.4280066 0.2547008 0.5507515 0.1911885 0.0000000 0.2984589 0.2676523 
I          0.2614689 0.3082758 0.2034719 0.4490355 0.2567427 0.5725750 0.2008578 0.2984589 0.0000000 0.2818914 
J          0.2269286 0.2845321 0.1790690 0.4341319 0.2581790 0.5631566 0.1836919 0.2676523 0.2818914 0.0000000 
