10
A          0.0000000 0.3421535 0.1928602 0.4348619 0.2325550 0.6595826 0.1815336 0.2594134 0.2525817 0.2749890 
B          0.3421535 0.0000000 0.2578564 0.4932159 0.3053140 0.6698015 0.2327794 0.3743099 0.3111099 0.3170381 
C          0.1928602 0.2578564 0.0000000 0.3986946 0.1703445 0.5158725 0.1088335 0.2221788 0.1866672 0.1854645 
D          0.4348619 0.4932159 0.3986946 0.0000000 0.4059526 0.8181144 0.3590312 0.4494065 0.4335464 0.4673119 
E          0.2325550 0.3053140 0.1703445 0.4059526 0.0000000 0.5623239 0.1610040 0.2609775 0.2397116 0.2508170 
F          0.6595826 0.6698015 0.5158725 0.8181144 0.5623239 0.0000000 0.5211470 0.6146217 0.6414321 0.6329698 
G          0.1815336 0.2327794 0.1088335 0.3590312 0.1610040 0.5211470 0.0000000 0.1819371 0.1627279 0.1767763 
H          0.2594134 0.3743099 0.2221788 0.4494065 0.2609775 0.6146217 0.1819371 0.0000000 0.2747450 0.2732364 
I          0.2525817 0.3111099 0.1866672 0.4335464 0.2397116 0.6414321 0.1627279 0.2747450 0.0000000 0.2608148 
J          0.2749890 0.3170381 0.1854645 0.4673119 0.2508170 0.6329698 0.1767763 0.2732364 0.2608148 0.0000000 
