10
A          0.0000000 0.2531405 0.1772989 0.3589177 0.1857993 0.6260997 0.1755901 0.2953976 0.2465532 0.2321140 
B          0.2531405 0.0000000 0.2291054 0.4463475 0.2675660 0.6669735 0.2491397 0.3604910 0.3158529 0.3172657 
C          0.1772989 0.2291054 0.0000000 0.3869347 0.1897789 0.6169573 0.1518211 0.2732529 0.2232089 0.2102925 
D          0.3589177 0.4463475 0.3869347 0.0000000 0.4079734 0.7800616 0.3841569 0.4928774 0.4397961 0.4235898 
E          0.1857993 0.2675660 0.1897789 0.4079734 0.0000000 0.6317772 0.1942673 0.3012851 0.2751299 0.2579147 
F          0.6260997 0.6669735 0.6169573 0.7800616 0.6317772 0.0000000 0.5954132 0.7431158 0.7066852 0.6946390 
G          0.1755901 0.2491397 0.1518211 0.3841569 0.1942673 0.5954132 0.0000000 0.2565972 0.2442006 0.2188215 
H          0.2953976 0.3604910 0.2732529 0.4928774 0.3012851 0.7431158 0.2565972 0.0000000 0.3515440 0.3639404 
I          0.2465532 0.3158529 0.2232089 0.4397961 0.2751299 0.7066852 0.2442006 0.3515440 0.0000000 0.3057551 
J          0.2321140 0.3172657 0.2102925 0.4235898 0.2579147 0.6946390 0.2188215 0.3639404 0.3057551 0.0000000 
