10
A          0.0000000 0.2829372 0.1748505 0.4242719 0.2281054 0.5843814 0.1931235 0.2927982 0.2523541 0.2501316 
B          0.2829372 0.0000000 0.2365833 0.5153104 0.2751881 0.6101641 0.2536510 0.3008265 0.3337761 0.3028323 
C          0.1748505 0.2365833 0.0000000 0.3611341 0.1742017 0.5423004 0.1537585 0.2486746 0.2269375 0.1678351 
D          0.4242719 0.5153104 0.3611341 0.0000000 0.4109205 0.8675965 0.3687372 0.4616371 0.4727093 0.4618828 
E          0.2281054 0.2751881 0.1742017 0.4109205 0.0000000 0.6154149 0.2090117 0.2822413 0.2665737 0.2480076 
F          0.5843814 0.6101641 0.5423004 0.8675965 0.6154149 0.0000000 0.5429889 0.6462195 0.5870667 0.6236442 
G          0.1931235 0.2536510 0.1537585 0.3687372 0.2090117 0.5429889 0.0000000 0.2481916 0.2205789 0.2426817 
H          0.2927982 0.3008265 0.2486746 0.4616371 0.2822413 0.6462195 0.2481916 0.0000000 0.3648530 0.3100552 
I          0.2523541 0.3337761 0.2269375 0.4727093 0.2665737 0.5870667 0.2205789 0.3648530 0.0000000 0.2838130 
J          0.2501316 0.3028323 0.1678351 0.4618828 0.2480076 0.6236442 0.2426817 0.3100552 0.2838130 0.0000000 
