10
A          0.0000000 0.2292043 0.1640711 0.4361936 0.2103274 0.5580964 0.1748267 0.2600933 0.2995883 0.2328339 
B          0.2292043 0.0000000 0.2134338 0.4828364 0.2739428 0.6202662 0.2296585 0.3078947 0.3342313 0.2741816 
C          0.1640711 0.2134338 0.0000000 0.3630156 0.1662029 0.5253098 0.1128746 0.2187599 0.2436215 0.1615067 
D          0.4361936 0.4828364 0.3630156 0.0000000 0.4204229 0.8361706 0.3803850 0.4310731 0.4737239 0.4576214 
E          0.2103274 0.2739428 0.1662029 0.4204229 0.0000000 0.5809210 0.1622850 0.2555398 0.2969089 0.2258666 
F          0.5580964 0.6202662 0.5253098 0.8361706 0.5809210 0.0000000 0.4928730 0.5917358 0.6147009 0.5558345 
G          0.1748267 0.2296585 0.1128746 0.3803850 0.1622850 0.4928730 0.0000000 0.2091779 0.2655367 0.1689871 
H          0.2600933 0.3078947 0.2187599 0.4310731 0.2555398 0.5917358 0.2091779 0.0000000 0.3383023 0.2845884 
I          0.2995883 0.3342313 0.2436215 0.4737239 0.2969089 0.6147009 0.2655367 0.3383023 0.0000000 0.2998085 
J          0.2328339 0.2741816 0.1615067 0.4576214 0.2258666 0.5558345 0.1689871 0.2845884 0.2998085 0.0000000 
