10
A          0.0000000 0.2532456 0.1383275 0.3672633 0.1679080 0.4815675 0.1632020 0.2328793 0.2461475 0.2209478 
B          0.2532456 0.0000000 0.2010465 0.4161654 0.2680571 0.5320720 0.2372579 0.3105493 0.3050205 0.2865390 
C          0.1383275 0.2010465 0.0000000 0.3026453 0.1441219 0.4538550 0.1214106 0.2123180 0.1870285 0.1771447 
D          0.3672633 0.4161654 0.3026453 0.0000000 0.3451416 0.6868688 0.3331142 0.4193614 0.4144258 0.3706129 
E          0.1679080 0.2680571 0.1441219 0.3451416 0.0000000 0.4773555 0.1738616 0.2391552 0.2321372 0.2308244 
F          0.4815675 0.5320720 0.4538550 0.6868688 0.4773555 0.0000000 0.5199062 0.5525523 0.5454556 0.5185496 
G          0.1632020 0.2372579 0.1214106 0.3331142 0.1738616 0.5199062 0.0000000 0.2210067 0.2151295 0.2005142 
H          0.2328793 0.3105493 0.2123180 0.4193614 0.2391552 0.5525523 0.2210067 0.0000000 0.2815802 0.2615719 
I          0.2461475 0.3050205 0.1870285 0.4144258 0.2321372 0.5454556 0.2151295 0.2815802 0.0000000 0.2754602 
J          0.2209478 0.2865390 0.1771447 0.3706129 0.2308244 0.5185496 0.2005142 0.2615719 0.2754602 0.0000000 
