10
A          0.0000000 0.2849101 0.1525800 0.4363906 0.1928883 0.5672923 0.1610879 0.3039273 0.2715299 0.2434524 
B          0.2849101 0.0000000 0.2299572 0.5036559 0.3026228 0.6534139 0.2727401 0.3926321 0.3599677 0.3446206 
C          0.1525800 0.2299572 0.0000000 0.3455466 0.1458832 0.4938790 0.1208129 0.2365555 0.2099908 0.1750490 
D          0.4363906 0.5036559 0.3455466 0.0000000 0.3972008 0.7497386 0.3848653 0.5123245 0.4792837 0.4422421 
E          0.1928883 0.3026228 0.1458832 0.3972008 0.0000000 0.4761171 0.1676814 0.2844555 0.2677149 0.2301327 
F          0.5672923 0.6534139 0.4938790 0.7497386 0.4761171 0.0000000 0.4297634 0.6637873 0.6163630 0.5786579 
G          0.1610879 0.2727401 0.1208129 0.3848653 0.1676814 0.4297634 0.0000000 0.2634497 0.2344779 0.2038257 
H          0.3039273 0.3926321 0.2365555 0.5123245 0.2844555 0.6637873 0.2634497 0.0000000 0.3838206 0.3538760 
I          0.2715299 0.3599677 0.2099908 0.4792837 0.2677149 0.6163630 0.2344779 0.3838206 0.0000000 0.3029653 
J          0.2434524 0.3446206 0.1750490 0.4422421 0.2301327 0.5786579 0.2038257 0.3538760 0.3029653 0.0000000 
