10
A          0.0000000 0.5988433 0.9263438 0.7325641 0.8264455 0.9895570 0.7852137 0.9480050 0.9037847 0.6461986 
B          0.5988433 0.0000000 0.6124966 0.2233852 0.4179012 0.5686839 0.3890459 0.4801864 0.4143432 0.1852516 
C          0.9263438 0.6124966 0.0000000 0.6525149 0.8410987 1.0867299 0.8414208 0.9607053 0.8894411 0.6808144 
D          0.7325641 0.2233852 0.6525149 0.0000000 0.4519771 0.6854764 0.4861357 0.5499700 0.4830346 0.2703123 
E          0.8264455 0.4179012 0.8410987 0.4519771 0.0000000 0.7986615 0.6127948 0.7163845 0.6380593 0.4664802 
F          0.9895570 0.5686839 1.0867299 0.6854764 0.7986615 0.0000000 0.8878179 0.8301290 0.8003585 0.5956782 
G          0.7852137 0.3890459 0.8414208 0.4861357 0.6127948 0.8878179 0.0000000 0.7038232 0.6449789 0.4736387 
H          0.9480050 0.4801864 0.9607053 0.5499700 0.7163845 0.8301290 0.7038232 0.0000000 0.7260116 0.4870360 
I          0.9037847 0.4143432 0.8894411 0.4830346 0.6380593 0.8003585 0.6449789 0.7260116 0.0000000 0.4852129 
J          0.6461986 0.1852516 0.6808144 0.2703123 0.4664802 0.5956782 0.4736387 0.4870360 0.4852129 0.0000000 
