10
A          0.0000000 0.5879625 1.0013118 0.7472021 0.8299391 1.0874420 0.9492230 0.9248851 0.8501628 0.5746380 
B          0.5879625 0.0000000 0.5366933 0.2256871 0.4710435 0.6960847 0.4086831 0.5105528 0.3975673 0.2354047 
C          1.0013118 0.5366933 0.0000000 0.7021626 0.8445378 1.1550721 0.9209556 0.8777009 0.8437833 0.5630773 
D          0.7472021 0.2256871 0.7021626 0.0000000 0.6399776 0.7930055 0.5008996 0.6058395 0.5005331 0.3772108 
E          0.8299391 0.4710435 0.8445378 0.6399776 0.0000000 1.0288864 0.8073331 0.8196101 0.7130049 0.4996406 
F          1.0874420 0.6960847 1.1550721 0.7930055 1.0288864 0.0000000 1.0417615 0.9608304 1.0530083 0.6117976 
G          0.9492230 0.4086831 0.9209556 0.5008996 0.8073331 1.0417615 0.0000000 0.8027967 0.6294936 0.5672712 
H          0.9248851 0.5105528 0.8777009 0.6058395 0.8196101 0.9608304 0.8027967 0.0000000 0.7379394 0.5266957 
I          0.8501628 0.3975673 0.8437833 0.5005331 0.7130049 1.0530083 0.6294936 0.7379394 0.0000000 0.5198072 
J          0.5746380 0.2354047 0.5630773 0.3772108 0.4996406 0.6117976 0.5672712 0.5266957 0.5198072 0.0000000 
