10
A          0.0000000 0.5272064 0.8491281 0.5417636 0.8248958 0.7962572 0.8314440 0.8162400 0.7350500 0.5660310 
B          0.5272064 0.0000000 0.5254446 0.1960240 0.4361511 0.5498885 0.4339373 0.4216553 0.3445179 0.1676721 
C          0.8491281 0.5254446 0.0000000 0.5458780 0.7344884 0.8390329 0.8286980 0.7327787 0.7525787 0.5646206 
D          0.5417636 0.1960240 0.5458780 0.0000000 0.5090520 0.6062363 0.4179899 0.4527442 0.3835978 0.2226918 
E          0.8248958 0.4361511 0.7344884 0.5090520 0.0000000 0.7919241 0.8261431 0.7344335 0.6369912 0.4922460 
F          0.7962572 0.5498885 0.8390329 0.6062363 0.7919241 0.0000000 0.8320991 0.8056819 0.7413935 0.6244340 
G          0.8314440 0.4339373 0.8286980 0.4179899 0.8261431 0.8320991 0.0000000 0.7375264 0.6270638 0.4525894 
H          0.8162400 0.4216553 0.7327787 0.4527442 0.7344335 0.8056819 0.7375264 0.0000000 0.5794888 0.4217950 
I          0.7350500 0.3445179 0.7525787 0.3835978 0.6369912 0.7413935 0.6270638 0.5794888 0.0000000 0.3958064 
J          0.5660310 0.1676721 0.5646206 0.2226918 0.4922460 0.6244340 0.4525894 0.4217950 0.3958064 0.0000000 
