10
A          0.0000000 0.7049101 1.0400210 0.8286621 0.9172797 0.9204087 1.1174186 0.8930599 1.0188796 0.6573201 
B          0.7049101 0.0000000 0.6112160 0.2205015 0.4736452 0.7129386 0.5697498 0.5095290 0.3576600 0.2985180 
C          1.0400210 0.6112160 0.0000000 0.7256098 0.7963483 1.0192708 0.9191408 0.7960450 0.7869878 0.6983089 
D          0.8286621 0.2205015 0.7256098 0.0000000 0.5886851 0.8423528 0.6100046 0.5847116 0.4120535 0.4776259 
E          0.9172797 0.4736452 0.7963483 0.5886851 0.0000000 1.0234636 0.9097589 0.7554431 0.7107911 0.5553959 
F          0.9204087 0.7129386 1.0192708 0.8423528 1.0234636 0.0000000 1.0725020 0.7622065 0.9663983 0.6197954 
G          1.1174186 0.5697498 0.9191408 0.6100046 0.9097589 1.0725020 0.0000000 0.9085969 0.6278934 0.7120864 
H          0.8930599 0.5095290 0.7960450 0.5847116 0.7554431 0.7622065 0.9085969 0.0000000 0.8039168 0.5384972 
I          1.0188796 0.3576600 0.7869878 0.4120535 0.7107911 0.9663983 0.6278934 0.8039168 0.0000000 0.5167964 
J          0.6573201 0.2985180 0.6983089 0.4776259 0.5553959 0.6197954 0.7120864 0.5384972 0.5167964 0.0000000 
