10
A          0.0000000 0.5266129 0.8671755 0.5902393 0.7991908 1.0103010 0.8140950 0.7844549 0.6728848 0.5615618 
B          0.5266129 0.0000000 0.5018424 0.2596643 0.4152498 0.5766912 0.4189532 0.4709788 0.3705515 0.1633132 
C          0.8671755 0.5018424 0.0000000 0.5907492 0.7710973 1.0802797 0.7884271 0.7981133 0.6992815 0.5455944 
D          0.5902393 0.2596643 0.5907492 0.0000000 0.4456856 0.5874544 0.4973220 0.4753905 0.4259426 0.2750376 
E          0.7991908 0.4152498 0.7710973 0.4456856 0.0000000 0.7630961 0.7084474 0.6342918 0.6413085 0.4252965 
F          1.0103010 0.5766912 1.0802797 0.5874544 0.7630961 0.0000000 0.8792319 0.8428951 0.7934803 0.5831353 
G          0.8140950 0.4189532 0.7884271 0.4973220 0.7084474 0.8792319 0.0000000 0.8005085 0.5992152 0.4431181 
H          0.7844549 0.4709788 0.7981133 0.4753905 0.6342918 0.8428951 0.8005085 0.0000000 0.6008860 0.4839988 
I          0.6728848 0.3705515 0.6992815 0.4259426 0.6413085 0.7934803 0.5992152 0.6008860 0.0000000 0.3805706 
J          0.5615618 0.1633132 0.5455944 0.2750376 0.4252965 0.5831353 0.4431181 0.4839988 0.3805706 0.0000000 
