10
A          0.0000000 0.6113167 0.8290748 0.6841014 0.8874261 0.9741838 0.8059264 0.8750630 0.9149116 0.5757067 
B          0.6113167 0.0000000 0.4880983 0.2527697 0.4154407 0.5143117 0.4403899 0.4467279 0.4602402 0.1604783 
C          0.8290748 0.4880983 0.0000000 0.6220872 0.7663190 0.8164355 0.7341909 0.7256647 0.7405918 0.5125632 
D          0.6841014 0.2527697 0.6220872 0.0000000 0.5363817 0.5658112 0.5209150 0.6147061 0.5698136 0.2688189 
E          0.8874261 0.4154407 0.7663190 0.5363817 0.0000000 0.8434841 0.7481155 0.6862652 0.7447018 0.4085238 
F          0.9741838 0.5143117 0.8164355 0.5658112 0.8434841 0.0000000 0.8262392 0.8031077 0.7987566 0.5057850 
G          0.8059264 0.4403899 0.7341909 0.5209150 0.7481155 0.8262392 0.0000000 0.7087128 0.6698889 0.4329393 
H          0.8750630 0.4467279 0.7256647 0.6147061 0.6862652 0.8031077 0.7087128 0.0000000 0.7190174 0.4559861 
I          0.9149116 0.4602402 0.7405918 0.5698136 0.7447018 0.7987566 0.6698889 0.7190174 0.0000000 0.4331475 
J          0.5757067 0.1604783 0.5125632 0.2688189 0.4085238 0.5057850 0.4329393 0.4559861 0.4331475 0.0000000 
