10
A          0.0000000 0.5053306 0.8712307 0.6026808 0.8889034 0.9930649 0.8700748 0.8512969 0.9361909 0.5399932 
B          0.5053306 0.0000000 0.5172309 0.2046512 0.4720622 0.6212381 0.4637302 0.5132256 0.4622157 0.1671221 
C          0.8712307 0.5172309 0.0000000 0.6421992 0.8718831 0.9497609 0.8434505 0.8191763 0.8743235 0.5827381 
D          0.6026808 0.2046512 0.6421992 0.0000000 0.5523518 0.7252611 0.5684014 0.5965167 0.5849049 0.2839079 
E          0.8889034 0.4720622 0.8718831 0.5523518 0.0000000 0.9892571 0.8330276 0.8813734 0.8130309 0.5294546 
F          0.9930649 0.6212381 0.9497609 0.7252611 0.9892571 0.0000000 1.0073613 1.0695978 0.8744508 0.5933395 
G          0.8700748 0.4637302 0.8434505 0.5684014 0.8330276 1.0073613 0.0000000 0.8519218 0.7527480 0.5543445 
H          0.8512969 0.5132256 0.8191763 0.5965167 0.8813734 1.0695978 0.8519218 0.0000000 0.8642619 0.5111444 
I          0.9361909 0.4622157 0.8743235 0.5849049 0.8130309 0.8744508 0.7527480 0.8642619 0.0000000 0.4857999 
J          0.5399932 0.1671221 0.5827381 0.2839079 0.5294546 0.5933395 0.5543445 0.5111444 0.4857999 0.0000000 
