10
A          0.0000000 0.7800322 1.1618043 0.9132774 1.1266264 1.1957096 1.1251048 1.0799954 1.1068810 0.6908307 
B          0.7800322 0.0000000 0.6531153 0.2550613 0.5502037 0.9483814 0.5061414 0.5875875 0.4525218 0.3319295 
C          1.1618043 0.6531153 0.0000000 0.8172024 1.1073380 1.3937278 0.9819470 1.0543090 1.0343338 0.8005927 
D          0.9132774 0.2550613 0.8172024 0.0000000 0.7021324 0.9699072 0.5891348 0.8165552 0.5822283 0.4824880 
E          1.1266264 0.5502037 1.1073380 0.7021324 0.0000000 1.1533117 1.0449287 0.9946951 0.9074693 0.6822412 
F          1.1957096 0.9483814 1.3937278 0.9699072 1.1533117 0.0000000 1.2758781 1.1168090 1.3235387 0.7854031 
G          1.1251048 0.5061414 0.9819470 0.5891348 1.0449287 1.2758781 0.0000000 0.9577064 0.8430857 0.6860952 
H          1.0799954 0.5875875 1.0543090 0.8165552 0.9946951 1.1168090 0.9577064 0.0000000 0.9945701 0.6286026 
I          1.1068810 0.4525218 1.0343338 0.5822283 0.9074693 1.3235387 0.8430857 0.9945701 0.0000000 0.6087011 
J          0.6908307 0.3319295 0.8005927 0.4824880 0.6822412 0.7854031 0.6860952 0.6286026 0.6087011 0.0000000 
