10
A          0.0000000 0.4999727 0.9440237 0.5582191 0.7848257 0.8338410 0.7760539 0.9318163 0.7804598 0.5187023 
B          0.4999727 0.0000000 0.5711544 0.1951994 0.3578761 0.4594169 0.3883475 0.4646186 0.3193560 0.1925502 
C          0.9440237 0.5711544 0.0000000 0.6525329 0.8295621 0.8796727 0.8011582 0.9843550 0.7029785 0.6538261 
D          0.5582191 0.1951994 0.6525329 0.0000000 0.4470906 0.5783774 0.4891468 0.5389055 0.3954197 0.2605991 
E          0.7848257 0.3578761 0.8295621 0.4470906 0.0000000 0.7665173 0.6807673 0.7538530 0.5745394 0.4629545 
F          0.8338410 0.4594169 0.8796727 0.5783774 0.7665173 0.0000000 0.6905611 0.8345328 0.7070865 0.5864465 
G          0.7760539 0.3883475 0.8011582 0.4891468 0.6807673 0.6905611 0.0000000 0.8542877 0.6227110 0.4616597 
H          0.9318163 0.4646186 0.9843550 0.5389055 0.7538530 0.8345328 0.8542877 0.0000000 0.7310934 0.4734580 
I          0.7804598 0.3193560 0.7029785 0.3954197 0.5745394 0.7070865 0.6227110 0.7310934 0.0000000 0.4192970 
J          0.5187023 0.1925502 0.6538261 0.2605991 0.4629545 0.5864465 0.4616597 0.4734580 0.4192970 0.0000000 
