10
A          0.0000000 0.5282377 0.8745571 0.6559860 0.7139893 0.7880753 0.8189482 0.8417347 0.7552370 0.5039110 
B          0.5282377 0.0000000 0.5323770 0.2400751 0.3577473 0.5333128 0.4373734 0.4786566 0.3755158 0.1910837 
C          0.8745571 0.5323770 0.0000000 0.6546576 0.7479339 0.8343460 0.9189109 0.9213590 0.7109220 0.5711139 
D          0.6559860 0.2400751 0.6546576 0.0000000 0.4634518 0.6242307 0.5289241 0.5766471 0.4605725 0.2841989 
E          0.7139893 0.3577473 0.7479339 0.4634518 0.0000000 0.7170625 0.6754462 0.7162339 0.6936322 0.3881777 
F          0.7880753 0.5333128 0.8343460 0.6242307 0.7170625 0.0000000 0.8241524 0.7364384 0.7232761 0.4784136 
G          0.8189482 0.4373734 0.9189109 0.5289241 0.6754462 0.8241524 0.0000000 0.7174779 0.6783905 0.4893046 
H          0.8417347 0.4786566 0.9213590 0.5766471 0.7162339 0.7364384 0.7174779 0.0000000 0.7337950 0.4505466 
I          0.7552370 0.3755158 0.7109220 0.4605725 0.6936322 0.7232761 0.6783905 0.7337950 0.0000000 0.4067308 
J          0.5039110 0.1910837 0.5711139 0.2841989 0.3881777 0.4784136 0.4893046 0.4505466 0.4067308 0.0000000 
