10
A          0.0000000 0.4487176 0.8736350 0.6039825 0.7799233 0.7992196 0.7342869 0.7954865 0.7128101 0.5106915 
B          0.4487176 0.0000000 0.4879326 0.2289178 0.4570328 0.5115851 0.3670856 0.4355671 0.3654704 0.2229138 
C          0.8736350 0.4879326 0.0000000 0.5683213 0.7314253 0.8323600 0.7272245 0.7580662 0.7241690 0.6032661 
D          0.6039825 0.2289178 0.5683213 0.0000000 0.5347815 0.6195250 0.4625793 0.5752132 0.4993716 0.3403842 
E          0.7799233 0.4570328 0.7314253 0.5347815 0.0000000 0.8186143 0.6654441 0.6874980 0.6645690 0.5055737 
F          0.7992196 0.5115851 0.8323600 0.6195250 0.8186143 0.0000000 0.7426135 0.8447319 0.8704887 0.5287783 
G          0.7342869 0.3670856 0.7272245 0.4625793 0.6654441 0.7426135 0.0000000 0.7233702 0.6051825 0.4477086 
H          0.7954865 0.4355671 0.7580662 0.5752132 0.6874980 0.8447319 0.7233702 0.0000000 0.6293345 0.4715403 
I          0.7128101 0.3654704 0.7241690 0.4993716 0.6645690 0.8704887 0.6051825 0.6293345 0.0000000 0.4620569 
J          0.5106915 0.2229138 0.6032661 0.3403842 0.5055737 0.5287783 0.4477086 0.4715403 0.4620569 0.0000000 
