10
A          0.0000000 0.5441146 0.6070346 0.4010896 0.2409421 0.5857047 0.3733584 0.5708866 0.5800518 0.5775144 
B          0.5441146 0.0000000 0.8072066 0.6331132 0.3892739 0.7796753 0.5725040 0.7570141 0.7908544 0.8118411 
C          0.6070346 0.8072066 0.0000000 0.6734166 0.4843366 0.8912579 0.5983188 0.7619651 0.7243443 0.9235358 
D          0.4010896 0.6331132 0.6734166 0.0000000 0.2668692 0.6824248 0.4206978 0.6714097 0.5928935 0.6232432 
E          0.2409421 0.3892739 0.4843366 0.2668692 0.0000000 0.4595622 0.2351703 0.4575020 0.4444410 0.4662101 
F          0.5857047 0.7796753 0.8912579 0.6824248 0.4595622 0.0000000 0.6103460 0.9441046 0.7686234 0.8991083 
G          0.3733584 0.5725040 0.5983188 0.4206978 0.2351703 0.6103460 0.0000000 0.7128711 0.6038386 0.6336307 
H          0.5708866 0.7570141 0.7619651 0.6714097 0.4575020 0.9441046 0.7128711 0.0000000 0.8274898 0.8051558 
I          0.5800518 0.7908544 0.7243443 0.5928935 0.4444410 0.7686234 0.6038386 0.8274898 0.0000000 0.7883513 
J          0.5775144 0.8118411 0.9235358 0.6232432 0.4662101 0.8991083 0.6336307 0.8051558 0.7883513 0.0000000 
