10
A          0.0000000 0.4693298 0.5191968 0.4105511 0.2303163 0.6215888 0.3409118 0.5076299 0.5275491 0.4820855 
B          0.4693298 0.0000000 0.6618720 0.5358085 0.3600353 0.7818361 0.4738633 0.6072623 0.6214976 0.5445019 
C          0.5191968 0.6618720 0.0000000 0.5940900 0.4222228 0.7428049 0.5107000 0.6995119 0.7039475 0.6894019 
D          0.4105511 0.5358085 0.5940900 0.0000000 0.3013224 0.7045586 0.4117100 0.5128098 0.6236956 0.5129887 
E          0.2303163 0.3600353 0.4222228 0.3013224 0.0000000 0.5274082 0.2318427 0.4016091 0.4098619 0.3635824 
F          0.6215888 0.7818361 0.7428049 0.7045586 0.5274082 0.0000000 0.6667977 0.7730126 0.8284128 0.7803200 
G          0.3409118 0.4738633 0.5107000 0.4117100 0.2318427 0.6667977 0.0000000 0.5308354 0.5575581 0.4895068 
H          0.5076299 0.6072623 0.6995119 0.5128098 0.4016091 0.7730126 0.5308354 0.0000000 0.7100431 0.5574820 
I          0.5275491 0.6214976 0.7039475 0.6236956 0.4098619 0.8284128 0.5575581 0.7100431 0.0000000 0.6854711 
J          0.4820855 0.5445019 0.6894019 0.5129887 0.3635824 0.7803200 0.4895068 0.5574820 0.6854711 0.0000000 
