10
A          0.0000000 0.5864337 0.5712906 0.4051735 0.2787181 0.7789078 0.3990703 0.6120298 0.7131829 0.6114560 
B          0.5864337 0.0000000 0.7287461 0.6350145 0.4693207 0.9144323 0.6108893 0.8573148 0.9263240 0.8067301 
C          0.5712906 0.7287461 0.0000000 0.6103989 0.4803685 1.0485957 0.6368235 0.7175894 0.7928237 0.8480902 
D          0.4051735 0.6350145 0.6103989 0.0000000 0.2953650 0.8259713 0.4665530 0.6490868 0.7036768 0.5918262 
E          0.2787181 0.4693207 0.4803685 0.2953650 0.0000000 0.6918136 0.2983548 0.5111693 0.5630893 0.4895737 
F          0.7789078 0.9144323 1.0485957 0.8259713 0.6918136 0.0000000 0.8259471 1.0551460 1.1829199 1.1329608 
G          0.3990703 0.6108893 0.6368235 0.4665530 0.2983548 0.8259471 0.0000000 0.6794828 0.8490128 0.6927377 
H          0.6120298 0.8573148 0.7175894 0.6490868 0.5111693 1.0551460 0.6794828 0.0000000 0.8266730 0.9620061 
I          0.7131829 0.9263240 0.7928237 0.7036768 0.5630893 1.1829199 0.8490128 0.8266730 0.0000000 0.9363046 
J          0.6114560 0.8067301 0.8480902 0.5918262 0.4895737 1.1329608 0.6927377 0.9620061 0.9363046 0.0000000 
