10
A          0.0000000 0.4172510 0.6163594 0.3940584 0.2593890 0.6896008 0.3314458 0.5467195 0.5347359 0.4899015 
B          0.4172510 0.0000000 0.6482778 0.5225957 0.3676598 0.7482372 0.4381195 0.6529822 0.6257717 0.5764968 
C          0.6163594 0.6482778 0.0000000 0.6533558 0.5056444 0.9284710 0.6213723 0.8467127 0.8124243 0.7260126 
D          0.3940584 0.5225957 0.6533558 0.0000000 0.3537944 0.7042024 0.4427315 0.6801908 0.6691799 0.5834119 
E          0.2593890 0.3676598 0.5056444 0.3537944 0.0000000 0.5662949 0.2779507 0.5170246 0.4525363 0.4243923 
F          0.6896008 0.7482372 0.9284710 0.7042024 0.5662949 0.0000000 0.6073781 0.9085362 0.8485351 0.8032479 
G          0.3314458 0.4381195 0.6213723 0.4427315 0.2779507 0.6073781 0.0000000 0.5778966 0.5653928 0.5597873 
H          0.5467195 0.6529822 0.8467127 0.6801908 0.5170246 0.9085362 0.5778966 0.0000000 0.7483867 0.7262408 
I          0.5347359 0.6257717 0.8124243 0.6691799 0.4525363 0.8485351 0.5653928 0.7483867 0.0000000 0.7218055 
J          0.4899015 0.5764968 0.7260126 0.5834119 0.4243923 0.8032479 0.5597873 0.7262408 0.7218055 0.0000000 
