10
A          0.0000000 0.4645211 0.5305574 0.3825381 0.2220955 0.5896500 0.3640872 0.4897308 0.5217179 0.5974150 
B          0.4645211 0.0000000 0.7126924 0.5707383 0.4105116 0.7250018 0.5654770 0.7270355 0.6829466 0.7726377 
C          0.5305574 0.7126924 0.0000000 0.6212550 0.4102961 0.7605841 0.5576191 0.7480071 0.7101617 0.7917940 
D          0.3825381 0.5707383 0.6212550 0.0000000 0.3099452 0.6466654 0.4282241 0.6000332 0.6511522 0.7034194 
E          0.2220955 0.4105116 0.4102961 0.3099452 0.0000000 0.4866551 0.2624140 0.4463586 0.3835318 0.4824268 
F          0.5896500 0.7250018 0.7605841 0.6466654 0.4866551 0.0000000 0.6431697 0.8283368 0.7797659 0.7635893 
G          0.3640872 0.5654770 0.5576191 0.4282241 0.2624140 0.6431697 0.0000000 0.5875630 0.5649937 0.6144935 
H          0.4897308 0.7270355 0.7480071 0.6000332 0.4463586 0.8283368 0.5875630 0.0000000 0.6770738 0.7980868 
I          0.5217179 0.6829466 0.7101617 0.6511522 0.3835318 0.7797659 0.5649937 0.6770738 0.0000000 0.7419007 
J          0.5974150 0.7726377 0.7917940 0.7034194 0.4824268 0.7635893 0.6144935 0.7980868 0.7419007 0.0000000 
