10
A          0.0000000 0.5338577 0.5723990 0.3404990 0.2334212 0.7082062 0.4056725 0.4956523 0.5709580 0.5000055 
B          0.5338577 0.0000000 0.6625422 0.5082766 0.4074588 0.8475428 0.5571396 0.7184381 0.7563344 0.6808999 
C          0.5723990 0.6625422 0.0000000 0.5786331 0.4790233 1.1206923 0.5736734 0.6993434 0.7949639 0.8265682 
D          0.3404990 0.5082766 0.5786331 0.0000000 0.2551746 0.6960026 0.4117214 0.5442327 0.5694171 0.4872968 
E          0.2334212 0.4074588 0.4790233 0.2551746 0.0000000 0.6521386 0.2978476 0.4237625 0.4590293 0.3717971 
F          0.7082062 0.8475428 1.1206923 0.6960026 0.6521386 0.0000000 0.7542892 0.9320028 0.9562389 0.9192950 
G          0.4056725 0.5571396 0.5736734 0.4117214 0.2978476 0.7542892 0.0000000 0.6017590 0.5769535 0.5185709 
H          0.4956523 0.7184381 0.6993434 0.5442327 0.4237625 0.9320028 0.6017590 0.0000000 0.7049637 0.6840031 
I          0.5709580 0.7563344 0.7949639 0.5694171 0.4590293 0.9562389 0.5769535 0.7049637 0.0000000 0.7096142 
J          0.5000055 0.6808999 0.8265682 0.4872968 0.3717971 0.9192950 0.5185709 0.6840031 0.7096142 0.0000000 
