10
A          0.0000000 0.4618251 0.5096117 0.3844318 0.2569480 0.5375839 0.3232940 0.5113841 0.4934601 0.4294474 
B          0.4618251 0.0000000 0.6557992 0.5086320 0.3741949 0.7358945 0.4295537 0.6454826 0.6476829 0.6578008 
C          0.5096117 0.6557992 0.0000000 0.5898278 0.3972050 0.7394368 0.5470192 0.7309052 0.6035056 0.6186677 
D          0.3844318 0.5086320 0.5898278 0.0000000 0.3056419 0.6731086 0.3921679 0.5839877 0.5659020 0.4953978 
E          0.2569480 0.3741949 0.3972050 0.3056419 0.0000000 0.5149265 0.2422591 0.4433160 0.4256491 0.3536676 
F          0.5375839 0.7358945 0.7394368 0.6731086 0.5149265 0.0000000 0.5588131 0.7826014 0.8421782 0.7204452 
G          0.3232940 0.4295537 0.5470192 0.3921679 0.2422591 0.5588131 0.0000000 0.6012440 0.5276805 0.4326338 
H          0.5113841 0.6454826 0.7309052 0.5839877 0.4433160 0.7826014 0.6012440 0.0000000 0.7489971 0.6678598 
I          0.4934601 0.6476829 0.6035056 0.5659020 0.4256491 0.8421782 0.5276805 0.7489971 0.0000000 0.6570134 
J          0.4294474 0.6578008 0.6186677 0.4953978 0.3536676 0.7204452 0.4326338 0.6678598 0.6570134 0.0000000 
