10
A          0.0000000 0.5372375 0.6719931 0.3869624 0.2982668 0.7159838 0.3912773 0.6288206 0.5895746 0.6994953 
B          0.5372375 0.0000000 0.7881745 0.5330572 0.4854891 0.7590273 0.5762901 0.7750129 0.7973579 0.8182259 
C          0.6719931 0.7881745 0.0000000 0.6393732 0.4633655 0.8442849 0.6828330 0.8943260 0.9718121 0.8288273 
D          0.3869624 0.5330572 0.6393732 0.0000000 0.3592329 0.7038533 0.4621559 0.6710834 0.6499088 0.6721350 
E          0.2982668 0.4854891 0.4633655 0.3592329 0.0000000 0.5595440 0.2626978 0.5317203 0.5597072 0.4909105 
F          0.7159838 0.7590273 0.8442849 0.7038533 0.5595440 0.0000000 0.6265229 0.8239266 1.0205569 0.8499329 
G          0.3912773 0.5762901 0.6828330 0.4621559 0.2626978 0.6265229 0.0000000 0.6138645 0.6478778 0.6164681 
H          0.6288206 0.7750129 0.8943260 0.6710834 0.5317203 0.8239266 0.6138645 0.0000000 1.0417527 0.8115194 
I          0.5895746 0.7973579 0.9718121 0.6499088 0.5597072 1.0205569 0.6478778 1.0417527 0.0000000 1.0559596 
J          0.6994953 0.8182259 0.8288273 0.6721350 0.4909105 0.8499329 0.6164681 0.8115194 1.0559596 0.0000000 
