10
A          0.0000000 0.4339854 0.4653136 0.4457227 0.2107077 0.6791848 0.3604782 0.5177375 0.6617129 0.4916645 
B          0.4339854 0.0000000 0.6235169 0.5629476 0.3406562 0.8518465 0.5222010 0.6831835 0.6169029 0.5724229 
C          0.4653136 0.6235169 0.0000000 0.6391779 0.3991750 0.7842349 0.5091655 0.6926340 0.6902303 0.7028311 
D          0.4457227 0.5629476 0.6391779 0.0000000 0.3514992 0.7596214 0.4360856 0.6434489 0.6361824 0.5503074 
E          0.2107077 0.3406562 0.3991750 0.3514992 0.0000000 0.5644293 0.2261191 0.3820470 0.4591550 0.3495915 
F          0.6791848 0.8518465 0.7842349 0.7596214 0.5644293 0.0000000 0.6429798 0.7714099 0.9523666 0.7500184 
G          0.3604782 0.5222010 0.5091655 0.4360856 0.2261191 0.6429798 0.0000000 0.4979078 0.5886556 0.4759000 
H          0.5177375 0.6831835 0.6926340 0.6434489 0.3820470 0.7714099 0.4979078 0.0000000 0.7907307 0.6289369 
I          0.6617129 0.6169029 0.6902303 0.6361824 0.4591550 0.9523666 0.5886556 0.7907307 0.0000000 0.7100088 
J          0.4916645 0.5724229 0.7028311 0.5503074 0.3495915 0.7500184 0.4759000 0.6289369 0.7100088 0.0000000 
