10
A          0.0000000 0.7037345 0.4183180 0.4624841 0.6850886 0.6874521 0.5414215 0.7179580 0.5794161 0.3666343 
B          0.7037345 0.0000000 0.7729011 0.8198762 1.1598496 1.0452102 0.9628679 1.2125821 0.8873868 0.8050899 
C          0.4183180 0.7729011 0.0000000 0.5643761 0.8449826 0.7838417 0.6117203 0.7905085 0.6634337 0.5467732 
D          0.4624841 0.8198762 0.5643761 0.0000000 0.8196367 0.8447379 0.7515648 0.8538875 0.6548575 0.5304604 
E          0.6850886 1.1598496 0.8449826 0.8196367 0.0000000 1.0630463 0.8859030 1.1968588 0.9045345 0.7619212 
F          0.6874521 1.0452102 0.7838417 0.8447379 1.0630463 0.0000000 0.8575402 1.0407747 0.8447447 0.7336721 
G          0.5414215 0.9628679 0.6117203 0.7515648 0.8859030 0.8575402 0.0000000 0.9459926 0.7716333 0.5639038 
H          0.7179580 1.2125821 0.7905085 0.8538875 1.1968588 1.0407747 0.9459926 0.0000000 1.0109435 0.7677246 
I          0.5794161 0.8873868 0.6634337 0.6548575 0.9045345 0.8447447 0.7716333 1.0109435 0.0000000 0.6669750 
J          0.3666343 0.8050899 0.5467732 0.5304604 0.7619212 0.7336721 0.5639038 0.7677246 0.6669750 0.0000000 
