10
A          0.0000000 0.5499868 0.4650879 0.4768470 0.6827457 0.6319647 0.4871962 0.5460855 0.4995107 0.3372406 
B          0.5499868 0.0000000 0.7036175 0.6887315 1.0041973 0.8629542 0.8391340 0.9312375 0.7177040 0.6773433 
C          0.4650879 0.7036175 0.0000000 0.6071749 0.7965662 0.8731840 0.7313204 0.7219723 0.6214449 0.4950450 
D          0.4768470 0.6887315 0.6071749 0.0000000 0.7893912 0.8867797 0.6572459 0.7681206 0.7296397 0.5409930 
E          0.6827457 1.0041973 0.7965662 0.7893912 0.0000000 1.0275831 0.8773758 0.8121872 0.8702815 0.7834397 
F          0.6319647 0.8629542 0.8731840 0.8867797 1.0275831 0.0000000 0.9246454 0.9527769 0.8990208 0.6927760 
G          0.4871962 0.8391340 0.7313204 0.6572459 0.8773758 0.9246454 0.0000000 0.7788117 0.6935737 0.6413542 
H          0.5460855 0.9312375 0.7219723 0.7681206 0.8121872 0.9527769 0.7788117 0.0000000 0.8039914 0.6714510 
I          0.4995107 0.7177040 0.6214449 0.7296397 0.8702815 0.8990208 0.6935737 0.8039914 0.0000000 0.5474703 
J          0.3372406 0.6773433 0.4950450 0.5409930 0.7834397 0.6927760 0.6413542 0.6714510 0.5474703 0.0000000 
