10
A          0.0000000 0.6903952 0.4684172 0.5247663 0.7229278 0.5561090 0.5298886 0.6000211 0.5001964 0.3773342 
B          0.6903952 0.0000000 0.8302525 0.7512548 1.0674832 0.8527504 0.8434875 1.0409395 0.7926927 0.7970790 
C          0.4684172 0.8302525 0.0000000 0.6677238 0.8774104 0.7225095 0.7794093 0.7645295 0.6997194 0.5666105 
D          0.5247663 0.7512548 0.6677238 0.0000000 0.8081808 0.6709598 0.6615505 0.7534903 0.6459136 0.5670682 
E          0.7229278 1.0674832 0.8774104 0.8081808 0.0000000 0.9601296 0.9405261 0.9051347 0.8992261 0.8809872 
F          0.5561090 0.8527504 0.7225095 0.6709598 0.9601296 0.0000000 0.6756409 0.8319225 0.7105856 0.6400815 
G          0.5298886 0.8434875 0.7794093 0.6615505 0.9405261 0.6756409 0.0000000 0.8142441 0.6962594 0.6089190 
H          0.6000211 1.0409395 0.7645295 0.7534903 0.9051347 0.8319225 0.8142441 0.0000000 0.8255463 0.7149242 
I          0.5001964 0.7926927 0.6997194 0.6459136 0.8992261 0.7105856 0.6962594 0.8255463 0.0000000 0.5490838 
J          0.3773342 0.7970790 0.5666105 0.5670682 0.8809872 0.6400815 0.6089190 0.7149242 0.5490838 0.0000000 
