10
A          0.0000000 0.7114017 0.4691521 0.4586013 0.7350324 0.6531550 0.5203123 0.5340844 0.5112621 0.3672516 
B          0.7114017 0.0000000 0.8124347 0.8169199 0.8698388 0.9507853 0.7923755 0.8701557 0.7573346 0.7977742 
C          0.4691521 0.8124347 0.0000000 0.5136949 0.7804637 0.7835246 0.6257050 0.6794546 0.6403180 0.5635225 
D          0.4586013 0.8169199 0.5136949 0.0000000 0.9077745 0.8446527 0.7261286 0.5612550 0.6304539 0.6021706 
E          0.7350324 0.8698388 0.7804637 0.9077745 0.0000000 0.9658961 0.8409642 0.8158590 0.8088888 0.8222438 
F          0.6531550 0.9507853 0.7835246 0.8446527 0.9658961 0.0000000 0.7664411 0.7443064 0.7762558 0.7475808 
G          0.5203123 0.7923755 0.6257050 0.7261286 0.8409642 0.7664411 0.0000000 0.6801742 0.5874880 0.6645454 
H          0.5340844 0.8701557 0.6794546 0.5612550 0.8158590 0.7443064 0.6801742 0.0000000 0.7139369 0.6436983 
I          0.5112621 0.7573346 0.6403180 0.6304539 0.8088888 0.7762558 0.5874880 0.7139369 0.0000000 0.6115806 
J          0.3672516 0.7977742 0.5635225 0.6021706 0.8222438 0.7475808 0.6645454 0.6436983 0.6115806 0.0000000 
