10
A          0.0000000 0.6366312 0.4459808 0.5207088 0.7671930 0.6966387 0.5104679 0.8042491 0.5350152 0.3591407 
B          0.6366312 0.0000000 0.8371400 0.9048522 0.9962507 1.0623969 0.7951522 0.9681965 0.9251528 0.7220039 
C          0.4459808 0.8371400 0.0000000 0.7085538 0.8529935 0.8205609 0.5775911 0.8592019 0.6880641 0.5799954 
D          0.5207088 0.9048522 0.7085538 0.0000000 0.9199312 0.9819384 0.7052544 1.0182729 0.7909972 0.6391799 
E          0.7671930 0.9962507 0.8529935 0.9199312 0.0000000 1.1656060 0.8810219 1.1041845 0.9589222 0.8270499 
F          0.6966387 1.0623969 0.8205609 0.9819384 1.1656060 0.0000000 0.8718177 1.2980026 0.8423645 0.7879041 
G          0.5104679 0.7951522 0.5775911 0.7052544 0.8810219 0.8718177 0.0000000 0.9320655 0.7961277 0.6121937 
H          0.8042491 0.9681965 0.8592019 1.0182729 1.1041845 1.2980026 0.9320655 0.0000000 0.8637016 0.8863292 
I          0.5350152 0.9251528 0.6880641 0.7909972 0.9589222 0.8423645 0.7961277 0.8637016 0.0000000 0.7072896 
J          0.3591407 0.7220039 0.5799954 0.6391799 0.8270499 0.7879041 0.6121937 0.8863292 0.7072896 0.0000000 
