10
A          0.0000000 0.4982986 0.4170921 0.4423560 0.6774472 0.5424110 0.4087150 0.4688723 0.4432863 0.3594701 
B          0.4982986 0.0000000 0.7360757 0.7319024 0.9297044 0.7999130 0.6583041 0.7830745 0.6459719 0.6025470 
C          0.4170921 0.7360757 0.0000000 0.6617035 0.8609297 0.7072817 0.6082230 0.6848617 0.6568216 0.4500912 
D          0.4423560 0.7319024 0.6617035 0.0000000 0.8506687 0.8772464 0.7147963 0.7478528 0.6467156 0.5875065 
E          0.6774472 0.9297044 0.8609297 0.8506687 0.0000000 1.0238911 0.8698976 0.9279547 0.7843953 0.6710307 
F          0.5424110 0.7999130 0.7072817 0.8772464 1.0238911 0.0000000 0.7047082 0.7684237 0.7346853 0.6042320 
G          0.4087150 0.6583041 0.6082230 0.7147963 0.8698976 0.7047082 0.0000000 0.6167574 0.5931677 0.5564265 
H          0.4688723 0.7830745 0.6848617 0.7478528 0.9279547 0.7684237 0.6167574 0.0000000 0.6844526 0.5863585 
I          0.4432863 0.6459719 0.6568216 0.6467156 0.7843953 0.7346853 0.5931677 0.6844526 0.0000000 0.5543984 
J          0.3594701 0.6025470 0.4500912 0.5875065 0.6710307 0.6042320 0.5564265 0.5863585 0.5543984 0.0000000 
