10
A          0.0000000 0.5823151 0.4453252 0.4457775 0.5689138 0.6283378 0.4986474 0.6574021 0.4932723 0.3760653 
B          0.5823151 0.0000000 0.7389022 0.8306801 1.0567091 1.1327553 0.7747448 1.0176355 0.9396873 0.7962846 
C          0.4453252 0.7389022 0.0000000 0.6812891 0.7632625 0.8047466 0.6668877 0.9161244 0.7060991 0.5610015 
D          0.4457775 0.8306801 0.6812891 0.0000000 0.7988640 0.8971632 0.7652963 0.9471546 0.7350394 0.6357196 
E          0.5689138 1.0567091 0.7632625 0.7988640 0.0000000 1.3317144 0.7795902 1.0426300 0.8352385 0.7452018 
F          0.6283378 1.1327553 0.8047466 0.8971632 1.3317144 0.0000000 0.9232906 1.0440435 0.8509696 0.6890524 
G          0.4986474 0.7747448 0.6668877 0.7652963 0.7795902 0.9232906 0.0000000 0.8443377 0.6441210 0.6707963 
H          0.6574021 1.0176355 0.9161244 0.9471546 1.0426300 1.0440435 0.8443377 0.0000000 0.9425211 0.7992996 
I          0.4932723 0.9396873 0.7060991 0.7350394 0.8352385 0.8509696 0.6441210 0.9425211 0.0000000 0.5750054 
J          0.3760653 0.7962846 0.5610015 0.6357196 0.7452018 0.6890524 0.6707963 0.7992996 0.5750054 0.0000000 
