10
A          0.0000000 0.5595848 0.4071417 0.4039758 0.5334816 0.5323311 0.4255573 0.5796421 0.4169315 0.2945678 
B          0.5595848 0.0000000 0.6881181 0.6744693 0.8468638 0.7282292 0.6280482 0.8950530 0.7880914 0.6428517 
C          0.4071417 0.6881181 0.0000000 0.5749141 0.6079675 0.6734104 0.6154410 0.7893909 0.6462257 0.4652889 
D          0.4039758 0.6744693 0.5749141 0.0000000 0.6765385 0.6715776 0.6312410 0.6721429 0.5801422 0.4889857 
E          0.5334816 0.8468638 0.6079675 0.6765385 0.0000000 0.8121646 0.7336964 0.8619713 0.6908891 0.6126703 
F          0.5323311 0.7282292 0.6734104 0.6715776 0.8121646 0.0000000 0.6629130 0.8379884 0.6957946 0.5823429 
G          0.4255573 0.6280482 0.6154410 0.6312410 0.7336964 0.6629130 0.0000000 0.7373709 0.6218423 0.4747828 
H          0.5796421 0.8950530 0.7893909 0.6721429 0.8619713 0.8379884 0.7373709 0.0000000 0.7275221 0.6430465 
I          0.4169315 0.7880914 0.6462257 0.5801422 0.6908891 0.6957946 0.6218423 0.7275221 0.0000000 0.5398557 
J          0.2945678 0.6428517 0.4652889 0.4889857 0.6126703 0.5823429 0.4747828 0.6430465 0.5398557 0.0000000 
