10
A          0.0000000 0.7470141 0.5519407 0.6070750 0.7973338 0.6995875 0.4901070 0.7435895 0.5564057 0.4596154 
B          0.7470141 0.0000000 0.8835270 0.9521918 1.2349445 1.1576683 0.8425264 1.2199624 0.9173500 0.9293367 
C          0.5519407 0.8835270 0.0000000 0.7340254 1.0644975 0.9081338 0.6877290 0.9191551 0.6841016 0.7168502 
D          0.6070750 0.9521918 0.7340254 0.0000000 1.0595553 0.8902963 0.7501204 0.9684204 0.6555566 0.6533113 
E          0.7973338 1.2349445 1.0644975 1.0595553 0.0000000 1.0450687 0.9036212 1.2240848 0.8680097 0.9328867 
F          0.6995875 1.1576683 0.9081338 0.8902963 1.0450687 0.0000000 0.7736983 1.0076043 0.6784369 0.8484347 
G          0.4901070 0.8425264 0.6877290 0.7501204 0.9036212 0.7736983 0.0000000 0.8146793 0.6033131 0.6194179 
H          0.7435895 1.2199624 0.9191551 0.9684204 1.2240848 1.0076043 0.8146793 0.0000000 0.9063851 0.9804522 
I          0.5564057 0.9173500 0.6841016 0.6555566 0.8680097 0.6784369 0.6033131 0.9063851 0.0000000 0.6107477 
J          0.4596154 0.9293367 0.7168502 0.6533113 0.9328867 0.8484347 0.6194179 0.9804522 0.6107477 0.0000000 
