10
A          0.0000000 0.5556010 0.5084625 0.4671598 0.6478227 0.5551440 0.4987283 0.5724599 0.4344513 0.3539465 
B          0.5556010 0.0000000 0.8202603 0.7845259 0.9431680 0.8534601 0.7545345 0.8168404 0.6842654 0.6869848 
C          0.5084625 0.8202603 0.0000000 0.6386064 0.8143526 0.7979245 0.7284082 0.7683324 0.6424302 0.6002773 
D          0.4671598 0.7845259 0.6386064 0.0000000 0.8433201 0.8699104 0.7329486 0.7517833 0.5885341 0.5724067 
E          0.6478227 0.9431680 0.8143526 0.8433201 0.0000000 1.1240446 0.9026129 0.9387583 0.7578257 0.7446343 
F          0.5551440 0.8534601 0.7979245 0.8699104 1.1240446 0.0000000 0.9518703 0.9464938 0.7692225 0.7652514 
G          0.4987283 0.7545345 0.7284082 0.7329486 0.9026129 0.9518703 0.0000000 0.8394027 0.7025413 0.5557087 
H          0.5724599 0.8168404 0.7683324 0.7517833 0.9387583 0.9464938 0.8394027 0.0000000 0.7890095 0.6947863 
I          0.4344513 0.6842654 0.6424302 0.5885341 0.7578257 0.7692225 0.7025413 0.7890095 0.0000000 0.5846928 
J          0.3539465 0.6869848 0.6002773 0.5724067 0.7446343 0.7652514 0.5557087 0.6947863 0.5846928 0.0000000 
