10
A          0.0000000 0.2331653 0.1391867 0.2425625 0.3159837 0.3234632 0.4512935 0.5969176 0.2973541 0.3394506 
B          0.2331653 0.0000000 0.2194521 0.3156237 0.3806502 0.3950385 0.5041738 0.6310774 0.3555083 0.4248742 
C          0.1391867 0.2194521 0.0000000 0.2146238 0.2802930 0.3241923 0.4296470 0.5388896 0.2851892 0.3123769 
D          0.2425625 0.3156237 0.2146238 0.0000000 0.3681789 0.4306123 0.5152347 0.5795023 0.3599651 0.3719736 
E          0.3159837 0.3806502 0.2802930 0.3681789 0.0000000 0.4903248 0.5110258 0.6567931 0.4706880 0.4690070 
F          0.3234632 0.3950385 0.3241923 0.4306123 0.4903248 0.0000000 0.6326969 0.6798314 0.4565144 0.5203543 
G          0.4512935 0.5041738 0.4296470 0.5152347 0.5110258 0.6326969 0.0000000 0.8150382 0.5715702 0.5480080 
H          0.5969176 0.6310774 0.5388896 0.5795023 0.6567931 0.6798314 0.8150382 0.0000000 0.6921933 0.6768951 
I          0.2973541 0.3555083 0.2851892 0.3599651 0.4706880 0.4565144 0.5715702 0.6921933 0.0000000 0.4600752 
J          0.3394506 0.4248742 0.3123769 0.3719736 0.4690070 0.5203543 0.5480080 0.6768951 0.4600752 0.0000000 
