10
A          0.0000000 0.2412286 0.1544491 0.1990880 0.3092971 0.3269945 0.4100312 0.4959692 0.2688828 0.2998308 
B          0.2412286 0.0000000 0.2215941 0.3512488 0.3765062 0.4466937 0.5326632 0.6019475 0.3505483 0.3452215 
C          0.1544491 0.2215941 0.0000000 0.2379299 0.2616267 0.3376369 0.4482778 0.5140413 0.3019052 0.2747172 
D          0.1990880 0.3512488 0.2379299 0.0000000 0.3781893 0.4300409 0.4797067 0.6348802 0.3724633 0.3780580 
E          0.3092971 0.3765062 0.2616267 0.3781893 0.0000000 0.4880443 0.5783888 0.6553977 0.4495136 0.3679981 
F          0.3269945 0.4466937 0.3376369 0.4300409 0.4880443 0.0000000 0.6393010 0.7070507 0.5057196 0.4689467 
G          0.4100312 0.5326632 0.4482778 0.4797067 0.5783888 0.6393010 0.0000000 0.8571769 0.5542958 0.5709024 
H          0.4959692 0.6019475 0.5140413 0.6348802 0.6553977 0.7070507 0.8571769 0.0000000 0.6672155 0.6979781 
I          0.2688828 0.3505483 0.3019052 0.3724633 0.4495136 0.5057196 0.5542958 0.6672155 0.0000000 0.4263340 
J          0.2998308 0.3452215 0.2747172 0.3780580 0.3679981 0.4689467 0.5709024 0.6979781 0.4263340 0.0000000 
