10
A          0.0000000 0.1817889 0.1056491 0.1860576 0.2231086 0.2331588 0.3115437 0.4449091 0.2616626 0.3136068 
B          0.1817889 0.0000000 0.1539387 0.2579081 0.2780510 0.3021380 0.3553415 0.5231468 0.3437066 0.3598249 
C          0.1056491 0.1539387 0.0000000 0.1730497 0.1984129 0.2211645 0.3020790 0.4465333 0.2706677 0.3238258 
D          0.1860576 0.2579081 0.1730497 0.0000000 0.3195883 0.3246654 0.3693287 0.5249604 0.3143958 0.4060668 
E          0.2231086 0.2780510 0.1984129 0.3195883 0.0000000 0.3361415 0.3761082 0.5229349 0.3650078 0.3994986 
F          0.2331588 0.3021380 0.2211645 0.3246654 0.3361415 0.0000000 0.4518995 0.5743041 0.4045451 0.4309981 
G          0.3115437 0.3553415 0.3020790 0.3693287 0.3761082 0.4518995 0.0000000 0.6341750 0.4618627 0.5179973 
H          0.4449091 0.5231468 0.4465333 0.5249604 0.5229349 0.5743041 0.6341750 0.0000000 0.6192688 0.6015671 
I          0.2616626 0.3437066 0.2706677 0.3143958 0.3650078 0.4045451 0.4618627 0.6192688 0.0000000 0.4594179 
J          0.3136068 0.3598249 0.3238258 0.4060668 0.3994986 0.4309981 0.5179973 0.6015671 0.4594179 0.0000000 
