10
A          0.0000000 0.2151076 0.1263157 0.2093614 0.2729572 0.3368397 0.3954336 0.5525682 0.3375444 0.3233742 
B          0.2151076 0.0000000 0.2417166 0.3258041 0.3318144 0.4173817 0.4798240 0.6896551 0.4262211 0.4059511 
C          0.1263157 0.2417166 0.0000000 0.2156619 0.2656213 0.3429976 0.4044546 0.5939439 0.3401670 0.3313864 
D          0.2093614 0.3258041 0.2156619 0.0000000 0.3158516 0.4109399 0.4620776 0.6374453 0.3946353 0.4217698 
E          0.2729572 0.3318144 0.2656213 0.3158516 0.0000000 0.4498534 0.5489511 0.6675778 0.4758585 0.3993798 
F          0.3368397 0.4173817 0.3429976 0.4109399 0.4498534 0.0000000 0.6374079 0.8083167 0.5206515 0.5141648 
G          0.3954336 0.4798240 0.4044546 0.4620776 0.5489511 0.6374079 0.0000000 0.9044440 0.6293889 0.6093914 
H          0.5525682 0.6896551 0.5939439 0.6374453 0.6675778 0.8083167 0.9044440 0.0000000 0.8013741 0.7468884 
I          0.3375444 0.4262211 0.3401670 0.3946353 0.4758585 0.5206515 0.6293889 0.8013741 0.0000000 0.4858323 
J          0.3233742 0.4059511 0.3313864 0.4217698 0.3993798 0.5141648 0.6093914 0.7468884 0.4858323 0.0000000 
