10
A          0.0000000 0.2210584 0.1493399 0.2304202 0.2600081 0.3062086 0.3571780 0.5162331 0.2652614 0.3730872 
B          0.2210584 0.0000000 0.2224221 0.3106384 0.3756050 0.4087205 0.4442442 0.6425621 0.3716233 0.4155121 
C          0.1493399 0.2224221 0.0000000 0.2142748 0.2621859 0.3321203 0.3320967 0.4971506 0.2539381 0.3647938 
D          0.2304202 0.3106384 0.2142748 0.0000000 0.3645314 0.4382085 0.4347837 0.5944347 0.3604021 0.4709820 
E          0.2600081 0.3756050 0.2621859 0.3645314 0.0000000 0.4315275 0.4975460 0.6777929 0.3870799 0.5012189 
F          0.3062086 0.4087205 0.3321203 0.4382085 0.4315275 0.0000000 0.5253669 0.7008710 0.4765281 0.5811853 
G          0.3571780 0.4442442 0.3320967 0.4347837 0.4975460 0.5253669 0.0000000 0.7217734 0.4751486 0.5707679 
H          0.5162331 0.6425621 0.4971506 0.5944347 0.6777929 0.7008710 0.7217734 0.0000000 0.6347348 0.7887455 
I          0.2652614 0.3716233 0.2539381 0.3604021 0.3870799 0.4765281 0.4751486 0.6347348 0.0000000 0.4753718 
J          0.3730872 0.4155121 0.3647938 0.4709820 0.5012189 0.5811853 0.5707679 0.7887455 0.4753718 0.0000000 
