10
A          0.0000000 0.3123082 0.2005773 0.1955498 0.3561386 0.4086225 0.4242780 0.6208111 0.2852088 0.3985106 
B          0.3123082 0.0000000 0.2366331 0.3608105 0.3991024 0.4001404 0.5307100 0.7068366 0.4311743 0.4127922 
C          0.2005773 0.2366331 0.0000000 0.2530287 0.2489534 0.3214274 0.4326584 0.5932845 0.3359209 0.2999392 
D          0.1955498 0.3608105 0.2530287 0.0000000 0.4251459 0.4913392 0.5252554 0.7134101 0.3345292 0.4751969 
E          0.3561386 0.3991024 0.2489534 0.4251459 0.0000000 0.5125638 0.6345864 0.7190090 0.4748346 0.4553477 
F          0.4086225 0.4001404 0.3214274 0.4913392 0.5125638 0.0000000 0.7012435 0.7973553 0.5362903 0.5551306 
G          0.4242780 0.5307100 0.4326584 0.5252554 0.6345864 0.7012435 0.0000000 0.7774310 0.5817562 0.6437032 
H          0.6208111 0.7068366 0.5932845 0.7134101 0.7190090 0.7973553 0.7774310 0.0000000 0.7490174 0.7932921 
I          0.2852088 0.4311743 0.3359209 0.3345292 0.4748346 0.5362903 0.5817562 0.7490174 0.0000000 0.5591875 
J          0.3985106 0.4127922 0.2999392 0.4751969 0.4553477 0.5551306 0.6437032 0.7932921 0.5591875 0.0000000 
