10
A          0.0000000 0.2197088 0.1211255 0.1694819 0.2592539 0.3005586 0.3728090 0.4598173 0.2989245 0.3054747 
B          0.2197088 0.0000000 0.2032744 0.2402289 0.3551056 0.4053879 0.4638184 0.5364551 0.3640940 0.3852681 
C          0.1211255 0.2032744 0.0000000 0.1832230 0.2351555 0.2780916 0.3437337 0.4234369 0.2812791 0.2766737 
D          0.1694819 0.2402289 0.1832230 0.0000000 0.2996797 0.3684201 0.4122153 0.4711932 0.3273807 0.3213481 
E          0.2592539 0.3551056 0.2351555 0.2996797 0.0000000 0.4239369 0.4942738 0.5461061 0.4192042 0.4353906 
F          0.3005586 0.4053879 0.2780916 0.3684201 0.4239369 0.0000000 0.5090337 0.6300874 0.4588010 0.4825551 
G          0.3728090 0.4638184 0.3437337 0.4122153 0.4942738 0.5090337 0.0000000 0.6662890 0.5459675 0.4544416 
H          0.4598173 0.5364551 0.4234369 0.4711932 0.5461061 0.6300874 0.6662890 0.0000000 0.6446158 0.6197774 
I          0.2989245 0.3640940 0.2812791 0.3273807 0.4192042 0.4588010 0.5459675 0.6446158 0.0000000 0.4464291 
J          0.3054747 0.3852681 0.2766737 0.3213481 0.4353906 0.4825551 0.4544416 0.6197774 0.4464291 0.0000000 
