10
A          0.0000000 0.3563452 0.2984271 0.2348194 0.4007818 0.4576548 0.3964886 0.6169478 0.3045584 0.5306795 
B          0.3563452 0.0000000 0.2695411 0.4598018 0.4179240 0.3755600 0.5820407 0.6382887 0.4937115 0.5163882 
C          0.2984271 0.2695411 0.0000000 0.3824246 0.2453427 0.3453535 0.4771610 0.5808116 0.4578082 0.3481742 
D          0.2348194 0.4598018 0.3824246 0.0000000 0.4698610 0.5479694 0.4972770 0.6676576 0.3941085 0.6221409 
E          0.4007818 0.4179240 0.2453427 0.4698610 0.0000000 0.4751012 0.5546862 0.7023410 0.4834637 0.4118045 
F          0.4576548 0.3755600 0.3453535 0.5479694 0.4751012 0.0000000 0.6928265 0.7981149 0.5997836 0.6067613 
G          0.3964886 0.5820407 0.4771610 0.4972770 0.5546862 0.6928265 0.0000000 0.7496512 0.4854357 0.6387409 
H          0.6169478 0.6382887 0.5808116 0.6676576 0.7023410 0.7981149 0.7496512 0.0000000 0.7001514 0.7668022 
I          0.3045584 0.4937115 0.4578082 0.3941085 0.4834637 0.5997836 0.4854357 0.7001514 0.0000000 0.6445718 
J          0.5306795 0.5163882 0.3481742 0.6221409 0.4118045 0.6067613 0.6387409 0.7668022 0.6445718 0.0000000 
