10
A          0.0000000 0.2651259 0.1423051 0.2090018 0.2453469 0.2967834 0.3981230 0.5130171 0.3418727 0.3627467 
B          0.2651259 0.0000000 0.2317013 0.3209146 0.3298952 0.3913258 0.4539382 0.6010358 0.4496707 0.4552854 
C          0.1423051 0.2317013 0.0000000 0.2074832 0.2224360 0.2809391 0.3729129 0.4999894 0.3073987 0.3681758 
D          0.2090018 0.3209146 0.2074832 0.0000000 0.2992783 0.3463346 0.4659607 0.5775040 0.3763593 0.3972309 
E          0.2453469 0.3298952 0.2224360 0.2992783 0.0000000 0.3758296 0.4800469 0.5921924 0.3693498 0.4187906 
F          0.2967834 0.3913258 0.2809391 0.3463346 0.3758296 0.0000000 0.5189897 0.6151743 0.4714862 0.4866969 
G          0.3981230 0.4539382 0.3729129 0.4659607 0.4800469 0.5189897 0.0000000 0.7176565 0.6091867 0.5927607 
H          0.5130171 0.6010358 0.4999894 0.5775040 0.5921924 0.6151743 0.7176565 0.0000000 0.7124600 0.7334341 
I          0.3418727 0.4496707 0.3073987 0.3763593 0.3693498 0.4714862 0.6091867 0.7124600 0.0000000 0.5644412 
J          0.3627467 0.4552854 0.3681758 0.3972309 0.4187906 0.4866969 0.5927607 0.7334341 0.5644412 0.0000000 
