10
A          0.0000000 0.2185425 0.1159867 0.1991474 0.2350149 0.2825083 0.3698790 0.5711309 0.3185598 0.2946240 
B          0.2185425 0.0000000 0.1871952 0.2521511 0.2925557 0.3489994 0.3971048 0.5916660 0.3353310 0.3523898 
C          0.1159867 0.1871952 0.0000000 0.1916992 0.2363601 0.2804009 0.3165636 0.5579315 0.2752504 0.2935314 
D          0.1991474 0.2521511 0.1916992 0.0000000 0.2676417 0.3462058 0.3811245 0.6164489 0.2997940 0.3567819 
E          0.2350149 0.2925557 0.2363601 0.2676417 0.0000000 0.4104912 0.4730493 0.6989724 0.4006204 0.4053639 
F          0.2825083 0.3489994 0.2804009 0.3462058 0.4104912 0.0000000 0.4483646 0.8381203 0.4382249 0.4025265 
G          0.3698790 0.3971048 0.3165636 0.3811245 0.4730493 0.4483646 0.0000000 0.7584027 0.4973996 0.5236188 
H          0.5711309 0.5916660 0.5579315 0.6164489 0.6989724 0.8381203 0.7584027 0.0000000 0.6638563 0.6797208 
I          0.3185598 0.3353310 0.2752504 0.2997940 0.4006204 0.4382249 0.4973996 0.6638563 0.0000000 0.4396137 
J          0.2946240 0.3523898 0.2935314 0.3567819 0.4053639 0.4025265 0.5236188 0.6797208 0.4396137 0.0000000 
