10
A          0.0000000 0.2324396 0.1293639 0.1593260 0.2383556 0.3326081 0.3269227 0.4862243 0.2372779 0.3277860 
B          0.2324396 0.0000000 0.2140161 0.2884465 0.2903032 0.4051612 0.4414194 0.5453436 0.3156794 0.3917319 
C          0.1293639 0.2140161 0.0000000 0.1772753 0.2119668 0.2581553 0.3177617 0.4483751 0.2252906 0.2893921 
D          0.1593260 0.2884465 0.1772753 0.0000000 0.2719596 0.3536614 0.3840391 0.5466471 0.2833221 0.3778698 
E          0.2383556 0.2903032 0.2119668 0.2719596 0.0000000 0.4044234 0.4512648 0.5899886 0.3035810 0.4378373 
F          0.3326081 0.4051612 0.2581553 0.3536614 0.4044234 0.0000000 0.5237980 0.6203639 0.3995517 0.4646245 
G          0.3269227 0.4414194 0.3177617 0.3840391 0.4512648 0.5237980 0.0000000 0.6017005 0.4204799 0.5434759 
H          0.4862243 0.5453436 0.4483751 0.5466471 0.5899886 0.6203639 0.6017005 0.0000000 0.5158946 0.6315547 
I          0.2372779 0.3156794 0.2252906 0.2833221 0.3035810 0.3995517 0.4204799 0.5158946 0.0000000 0.3823809 
J          0.3277860 0.3917319 0.2893921 0.3778698 0.4378373 0.4646245 0.5434759 0.6315547 0.3823809 0.0000000 
