10
A          0.0000000 0.3702463 0.2701812 0.2261617 0.4010832 0.4806445 0.5752996 0.6117969 0.3023966 0.4703537 
B          0.3702463 0.0000000 0.2701047 0.4244117 0.3695856 0.4167306 0.7863156 0.6410495 0.4884416 0.5067652 
C          0.2701812 0.2701047 0.0000000 0.3345913 0.2570398 0.3733410 0.5695058 0.5778499 0.3804933 0.3712204 
D          0.2261617 0.4244117 0.3345913 0.0000000 0.4570982 0.4944404 0.5926595 0.6736612 0.3852862 0.5274074 
E          0.4010832 0.3695856 0.2570398 0.4570982 0.0000000 0.4559413 0.7806277 0.6855384 0.5403468 0.4352301 
F          0.4806445 0.4167306 0.3733410 0.4944404 0.4559413 0.0000000 0.8210503 0.6983889 0.5944416 0.5676572 
G          0.5752996 0.7863156 0.5695058 0.5926595 0.7806277 0.8210503 0.0000000 0.9557651 0.6552653 0.9196188 
H          0.6117969 0.6410495 0.5778499 0.6736612 0.6855384 0.6983889 0.9557651 0.0000000 0.6927816 0.7989867 
I          0.3023966 0.4884416 0.3804933 0.3852862 0.5403468 0.5944416 0.6552653 0.6927816 0.0000000 0.6138782 
J          0.4703537 0.5067652 0.3712204 0.5274074 0.4352301 0.5676572 0.9196188 0.7989867 0.6138782 0.0000000 
