10
A          0.0000000 0.2207453 0.1388752 0.1893211 0.2609686 0.3183201 0.4850194 0.5965353 0.3097079 0.3131870 
B          0.2207453 0.0000000 0.2159591 0.3205142 0.3309687 0.4101496 0.5364676 0.6528163 0.4280541 0.4147383 
C          0.1388752 0.2159591 0.0000000 0.2131195 0.2455692 0.3017025 0.4653061 0.5768802 0.3076754 0.3188713 
D          0.1893211 0.3205142 0.2131195 0.0000000 0.3497303 0.4078279 0.5284972 0.6196462 0.3583752 0.4123540 
E          0.2609686 0.3309687 0.2455692 0.3497303 0.0000000 0.4243935 0.5636235 0.6898371 0.4097022 0.4107558 
F          0.3183201 0.4101496 0.3017025 0.4078279 0.4243935 0.0000000 0.6681085 0.7091566 0.4931104 0.4905545 
G          0.4850194 0.5364676 0.4653061 0.5284972 0.5636235 0.6681085 0.0000000 0.9635665 0.6285473 0.6209936 
H          0.5965353 0.6528163 0.5768802 0.6196462 0.6898371 0.7091566 0.9635665 0.0000000 0.7594052 0.7632397 
I          0.3097079 0.4280541 0.3076754 0.3583752 0.4097022 0.4931104 0.6285473 0.7594052 0.0000000 0.5389986 
J          0.3131870 0.4147383 0.3188713 0.4123540 0.4107558 0.4905545 0.6209936 0.7632397 0.5389986 0.0000000 
