10
A          0.0000000 0.3521826 0.4920436 0.7096086 0.5213132 0.7100898 0.3591297 0.5402355 0.6221079 0.3191875 
B          0.3521826 0.0000000 0.3581358 0.5458932 0.3872391 0.5290317 0.2441072 0.3616026 0.5301278 0.2007724 
C          0.4920436 0.3581358 0.0000000 0.7832130 0.5713120 0.7457142 0.4090160 0.5677227 0.6574570 0.3543038 
D          0.7096086 0.5458932 0.7832130 0.0000000 0.7858308 0.8664080 0.6539485 0.7465316 1.0078587 0.5613305 
E          0.5213132 0.3872391 0.5713120 0.7858308 0.0000000 0.7755499 0.4075012 0.5801880 0.7349522 0.3982184 
F          0.7100898 0.5290317 0.7457142 0.8664080 0.7755499 0.0000000 0.5407952 0.7142222 0.8728134 0.5088513 
G          0.3591297 0.2441072 0.4090160 0.6539485 0.4075012 0.5407952 0.0000000 0.4309217 0.5671664 0.2617419 
H          0.5402355 0.3616026 0.5677227 0.7465316 0.5801880 0.7142222 0.4309217 0.0000000 0.7518300 0.3613133 
I          0.6221079 0.5301278 0.6574570 1.0078587 0.7349522 0.8728134 0.5671664 0.7518300 0.0000000 0.5363225 
J          0.3191875 0.2007724 0.3543038 0.5613305 0.3982184 0.5088513 0.2617419 0.3613133 0.5363225 0.0000000 
