10
A          0.0000000 0.3045213 0.4708252 0.6550585 0.5161332 0.6787307 0.2966608 0.3620593 0.6335350 0.2807198 
B          0.3045213 0.0000000 0.4392044 0.5677223 0.3855996 0.5777172 0.2168255 0.3116201 0.5647706 0.1961918 
C          0.4708252 0.4392044 0.0000000 0.7938779 0.5987638 0.7363506 0.4307773 0.5241885 0.7416969 0.3872397 
D          0.6550585 0.5677223 0.7938779 0.0000000 0.7355379 0.9078402 0.6395867 0.6743571 0.8704204 0.5459081 
E          0.5161332 0.3855996 0.5987638 0.7355379 0.0000000 0.7806824 0.4136527 0.5831137 0.7181460 0.3707115 
F          0.6787307 0.5777172 0.7363506 0.9078402 0.7806824 0.0000000 0.6472177 0.6732399 0.9735940 0.5892675 
G          0.2966608 0.2168255 0.4307773 0.6395867 0.4136527 0.6472177 0.0000000 0.3526259 0.5784869 0.2184612 
H          0.3620593 0.3116201 0.5241885 0.6743571 0.5831137 0.6732399 0.3526259 0.0000000 0.7673273 0.3383901 
I          0.6335350 0.5647706 0.7416969 0.8704204 0.7181460 0.9735940 0.5784869 0.7673273 0.0000000 0.5502720 
J          0.2807198 0.1961918 0.3872397 0.5459081 0.3707115 0.5892675 0.2184612 0.3383901 0.5502720 0.0000000 
