10
A          0.0000000 0.2968370 0.5474459 0.6722483 0.4470552 0.6153003 0.3563073 0.4554665 0.6258255 0.2894719 
B          0.2968370 0.0000000 0.4048185 0.6084913 0.3866474 0.5265417 0.2157434 0.3101538 0.4448099 0.1694823 
C          0.5474459 0.4048185 0.0000000 0.7498636 0.6261092 0.7617169 0.4552558 0.5699000 0.7024079 0.4005214 
D          0.6722483 0.6084913 0.7498636 0.0000000 0.7429675 0.9000041 0.6418798 0.6789871 0.8372694 0.5726077 
E          0.4470552 0.3866474 0.6261092 0.7429675 0.0000000 0.6776545 0.3759427 0.4814732 0.6711202 0.3556808 
F          0.6153003 0.5265417 0.7617169 0.9000041 0.6776545 0.0000000 0.6531870 0.6084610 0.8514546 0.4798300 
G          0.3563073 0.2157434 0.4552558 0.6418798 0.3759427 0.6531870 0.0000000 0.3824974 0.5575470 0.1982103 
H          0.4554665 0.3101538 0.5699000 0.6789871 0.4814732 0.6084610 0.3824974 0.0000000 0.6246737 0.3078584 
I          0.6258255 0.4448099 0.7024079 0.8372694 0.6711202 0.8514546 0.5575470 0.6246737 0.0000000 0.4816733 
J          0.2894719 0.1694823 0.4005214 0.5726077 0.3556808 0.4798300 0.1982103 0.3078584 0.4816733 0.0000000 
