10
A          0.0000000 0.4041145 0.5447751 0.8704193 0.6349091 0.7734718 0.3996187 0.4562316 0.7614912 0.3521231 
B          0.4041145 0.0000000 0.4695574 0.6731051 0.5186456 0.6996223 0.2747315 0.3685336 0.6736143 0.2520067 
C          0.5447751 0.4695574 0.0000000 0.8485907 0.6274558 0.8515886 0.4636496 0.4908545 0.7420330 0.4220159 
D          0.8704193 0.6731051 0.8485907 0.0000000 0.9222274 1.1189379 0.6462470 0.7877377 1.2485137 0.7074423 
E          0.6349091 0.5186456 0.6274558 0.9222274 0.0000000 0.9183530 0.4201708 0.5979303 0.7873004 0.4536602 
F          0.7734718 0.6996223 0.8515886 1.1189379 0.9183530 0.0000000 0.7049530 0.7621802 0.9833338 0.6386378 
G          0.3996187 0.2747315 0.4636496 0.6462470 0.4201708 0.7049530 0.0000000 0.3872160 0.6524582 0.2616434 
H          0.4562316 0.3685336 0.4908545 0.7877377 0.5979303 0.7621802 0.3872160 0.0000000 0.8259761 0.3273032 
I          0.7614912 0.6736143 0.7420330 1.2485137 0.7873004 0.9833338 0.6524582 0.8259761 0.0000000 0.6191383 
J          0.3521231 0.2520067 0.4220159 0.7074423 0.4536602 0.6386378 0.2616434 0.3273032 0.6191383 0.0000000 
