10
A          0.0000000 0.3792519 0.5950334 0.7210072 0.6321618 0.7489277 0.4391014 0.5716314 0.7999286 0.3792663 
B          0.3792519 0.0000000 0.4571707 0.6270765 0.5023931 0.7174841 0.2759756 0.4476757 0.6939023 0.2402386 
C          0.5950334 0.4571707 0.0000000 0.8305079 0.7189364 0.8807087 0.4960000 0.7042250 0.8439852 0.4391178 
D          0.7210072 0.6270765 0.8305079 0.0000000 0.9091621 1.1462857 0.6536449 0.8022780 1.0727439 0.6658423 
E          0.6321618 0.5023931 0.7189364 0.9091621 0.0000000 0.9026835 0.4995222 0.7590370 0.9963697 0.5294699 
F          0.7489277 0.7174841 0.8807087 1.1462857 0.9026835 0.0000000 0.6961527 0.7880280 1.0112485 0.6445503 
G          0.4391014 0.2759756 0.4960000 0.6536449 0.4995222 0.6961527 0.0000000 0.4636014 0.6964535 0.2523981 
H          0.5716314 0.4476757 0.7042250 0.8022780 0.7590370 0.7880280 0.4636014 0.0000000 0.9273238 0.3604147 
I          0.7999286 0.6939023 0.8439852 1.0727439 0.9963697 1.0112485 0.6964535 0.9273238 0.0000000 0.6954868 
J          0.3792663 0.2402386 0.4391178 0.6658423 0.5294699 0.6445503 0.2523981 0.3604147 0.6954868 0.0000000 
