10
A          0.0000000 0.3193761 0.4870981 0.6939616 0.5278215 0.7454306 0.3127382 0.4795896 0.6777278 0.3151429 
B          0.3193761 0.0000000 0.4288903 0.6322673 0.4199527 0.6009563 0.1891062 0.3264394 0.5413483 0.1725565 
C          0.4870981 0.4288903 0.0000000 0.8502182 0.6400610 0.8475361 0.4580899 0.5979487 0.7459768 0.4291868 
D          0.6939616 0.6322673 0.8502182 0.0000000 0.7420981 1.0344180 0.6929785 0.7905704 1.0214203 0.6378418 
E          0.5278215 0.4199527 0.6400610 0.7420981 0.0000000 0.8707629 0.4408834 0.5883049 0.6869122 0.3751517 
F          0.7454306 0.6009563 0.8475361 1.0344180 0.8707629 0.0000000 0.5899023 0.7322170 0.9928394 0.6196147 
G          0.3127382 0.1891062 0.4580899 0.6929785 0.4408834 0.5899023 0.0000000 0.3541952 0.5517887 0.2038379 
H          0.4795896 0.3264394 0.5979487 0.7905704 0.5883049 0.7322170 0.3541952 0.0000000 0.7125600 0.3329553 
I          0.6777278 0.5413483 0.7459768 1.0214203 0.6869122 0.9928394 0.5517887 0.7125600 0.0000000 0.5109692 
J          0.3151429 0.1725565 0.4291868 0.6378418 0.3751517 0.6196147 0.2038379 0.3329553 0.5109692 0.0000000 
