10
A          0.0000000 0.3309102 0.5480354 0.7418364 0.5303349 0.6575402 0.3610720 0.4449327 0.6774023 0.3195980 
B          0.3309102 0.0000000 0.4624961 0.6480804 0.4441637 0.6087562 0.2599333 0.4084790 0.6112873 0.2285416 
C          0.5480354 0.4624961 0.0000000 0.9190137 0.5960252 0.8192744 0.4235346 0.6146791 0.7610656 0.4871829 
D          0.7418364 0.6480804 0.9190137 0.0000000 0.8312264 1.1048580 0.6172550 0.8233122 1.1526586 0.7387941 
E          0.5303349 0.4441637 0.5960252 0.8312264 0.0000000 0.8539381 0.3633813 0.6378602 0.7599962 0.5218962 
F          0.6575402 0.6087562 0.8192744 1.1048580 0.8539381 0.0000000 0.6360550 0.7876499 1.0123727 0.7194507 
G          0.3610720 0.2599333 0.4235346 0.6172550 0.3633813 0.6360550 0.0000000 0.4617111 0.5943702 0.3170403 
H          0.4449327 0.4084790 0.6146791 0.8233122 0.6378602 0.7876499 0.4617111 0.0000000 0.7318272 0.3261826 
I          0.6774023 0.6112873 0.7610656 1.1526586 0.7599962 1.0123727 0.5943702 0.7318272 0.0000000 0.6132969 
J          0.3195980 0.2285416 0.4871829 0.7387941 0.5218962 0.7194507 0.3170403 0.3261826 0.6132969 0.0000000 
