10
A          0.0000000 0.3499483 0.5491818 0.7492249 0.6279659 0.8438230 0.3909832 0.4657833 0.7899511 0.3259444 
B          0.3499483 0.0000000 0.4530192 0.6314533 0.4880207 0.6534324 0.2911025 0.3693430 0.6147980 0.2471889 
C          0.5491818 0.4530192 0.0000000 0.7543064 0.7267047 0.8206428 0.5073889 0.5703654 0.8082927 0.4397099 
D          0.7492249 0.6314533 0.7543064 0.0000000 0.7887412 0.9875861 0.6576319 0.7346786 0.9835221 0.5517316 
E          0.6279659 0.4880207 0.7267047 0.7887412 0.0000000 0.9071152 0.5131808 0.6309774 0.8994655 0.4820795 
F          0.8438230 0.6534324 0.8206428 0.9875861 0.9071152 0.0000000 0.7313192 0.7474080 1.1123725 0.6616291 
G          0.3909832 0.2911025 0.5073889 0.6576319 0.5131808 0.7313192 0.0000000 0.4123623 0.7444378 0.2914144 
H          0.4657833 0.3693430 0.5703654 0.7346786 0.6309774 0.7474080 0.4123623 0.0000000 0.7999298 0.3721246 
I          0.7899511 0.6147980 0.8082927 0.9835221 0.8994655 1.1123725 0.7444378 0.7999298 0.0000000 0.6437239 
J          0.3259444 0.2471889 0.4397099 0.5517316 0.4820795 0.6616291 0.2914144 0.3721246 0.6437239 0.0000000 
