10
A          0.0000000 0.3590843 0.5947732 0.7273965 0.5950086 0.7470535 0.4712825 0.4601711 0.8241894 0.4091747 
B          0.3590843 0.0000000 0.4849165 0.5354102 0.4448375 0.5901022 0.3170200 0.4055197 0.6646886 0.3099021 
C          0.5947732 0.4849165 0.0000000 0.8184786 0.6205553 0.9081171 0.4800643 0.6784966 0.7588625 0.5989353 
D          0.7273965 0.5354102 0.8184786 0.0000000 0.8522567 0.9196037 0.6600340 0.8351916 0.9649496 0.7619296 
E          0.5950086 0.4448375 0.6205553 0.8522567 0.0000000 0.8794850 0.3546141 0.5954281 0.7757921 0.5140057 
F          0.7470535 0.5901022 0.9081171 0.9196037 0.8794850 0.0000000 0.6551200 0.7270428 1.0507920 0.6633741 
G          0.4712825 0.3170200 0.4800643 0.6600340 0.3546141 0.6551200 0.0000000 0.4906455 0.5933187 0.4118719 
H          0.4601711 0.4055197 0.6784966 0.8351916 0.5954281 0.7270428 0.4906455 0.0000000 0.8048053 0.3361715 
I          0.8241894 0.6646886 0.7588625 0.9649496 0.7757921 1.0507920 0.5933187 0.8048053 0.0000000 0.7708493 
J          0.4091747 0.3099021 0.5989353 0.7619296 0.5140057 0.6633741 0.4118719 0.3361715 0.7708493 0.0000000 
