10
A          0.0000000 0.5323099 0.5763506 0.2139915 0.3290890 0.4387169 0.3160086 0.4388925 0.5614358 0.3427628 
B          0.5323099 0.0000000 0.9258656 0.4648878 0.6406226 0.7598035 0.5872252 0.7181848 0.9058597 0.5969989 
C          0.5763506 0.9258656 0.0000000 0.4959291 0.5999515 0.7010768 0.5984677 0.7657518 0.8919782 0.6253312 
D          0.2139915 0.4648878 0.4959291 0.0000000 0.2635138 0.3615603 0.2684573 0.4208131 0.5170880 0.2588706 
E          0.3290890 0.6406226 0.5999515 0.2635138 0.0000000 0.4957701 0.3883036 0.5139467 0.6754178 0.4164600 
F          0.4387169 0.7598035 0.7010768 0.3615603 0.4957701 0.0000000 0.4930289 0.5824146 0.7593950 0.5233099 
G          0.3160086 0.5872252 0.5984677 0.2684573 0.3883036 0.4930289 0.0000000 0.4438077 0.6629548 0.3569163 
H          0.4388925 0.7181848 0.7657518 0.4208131 0.5139467 0.5824146 0.4438077 0.0000000 0.7541062 0.5189980 
I          0.5614358 0.9058597 0.8919782 0.5170880 0.6754178 0.7593950 0.6629548 0.7541062 0.0000000 0.6825075 
J          0.3427628 0.5969989 0.6253312 0.2588706 0.4164600 0.5233099 0.3569163 0.5189980 0.6825075 0.0000000 
