10
A          0.0000000 0.5170549 0.5866816 0.2060503 0.3191349 0.4401889 0.3198787 0.4542906 0.7065320 0.3123170 
B          0.5170549 0.0000000 0.7782359 0.4409373 0.5451625 0.5509231 0.5360202 0.6549252 0.8789629 0.5089320 
C          0.5866816 0.7782359 0.0000000 0.5134349 0.5902561 0.7455262 0.5788357 0.7361840 0.8478610 0.5468574 
D          0.2060503 0.4409373 0.5134349 0.0000000 0.2339739 0.3438469 0.2595055 0.3423668 0.6013659 0.2424876 
E          0.3191349 0.5451625 0.5902561 0.2339739 0.0000000 0.4863416 0.3557542 0.4650470 0.7353451 0.3399917 
F          0.4401889 0.5509231 0.7455262 0.3438469 0.4863416 0.0000000 0.4912594 0.6270800 0.7111369 0.4926759 
G          0.3198787 0.5360202 0.5788357 0.2595055 0.3557542 0.4912594 0.0000000 0.5230778 0.7559756 0.3575833 
H          0.4542906 0.6549252 0.7361840 0.3423668 0.4650470 0.6270800 0.5230778 0.0000000 0.8892013 0.4827644 
I          0.7065320 0.8789629 0.8478610 0.6013659 0.7353451 0.7111369 0.7559756 0.8892013 0.0000000 0.6958880 
J          0.3123170 0.5089320 0.5468574 0.2424876 0.3399917 0.4926759 0.3575833 0.4827644 0.6958880 0.0000000 
