10
A          0.0000000 0.6210240 0.4952746 0.2307654 0.3483224 0.4332894 0.3295460 0.4322420 0.5609200 0.3095786 
B          0.6210240 0.0000000 0.8274020 0.4810441 0.6574858 0.6420371 0.5716905 0.6521348 0.7478738 0.5595918 
C          0.4952746 0.8274020 0.0000000 0.4202485 0.5133889 0.6927406 0.4724726 0.6363801 0.7564093 0.4491172 
D          0.2307654 0.4810441 0.4202485 0.0000000 0.2908902 0.3546308 0.2383480 0.3623691 0.4974741 0.2372331 
E          0.3483224 0.6574858 0.5133889 0.2908902 0.0000000 0.4760417 0.3896258 0.4513899 0.5612260 0.3581669 
F          0.4332894 0.6420371 0.6927406 0.3546308 0.4760417 0.0000000 0.4505155 0.5525034 0.6412547 0.4169812 
G          0.3295460 0.5716905 0.4724726 0.2383480 0.3896258 0.4505155 0.0000000 0.4022492 0.5521150 0.3334983 
H          0.4322420 0.6521348 0.6363801 0.3623691 0.4513899 0.5525034 0.4022492 0.0000000 0.6458727 0.4014217 
I          0.5609200 0.7478738 0.7564093 0.4974741 0.5612260 0.6412547 0.5521150 0.6458727 0.0000000 0.5508153 
J          0.3095786 0.5595918 0.4491172 0.2372331 0.3581669 0.4169812 0.3334983 0.4014217 0.5508153 0.0000000 
