10
A          0.0000000 0.4880673 0.5987680 0.2361398 0.3129940 0.4265629 0.2792251 0.4476089 0.5907426 0.2699775 
B          0.4880673 0.0000000 0.7649267 0.4572463 0.5344556 0.6257861 0.5202841 0.6696104 0.8172618 0.5077224 
C          0.5987680 0.7649267 0.0000000 0.4804334 0.5995515 0.6764247 0.5465136 0.7340115 0.8871058 0.5827791 
D          0.2361398 0.4572463 0.4804334 0.0000000 0.2651795 0.3414670 0.2190548 0.3502801 0.5153536 0.2014650 
E          0.3129940 0.5344556 0.5995515 0.2651795 0.0000000 0.4239063 0.3146660 0.4873277 0.6262300 0.3468353 
F          0.4265629 0.6257861 0.6764247 0.3414670 0.4239063 0.0000000 0.3901454 0.5250208 0.7191633 0.4090689 
G          0.2792251 0.5202841 0.5465136 0.2190548 0.3146660 0.3901454 0.0000000 0.4622195 0.5553327 0.2690115 
H          0.4476089 0.6696104 0.7340115 0.3502801 0.4873277 0.5250208 0.4622195 0.0000000 0.7362047 0.4221477 
I          0.5907426 0.8172618 0.8871058 0.5153536 0.6262300 0.7191633 0.5553327 0.7362047 0.0000000 0.5650525 
J          0.2699775 0.5077224 0.5827791 0.2014650 0.3468353 0.4090689 0.2690115 0.4221477 0.5650525 0.0000000 
