10
A          0.0000000 0.7702081 0.7658905 0.3113769 0.4216718 0.5905153 0.4137785 0.6123958 0.7225710 0.3754192 
B          0.7702081 0.0000000 1.1670128 0.6473944 0.7855115 1.0018220 0.7857645 0.8682697 1.1601327 0.8203936 
C          0.7658905 1.1670128 0.0000000 0.7046826 0.9290399 1.0283985 0.8070144 1.0269056 1.2050606 0.7741581 
D          0.3113769 0.6473944 0.7046826 0.0000000 0.3441313 0.4452591 0.3153620 0.4697010 0.6534471 0.3406262 
E          0.4216718 0.7855115 0.9290399 0.3441313 0.0000000 0.5498010 0.4621538 0.6341929 0.7721984 0.4768147 
F          0.5905153 1.0018220 1.0283985 0.4452591 0.5498010 0.0000000 0.5557957 0.6905808 0.8611876 0.5814939 
G          0.4137785 0.7857645 0.8070144 0.3153620 0.4621538 0.5557957 0.0000000 0.5854752 0.8321352 0.4249986 
H          0.6123958 0.8682697 1.0269056 0.4697010 0.6341929 0.6905808 0.5854752 0.0000000 0.8966520 0.5854438 
I          0.7225710 1.1601327 1.2050606 0.6534471 0.7721984 0.8611876 0.8321352 0.8966520 0.0000000 0.7471070 
J          0.3754192 0.8203936 0.7741581 0.3406262 0.4768147 0.5814939 0.4249986 0.5854438 0.7471070 0.0000000 
