10
A          0.0000000 0.5294691 0.5802603 0.2209474 0.3386289 0.4713290 0.2903947 0.4622021 0.5858866 0.2916136 
B          0.5294691 0.0000000 0.8393003 0.5059291 0.6546195 0.7524133 0.5338918 0.6106717 0.6929719 0.5731980 
C          0.5802603 0.8393003 0.0000000 0.5637351 0.6974549 0.8966129 0.6129673 0.7469499 0.8444349 0.6347115 
D          0.2209474 0.5059291 0.5637351 0.0000000 0.3015446 0.4002521 0.2224378 0.3837859 0.5584992 0.2599953 
E          0.3386289 0.6546195 0.6974549 0.3015446 0.0000000 0.5220780 0.3527158 0.5432655 0.7271420 0.3811509 
F          0.4713290 0.7524133 0.8966129 0.4002521 0.5220780 0.0000000 0.4794725 0.6548611 0.8349421 0.4999236 
G          0.2903947 0.5338918 0.6129673 0.2224378 0.3527158 0.4794725 0.0000000 0.4692916 0.5782032 0.3417917 
H          0.4622021 0.6106717 0.7469499 0.3837859 0.5432655 0.6548611 0.4692916 0.0000000 0.7657529 0.4647675 
I          0.5858866 0.6929719 0.8444349 0.5584992 0.7271420 0.8349421 0.5782032 0.7657529 0.0000000 0.6644364 
J          0.2916136 0.5731980 0.6347115 0.2599953 0.3811509 0.4999236 0.3417917 0.4647675 0.6644364 0.0000000 
