10
A          0.0000000 0.7003027 0.7517672 0.2490873 0.4513110 0.4496148 0.3386832 0.5375095 0.6929963 0.3575299 
B          0.7003027 0.0000000 1.1186509 0.6002975 0.7033824 0.8241557 0.6923411 0.7612908 0.9721801 0.6458133 
C          0.7517672 1.1186509 0.0000000 0.6607956 0.8671315 0.9085927 0.7607974 0.8760423 1.1698795 0.8917060 
D          0.2490873 0.6002975 0.6607956 0.0000000 0.2983725 0.3598166 0.2632342 0.4293323 0.5760277 0.2559426 
E          0.4513110 0.7033824 0.8671315 0.2983725 0.0000000 0.4950639 0.4119124 0.6185821 0.7662645 0.4303011 
F          0.4496148 0.8241557 0.9085927 0.3598166 0.4950639 0.0000000 0.4819225 0.6146973 0.8590005 0.4489762 
G          0.3386832 0.6923411 0.7607974 0.2632342 0.4119124 0.4819225 0.0000000 0.4598652 0.7062525 0.3591612 
H          0.5375095 0.7612908 0.8760423 0.4293323 0.6185821 0.6146973 0.4598652 0.0000000 0.7823217 0.4957564 
I          0.6929963 0.9721801 1.1698795 0.5760277 0.7662645 0.8590005 0.7062525 0.7823217 0.0000000 0.6747877 
J          0.3575299 0.6458133 0.8917060 0.2559426 0.4303011 0.4489762 0.3591612 0.4957564 0.6747877 0.0000000 
