10
A          0.0000000 0.5770830 0.5498633 0.2182438 0.3001695 0.4123096 0.2721210 0.3859586 0.5736564 0.3018368 
B          0.5770830 0.0000000 0.9318814 0.5185195 0.6188637 0.7092516 0.5556148 0.7154970 0.9441282 0.6336396 
C          0.5498633 0.9318814 0.0000000 0.4466023 0.6173224 0.7271588 0.5811332 0.6905914 0.9360199 0.6347117 
D          0.2182438 0.5185195 0.4466023 0.0000000 0.2301861 0.3883291 0.2048980 0.2968096 0.5502211 0.2333120 
E          0.3001695 0.6188637 0.6173224 0.2301861 0.0000000 0.4759443 0.2923676 0.4080942 0.6410747 0.3335036 
F          0.4123096 0.7092516 0.7271588 0.3883291 0.4759443 0.0000000 0.4720973 0.5401409 0.7469830 0.4721082 
G          0.2721210 0.5556148 0.5811332 0.2048980 0.2923676 0.4720973 0.0000000 0.3711927 0.6233084 0.2848467 
H          0.3859586 0.7154970 0.6905914 0.2968096 0.4080942 0.5401409 0.3711927 0.0000000 0.6939968 0.4261766 
I          0.5736564 0.9441282 0.9360199 0.5502211 0.6410747 0.7469830 0.6233084 0.6939968 0.0000000 0.6086631 
J          0.3018368 0.6336396 0.6347117 0.2333120 0.3335036 0.4721082 0.2848467 0.4261766 0.6086631 0.0000000 
