10
A          0.0000000 0.6443180 0.6124879 0.2930226 0.3182586 0.5348043 0.3296853 0.4805239 0.6227967 0.3950337 
B          0.6443180 0.0000000 0.9021962 0.5853329 0.6541412 0.8231055 0.7140561 0.7257383 0.9632813 0.6399359 
C          0.6124879 0.9021962 0.0000000 0.5294586 0.5729086 0.8128910 0.6233950 0.8145822 0.9468275 0.6392035 
D          0.2930226 0.5853329 0.5294586 0.0000000 0.2644892 0.4332067 0.3066576 0.3992846 0.5194446 0.2894377 
E          0.3182586 0.6541412 0.5729086 0.2644892 0.0000000 0.4811565 0.3011885 0.4891872 0.6454262 0.3697035 
F          0.5348043 0.8231055 0.8128910 0.4332067 0.4811565 0.0000000 0.5218304 0.6461065 0.7798639 0.5553940 
G          0.3296853 0.7140561 0.6233950 0.3066576 0.3011885 0.5218304 0.0000000 0.5078130 0.6478850 0.3951406 
H          0.4805239 0.7257383 0.8145822 0.3992846 0.4891872 0.6461065 0.5078130 0.0000000 0.7727224 0.5598829 
I          0.6227967 0.9632813 0.9468275 0.5194446 0.6454262 0.7798639 0.6478850 0.7727224 0.0000000 0.6699974 
J          0.3950337 0.6399359 0.6392035 0.2894377 0.3697035 0.5553940 0.3951406 0.5598829 0.6699974 0.0000000 
