10
A          0.0000000 0.6008805 0.6534558 0.2425707 0.3344379 0.4791880 0.3330039 0.5132167 0.6297797 0.3466206 
B          0.6008805 0.0000000 0.9019860 0.5340076 0.6063847 0.6932564 0.6249758 0.8050833 0.9634946 0.6093526 
C          0.6534558 0.9019860 0.0000000 0.5760876 0.7232651 0.7666038 0.6356600 0.8402558 1.0617744 0.7317789 
D          0.2425707 0.5340076 0.5760876 0.0000000 0.2825522 0.3820627 0.2704656 0.4370870 0.4925307 0.2798625 
E          0.3344379 0.6063847 0.7232651 0.2825522 0.0000000 0.4692867 0.3301626 0.5291936 0.6238383 0.3769023 
F          0.4791880 0.6932564 0.7666038 0.3820627 0.4692867 0.0000000 0.4968565 0.6132818 0.7317608 0.4633859 
G          0.3330039 0.6249758 0.6356600 0.2704656 0.3301626 0.4968565 0.0000000 0.5314858 0.6730123 0.3759114 
H          0.5132167 0.8050833 0.8402558 0.4370870 0.5291936 0.6132818 0.5314858 0.0000000 0.7444369 0.5585058 
I          0.6297797 0.9634946 1.0617744 0.4925307 0.6238383 0.7317608 0.6730123 0.7444369 0.0000000 0.6320538 
J          0.3466206 0.6093526 0.7317789 0.2798625 0.3769023 0.4633859 0.3759114 0.5585058 0.6320538 0.0000000 
