10
A          0.0000000 0.5975312 0.5033791 0.7191142 0.7052833 0.9146456 0.5580388 0.6101018 1.0528837 0.5701171 
B          0.5975312 0.0000000 0.2614852 0.5180195 0.4967422 0.7305828 0.3278576 0.3731343 0.7056914 0.3643922 
C          0.5033791 0.2614852 0.0000000 0.3419725 0.3263078 0.5731769 0.1654489 0.2159283 0.5879128 0.2187157 
D          0.7191142 0.5180195 0.3419725 0.0000000 0.5743387 0.7489347 0.3968489 0.4646703 0.9061632 0.4250783 
E          0.7052833 0.4967422 0.3263078 0.5743387 0.0000000 0.7076558 0.3624085 0.4194720 0.8323127 0.3935864 
F          0.9146456 0.7305828 0.5731769 0.7489347 0.7076558 0.0000000 0.5757262 0.6445166 1.0519846 0.6024727 
G          0.5580388 0.3278576 0.1654489 0.3968489 0.3624085 0.5757262 0.0000000 0.2679892 0.6395810 0.2557066 
H          0.6101018 0.3731343 0.2159283 0.4646703 0.4194720 0.6445166 0.2679892 0.0000000 0.7191327 0.3247617 
I          1.0528837 0.7056914 0.5879128 0.9061632 0.8323127 1.0519846 0.6395810 0.7191327 0.0000000 0.6629036 
J          0.5701171 0.3643922 0.2187157 0.4250783 0.3935864 0.6024727 0.2557066 0.3247617 0.6629036 0.0000000 
