10
A          0.0000000 0.5037295 0.4705328 0.6138847 0.5697920 0.7951050 0.4961688 0.5614575 0.6928772 0.5325083 
B          0.5037295 0.0000000 0.2848158 0.5015743 0.4540769 0.5795857 0.3388705 0.3895167 0.5742141 0.3942429 
C          0.4705328 0.2848158 0.0000000 0.3868659 0.3260223 0.4710751 0.1985410 0.2438560 0.5400744 0.2552164 
D          0.6138847 0.5015743 0.3868659 0.0000000 0.5203459 0.7176774 0.4097063 0.4287824 0.6764508 0.4894687 
E          0.5697920 0.4540769 0.3260223 0.5203459 0.0000000 0.6456288 0.3588366 0.4038630 0.7182772 0.4152554 
F          0.7951050 0.5795857 0.4710751 0.7176774 0.6456288 0.0000000 0.5523025 0.5207823 0.8725052 0.6157523 
G          0.4961688 0.3388705 0.1985410 0.4097063 0.3588366 0.5523025 0.0000000 0.2445311 0.5419100 0.2553642 
H          0.5614575 0.3895167 0.2438560 0.4287824 0.4038630 0.5207823 0.2445311 0.0000000 0.5811702 0.3122493 
I          0.6928772 0.5742141 0.5400744 0.6764508 0.7182772 0.8725052 0.5419100 0.5811702 0.0000000 0.5985657 
J          0.5325083 0.3942429 0.2552164 0.4894687 0.4152554 0.6157523 0.2553642 0.3122493 0.5985657 0.0000000 
