10
A          0.0000000 0.6844030 0.4844828 0.7892096 0.6748919 0.9022339 0.4873060 0.5641343 0.8513754 0.4819697 
B          0.6844030 0.0000000 0.3659229 0.5964968 0.4974548 0.8344688 0.3601398 0.4364841 0.8874770 0.4007518 
C          0.4844828 0.3659229 0.0000000 0.4364040 0.3522100 0.6470536 0.2166885 0.2639319 0.6826895 0.2256340 
D          0.7892096 0.5964968 0.4364040 0.0000000 0.5859324 0.8693169 0.4541173 0.5434850 1.0006233 0.4652882 
E          0.6748919 0.4974548 0.3522100 0.5859324 0.0000000 0.8176467 0.3088532 0.3928465 0.8870166 0.3533025 
F          0.9022339 0.8344688 0.6470536 0.8693169 0.8176467 0.0000000 0.6154971 0.7260422 1.0675784 0.7038462 
G          0.4873060 0.3601398 0.2166885 0.4541173 0.3088532 0.6154971 0.0000000 0.2860441 0.6556518 0.2618088 
H          0.5641343 0.4364841 0.2639319 0.5434850 0.3928465 0.7260422 0.2860441 0.0000000 0.7317144 0.3057805 
I          0.8513754 0.8874770 0.6826895 1.0006233 0.8870166 1.0675784 0.6556518 0.7317144 0.0000000 0.6798428 
J          0.4819697 0.4007518 0.2256340 0.4652882 0.3533025 0.7038462 0.2618088 0.3057805 0.6798428 0.0000000 
