10
A          0.0000000 0.6100476 0.4192560 0.6373863 0.5855755 0.8461469 0.5402676 0.5928764 1.0678193 0.5584178 
B          0.6100476 0.0000000 0.3299919 0.6007638 0.4806973 0.7030624 0.3806116 0.4601524 0.7965902 0.4046237 
C          0.4192560 0.3299919 0.0000000 0.3828366 0.2857158 0.6218437 0.2002531 0.2454304 0.6699237 0.2419364 
D          0.6373863 0.6007638 0.3828366 0.0000000 0.5621934 0.8903913 0.4844551 0.4765863 0.8842542 0.4837157 
E          0.5855755 0.4806973 0.2857158 0.5621934 0.0000000 0.7558965 0.3326229 0.3720563 0.7567206 0.3705319 
F          0.8461469 0.7030624 0.6218437 0.8903913 0.7558965 0.0000000 0.6756927 0.7387978 1.2493251 0.6827974 
G          0.5402676 0.3806116 0.2002531 0.4844551 0.3326229 0.6756927 0.0000000 0.3099453 0.8017880 0.2899571 
H          0.5928764 0.4601524 0.2454304 0.4765863 0.3720563 0.7387978 0.3099453 0.0000000 0.7637668 0.3440710 
I          1.0678193 0.7965902 0.6699237 0.8842542 0.7567206 1.2493251 0.8017880 0.7637668 0.0000000 0.7106814 
J          0.5584178 0.4046237 0.2419364 0.4837157 0.3705319 0.6827974 0.2899571 0.3440710 0.7106814 0.0000000 
