10
A          0.0000000 0.5688258 0.4407900 0.6700170 0.6872466 0.7792503 0.4966108 0.5408106 0.7782028 0.5083641 
B          0.5688258 0.0000000 0.2319347 0.4634265 0.4155045 0.5381534 0.2666887 0.2943708 0.6750953 0.3185776 
C          0.4407900 0.2319347 0.0000000 0.3143500 0.2743079 0.4326619 0.1531161 0.1965779 0.5537070 0.1886875 
D          0.6700170 0.4634265 0.3143500 0.0000000 0.5563065 0.6485481 0.3503737 0.4005305 0.7755639 0.4131639 
E          0.6872466 0.4155045 0.2743079 0.5563065 0.0000000 0.6773434 0.3258595 0.3546281 0.7608517 0.3742809 
F          0.7792503 0.5381534 0.4326619 0.6485481 0.6773434 0.0000000 0.4784297 0.4942705 0.7777096 0.4779035 
G          0.4966108 0.2666887 0.1531161 0.3503737 0.3258595 0.4784297 0.0000000 0.2284702 0.5858213 0.2381426 
H          0.5408106 0.2943708 0.1965779 0.4005305 0.3546281 0.4942705 0.2284702 0.0000000 0.6095985 0.2647956 
I          0.7782028 0.6750953 0.5537070 0.7755639 0.7608517 0.7777096 0.5858213 0.6095985 0.0000000 0.5650814 
J          0.5083641 0.3185776 0.1886875 0.4131639 0.3742809 0.4779035 0.2381426 0.2647956 0.5650814 0.0000000 
