10
A          0.0000000 0.7432801 0.5143779 0.7444587 0.6809549 0.9120665 0.5980900 0.6006799 1.0096225 0.5088354 
B          0.7432801 0.0000000 0.3416434 0.5497272 0.5456152 0.7953479 0.4154928 0.4605304 0.7504134 0.4359159 
C          0.5143779 0.3416434 0.0000000 0.3292371 0.2994105 0.5994389 0.1792993 0.2099395 0.5611683 0.1961824 
D          0.7444587 0.5497272 0.3292371 0.0000000 0.5312512 0.8577252 0.4635363 0.4310149 0.8501596 0.4199879 
E          0.6809549 0.5456152 0.2994105 0.5312512 0.0000000 0.8023107 0.3900276 0.4106366 0.8490589 0.3554046 
F          0.9120665 0.7953479 0.5994389 0.8577252 0.8023107 0.0000000 0.7213851 0.6814744 1.1082969 0.6764555 
G          0.5980900 0.4154928 0.1792993 0.4635363 0.3900276 0.7213851 0.0000000 0.2837318 0.6302784 0.2760904 
H          0.6006799 0.4605304 0.2099395 0.4310149 0.4106366 0.6814744 0.2837318 0.0000000 0.6858164 0.2656720 
I          1.0096225 0.7504134 0.5611683 0.8501596 0.8490589 1.1082969 0.6302784 0.6858164 0.0000000 0.7120687 
J          0.5088354 0.4359159 0.1961824 0.4199879 0.3554046 0.6764555 0.2760904 0.2656720 0.7120687 0.0000000 
