10
A          0.0000000 0.6197288 0.4746093 0.7461402 0.5307136 0.9091324 0.5267558 0.5428651 0.9213448 0.5243180 
B          0.6197288 0.0000000 0.2846902 0.4998956 0.3706599 0.5583840 0.3069908 0.3980197 0.7259306 0.3610591 
C          0.4746093 0.2846902 0.0000000 0.3923203 0.2747977 0.4776244 0.1601798 0.2355834 0.6341142 0.2127058 
D          0.7461402 0.4998956 0.3923203 0.0000000 0.5593723 0.7640822 0.4349931 0.4716881 0.8441916 0.4501516 
E          0.5307136 0.3706599 0.2747977 0.5593723 0.0000000 0.5501356 0.2991188 0.3637496 0.7592118 0.3273031 
F          0.9091324 0.5583840 0.4776244 0.7640822 0.5501356 0.0000000 0.5977550 0.6150278 1.0213231 0.5499363 
G          0.5267558 0.3069908 0.1601798 0.4349931 0.2991188 0.5977550 0.0000000 0.2864718 0.6111431 0.2237296 
H          0.5428651 0.3980197 0.2355834 0.4716881 0.3637496 0.6150278 0.2864718 0.0000000 0.7245716 0.2923355 
I          0.9213448 0.7259306 0.6341142 0.8441916 0.7592118 1.0213231 0.6111431 0.7245716 0.0000000 0.6481759 
J          0.5243180 0.3610591 0.2127058 0.4501516 0.3273031 0.5499363 0.2237296 0.2923355 0.6481759 0.0000000 
