10
A          0.0000000 0.6357096 0.4500842 0.7374179 0.5735347 0.7773472 0.4776143 0.5197926 0.9861887 0.5238992 
B          0.6357096 0.0000000 0.2777867 0.5755176 0.4741170 0.7143294 0.3558404 0.3625170 0.8478751 0.3997393 
C          0.4500842 0.2777867 0.0000000 0.3756903 0.3356874 0.5281068 0.2128929 0.2215363 0.6428903 0.2423635 
D          0.7374179 0.5755176 0.3756903 0.0000000 0.5183525 0.8416951 0.4585505 0.4340747 0.8884171 0.4999689 
E          0.5735347 0.4741170 0.3356874 0.5183525 0.0000000 0.6588423 0.3650685 0.3825014 0.8250891 0.4128625 
F          0.7773472 0.7143294 0.5281068 0.8416951 0.6588423 0.0000000 0.6127626 0.5914996 1.0240496 0.6478681 
G          0.4776143 0.3558404 0.2128929 0.4585505 0.3650685 0.6127626 0.0000000 0.2346149 0.7138923 0.2740922 
H          0.5197926 0.3625170 0.2215363 0.4340747 0.3825014 0.5914996 0.2346149 0.0000000 0.7001902 0.2808326 
I          0.9861887 0.8478751 0.6428903 0.8884171 0.8250891 1.0240496 0.7138923 0.7001902 0.0000000 0.8195660 
J          0.5238992 0.3997393 0.2423635 0.4999689 0.4128625 0.6478681 0.2740922 0.2808326 0.8195660 0.0000000 
