10
A          0.0000000 0.6153392 0.5605495 0.7562913 0.6354668 0.9547786 0.5657733 0.5989371 1.0488163 0.5803700 
B          0.6153392 0.0000000 0.2664379 0.5054472 0.3953623 0.7157978 0.3028572 0.3177129 0.7557378 0.3169450 
C          0.5605495 0.2664379 0.0000000 0.3672303 0.3130071 0.5794914 0.2154182 0.2401163 0.5425801 0.2368672 
D          0.7562913 0.5054472 0.3672303 0.0000000 0.5676341 0.9099076 0.4219123 0.4749987 0.7737218 0.4307728 
E          0.6354668 0.3953623 0.3130071 0.5676341 0.0000000 0.7440280 0.3667451 0.3967896 0.7386056 0.3470804 
F          0.9547786 0.7157978 0.5794914 0.9099076 0.7440280 0.0000000 0.6936145 0.7024337 1.0482948 0.7079354 
G          0.5657733 0.3028572 0.2154182 0.4219123 0.3667451 0.6936145 0.0000000 0.2650367 0.6843827 0.2452321 
H          0.5989371 0.3177129 0.2401163 0.4749987 0.3967896 0.7024337 0.2650367 0.0000000 0.6692998 0.2694265 
I          1.0488163 0.7557378 0.5425801 0.7737218 0.7386056 1.0482948 0.6843827 0.6692998 0.0000000 0.6716619 
J          0.5803700 0.3169450 0.2368672 0.4307728 0.3470804 0.7079354 0.2452321 0.2694265 0.6716619 0.0000000 
