10
A          0.0000000 0.5845882 0.4385660 0.7565006 0.5871908 0.9325819 0.5211051 0.5650100 0.9403805 0.5407369 
B          0.5845882 0.0000000 0.2633033 0.5821329 0.4456444 0.7288998 0.3343295 0.3976510 0.7669352 0.3633453 
C          0.4385660 0.2633033 0.0000000 0.4336543 0.2873416 0.6133993 0.1777778 0.2497915 0.5911040 0.2167204 
D          0.7565006 0.5821329 0.4336543 0.0000000 0.6412644 0.8629037 0.4809959 0.5877315 0.8919485 0.5198432 
E          0.5871908 0.4456444 0.2873416 0.6412644 0.0000000 0.7393299 0.3700870 0.4109424 0.7171831 0.3876920 
F          0.9325819 0.7288998 0.6133993 0.8629037 0.7393299 0.0000000 0.6273036 0.7522498 1.0437235 0.6987827 
G          0.5211051 0.3343295 0.1777778 0.4809959 0.3700870 0.6273036 0.0000000 0.2877645 0.6379740 0.2710944 
H          0.5650100 0.3976510 0.2497915 0.5877315 0.4109424 0.7522498 0.2877645 0.0000000 0.7042389 0.2904244 
I          0.9403805 0.7669352 0.5911040 0.8919485 0.7171831 1.0437235 0.6379740 0.7042389 0.0000000 0.6448601 
J          0.5407369 0.3633453 0.2167204 0.5198432 0.3876920 0.6987827 0.2710944 0.2904244 0.6448601 0.0000000 
