10
A          0.0000000 0.8362587 0.6521990 0.9603994 0.9306070 0.9766852 0.6955007 0.8324932 1.1963468 0.7127509 
B          0.8362587 0.0000000 0.2845371 0.5626639 0.5542376 0.7923858 0.3990860 0.4749901 0.7964298 0.4241783 
C          0.6521990 0.2845371 0.0000000 0.4468796 0.4517051 0.6826970 0.2116102 0.2868250 0.6626233 0.2504964 
D          0.9603994 0.5626639 0.4468796 0.0000000 0.7465288 0.9861871 0.5129692 0.5798216 0.8964353 0.5123920 
E          0.9306070 0.5542376 0.4517051 0.7465288 0.0000000 0.9064778 0.4401762 0.5486291 0.8977282 0.5249486 
F          0.9766852 0.7923858 0.6826970 0.9861871 0.9064778 0.0000000 0.7188859 0.8270643 1.1516392 0.7261439 
G          0.6955007 0.3990860 0.2116102 0.5129692 0.4401762 0.7188859 0.0000000 0.3040565 0.6534680 0.2907418 
H          0.8324932 0.4749901 0.2868250 0.5798216 0.5486291 0.8270643 0.3040565 0.0000000 0.8887981 0.3528037 
I          1.1963468 0.7964298 0.6626233 0.8964353 0.8977282 1.1516392 0.6534680 0.8887981 0.0000000 0.7169684 
J          0.7127509 0.4241783 0.2504964 0.5123920 0.5249486 0.7261439 0.2907418 0.3528037 0.7169684 0.0000000 
