10
A          0.0000000 0.6959992 0.5262783 0.8022624 0.6712811 0.9811519 0.5406595 0.5900877 1.1582260 0.5714272 
B          0.6959992 0.0000000 0.3076238 0.6062825 0.4425577 0.7093694 0.3252589 0.4075489 0.8532321 0.4691364 
C          0.5262783 0.3076238 0.0000000 0.4134388 0.3082111 0.5522102 0.2286457 0.2774844 0.7369851 0.2806334 
D          0.8022624 0.6062825 0.4134388 0.0000000 0.5684579 0.7984230 0.4438381 0.4706038 1.0160054 0.5228384 
E          0.6712811 0.4425577 0.3082111 0.5684579 0.0000000 0.7424810 0.3559282 0.3877561 0.8348682 0.4545134 
F          0.9811519 0.7093694 0.5522102 0.7984230 0.7424810 0.0000000 0.6508656 0.6825855 1.2220869 0.6964792 
G          0.5406595 0.3252589 0.2286457 0.4438381 0.3559282 0.6508656 0.0000000 0.2932019 0.7040347 0.3330558 
H          0.5900877 0.4075489 0.2774844 0.4706038 0.3877561 0.6825855 0.2932019 0.0000000 0.7535378 0.3786991 
I          1.1582260 0.8532321 0.7369851 1.0160054 0.8348682 1.2220869 0.7040347 0.7535378 0.0000000 0.8049435 
J          0.5714272 0.4691364 0.2806334 0.5228384 0.4545134 0.6964792 0.3330558 0.3786991 0.8049435 0.0000000 
