10
A          0.0000000 0.8336298 0.5847201 0.7896468 0.7309184 0.9206380 0.7873533 0.7798833 0.9732201 0.7409386 
B          0.8336298 0.0000000 0.3554674 0.5780711 0.5437272 0.7220546 0.4658421 0.4590417 0.8161860 0.4609276 
C          0.5847201 0.3554674 0.0000000 0.3928775 0.3369110 0.5690444 0.2828133 0.2971603 0.5888613 0.2784310 
D          0.7896468 0.5780711 0.3928775 0.0000000 0.4864050 0.7324656 0.4812354 0.5007158 0.8201806 0.5151194 
E          0.7309184 0.5437272 0.3369110 0.4864050 0.0000000 0.6770117 0.4002941 0.4275570 0.7330982 0.4006815 
F          0.9206380 0.7220546 0.5690444 0.7324656 0.6770117 0.0000000 0.6111537 0.6587049 0.9408429 0.6426524 
G          0.7873533 0.4658421 0.2828133 0.4812354 0.4002941 0.6111537 0.0000000 0.2435490 0.6758144 0.2570419 
H          0.7798833 0.4590417 0.2971603 0.5007158 0.4275570 0.6587049 0.2435490 0.0000000 0.7316295 0.2743548 
I          0.9732201 0.8161860 0.5888613 0.8201806 0.7330982 0.9408429 0.6758144 0.7316295 0.0000000 0.7395134 
J          0.7409386 0.4609276 0.2784310 0.5151194 0.4006815 0.6426524 0.2570419 0.2743548 0.7395134 0.0000000 
