10
A          0.0000000 0.5950337 0.9761716 0.9962167 0.8138147 1.0144948 0.6524348 0.5371988 0.8068779 0.7545115 
B          0.5950337 0.0000000 0.5476961 0.6393346 0.4700547 0.5033063 0.3443231 0.1666349 0.4062995 0.4787755 
C          0.9761716 0.5476961 0.0000000 0.9676899 0.7524839 0.8427529 0.6332167 0.4828090 0.6901227 0.8295993 
D          0.9962167 0.6393346 0.9676899 0.0000000 0.8662595 0.9398804 0.7068529 0.5478619 0.7612493 0.8942329 
E          0.8138147 0.4700547 0.7524839 0.8662595 0.0000000 0.7674791 0.5122586 0.3604190 0.6096875 0.7751491 
F          1.0144948 0.5033063 0.8427529 0.9398804 0.7674791 0.0000000 0.6491581 0.4655398 0.7157715 0.7860335 
G          0.6524348 0.3443231 0.6332167 0.7068529 0.5122586 0.6491581 0.0000000 0.2340025 0.4965903 0.6030280 
H          0.5371988 0.1666349 0.4828090 0.5478619 0.3604190 0.4655398 0.2340025 0.0000000 0.3512399 0.4292488 
I          0.8068779 0.4062995 0.6901227 0.7612493 0.6096875 0.7157715 0.4965903 0.3512399 0.0000000 0.6673564 
J          0.7545115 0.4787755 0.8295993 0.8942329 0.7751491 0.7860335 0.6030280 0.4292488 0.6673564 0.0000000 
