10
A          0.0000000 0.5022074 0.7086438 0.8557529 0.7841751 0.7755028 0.6366767 0.4744254 0.7175268 0.8357029 
B          0.5022074 0.0000000 0.5019889 0.5007372 0.4414295 0.4427879 0.3208141 0.1779695 0.3796675 0.4734644 
C          0.7086438 0.5019889 0.0000000 0.7460551 0.6785811 0.7777749 0.5584014 0.4328781 0.6762627 0.7765392 
D          0.8557529 0.5007372 0.7460551 0.0000000 0.7982513 0.7175911 0.5790660 0.4699364 0.7124274 0.7753968 
E          0.7841751 0.4414295 0.6785811 0.7982513 0.0000000 0.7528462 0.5279955 0.3610080 0.6751419 0.7113702 
F          0.7755028 0.4427879 0.7777749 0.7175911 0.7528462 0.0000000 0.5495692 0.3903902 0.6438932 0.7277410 
G          0.6366767 0.3208141 0.5584014 0.5790660 0.5279955 0.5495692 0.0000000 0.2761017 0.5292478 0.5817568 
H          0.4744254 0.1779695 0.4328781 0.4699364 0.3610080 0.3903902 0.2761017 0.0000000 0.3319458 0.4395981 
I          0.7175268 0.3796675 0.6762627 0.7124274 0.6751419 0.6438932 0.5292478 0.3319458 0.0000000 0.6769155 
J          0.8357029 0.4734644 0.7765392 0.7753968 0.7113702 0.7277410 0.5817568 0.4395981 0.6769155 0.0000000 
