10
A          0.0000000 0.6047357 1.0097842 1.0052498 0.9505523 1.0683037 0.7778514 0.5776348 0.8782318 0.8277987 
B          0.6047357 0.0000000 0.6036857 0.5555885 0.5235476 0.5586747 0.3348381 0.1568134 0.3882969 0.4571328 
C          1.0097842 0.6036857 0.0000000 1.0238003 1.0264791 1.0914324 0.6796911 0.5595566 0.7930818 0.8430958 
D          1.0052498 0.5555885 1.0238003 0.0000000 0.7980472 0.9436203 0.6911443 0.4858517 0.8382512 0.7013691 
E          0.9505523 0.5235476 1.0264791 0.7980472 0.0000000 0.8700752 0.6715985 0.4560817 0.7820974 0.6730524 
F          1.0683037 0.5586747 1.0914324 0.9436203 0.8700752 0.0000000 0.7065554 0.4539160 0.7763249 0.7766474 
G          0.7778514 0.3348381 0.6796911 0.6911443 0.6715985 0.7065554 0.0000000 0.2602445 0.5061066 0.5410055 
H          0.5776348 0.1568134 0.5595566 0.4858517 0.4560817 0.4539160 0.2602445 0.0000000 0.3455983 0.3454696 
I          0.8782318 0.3882969 0.7930818 0.8382512 0.7820974 0.7763249 0.5061066 0.3455983 0.0000000 0.6120449 
J          0.8277987 0.4571328 0.8430958 0.7013691 0.6730524 0.7766474 0.5410055 0.3454696 0.6120449 0.0000000 
