10
A          0.0000000 0.6682453 0.9773879 0.8774836 0.6945234 1.0615530 0.7230152 0.5508146 0.8569016 0.7364247 
B          0.6682453 0.0000000 0.6369349 0.7244984 0.5700552 0.5645634 0.3978206 0.2470713 0.5318409 0.6143431 
C          0.9773879 0.6369349 0.0000000 1.2183918 1.0340291 0.9790852 0.7790623 0.5806872 0.8675242 0.8607364 
D          0.8774836 0.7244984 1.2183918 0.0000000 0.7379485 0.9894409 0.9071321 0.5809776 0.9143854 0.8578322 
E          0.6945234 0.5700552 1.0340291 0.7379485 0.0000000 0.8295491 0.6170187 0.4064378 0.7689021 0.6143516 
F          1.0615530 0.5645634 0.9790852 0.9894409 0.8295491 0.0000000 0.7692226 0.5156461 0.8344338 1.0180582 
G          0.7230152 0.3978206 0.7790623 0.9071321 0.6170187 0.7692226 0.0000000 0.3243912 0.5175293 0.7455368 
H          0.5508146 0.2470713 0.5806872 0.5809776 0.4064378 0.5156461 0.3243912 0.0000000 0.4622670 0.4292182 
I          0.8569016 0.5318409 0.8675242 0.9143854 0.7689021 0.8344338 0.5175293 0.4622670 0.0000000 0.7995213 
J          0.7364247 0.6143431 0.8607364 0.8578322 0.6143516 1.0180582 0.7455368 0.4292182 0.7995213 0.0000000 
