10
A          0.0000000 0.6561366 1.1618664 0.8420527 0.9274341 0.9503401 0.8290923 0.5955734 0.8512722 0.7785862 
B          0.6561366 0.0000000 0.6688619 0.5910040 0.4441062 0.5409898 0.3625599 0.1507401 0.4277980 0.4664173 
C          1.1618664 0.6688619 0.0000000 1.0227315 0.8733802 0.8202621 0.8429546 0.6175639 0.7939850 0.7981416 
D          0.8420527 0.5910040 1.0227315 0.0000000 0.8107327 0.8203863 0.7360169 0.5454993 0.8339581 0.7760032 
E          0.9274341 0.4441062 0.8733802 0.8107327 0.0000000 0.8000617 0.6371451 0.3604207 0.6277520 0.7286462 
F          0.9503401 0.5409898 0.8202621 0.8203863 0.8000617 0.0000000 0.7552339 0.4644975 0.7301246 0.6766657 
G          0.8290923 0.3625599 0.8429546 0.7360169 0.6371451 0.7552339 0.0000000 0.3069510 0.5581473 0.6536486 
H          0.5955734 0.1507401 0.6175639 0.5454993 0.3604207 0.4644975 0.3069510 0.0000000 0.3640913 0.4015477 
I          0.8512722 0.4277980 0.7939850 0.8339581 0.6277520 0.7301246 0.5581473 0.3640913 0.0000000 0.6493839 
J          0.7785862 0.4664173 0.7981416 0.7760032 0.7286462 0.6766657 0.6536486 0.4015477 0.6493839 0.0000000 
