10
A          0.0000000 0.6187172 0.8764041 1.0261385 0.8073423 1.0096541 0.6986737 0.5126452 0.7472184 0.8696176 
B          0.6187172 0.0000000 0.4736925 0.6332397 0.4376511 0.4631376 0.3260932 0.1568160 0.3447935 0.3890767 
C          0.8764041 0.4736925 0.0000000 0.8950660 0.7032464 0.7229737 0.6121194 0.4052611 0.6064260 0.6394906 
D          1.0261385 0.6332397 0.8950660 0.0000000 0.8556095 0.9953421 0.7018722 0.5994974 0.7892164 0.8454477 
E          0.8073423 0.4376511 0.7032464 0.8556095 0.0000000 0.7409176 0.5470463 0.3443413 0.6099589 0.5927444 
F          1.0096541 0.4631376 0.7229737 0.9953421 0.7409176 0.0000000 0.5877299 0.4554559 0.6006514 0.7093716 
G          0.6986737 0.3260932 0.6121194 0.7018722 0.5470463 0.5877299 0.0000000 0.2274824 0.4247836 0.5381711 
H          0.5126452 0.1568160 0.4052611 0.5994974 0.3443413 0.4554559 0.2274824 0.0000000 0.2671092 0.3621971 
I          0.7472184 0.3447935 0.6064260 0.7892164 0.6099589 0.6006514 0.4247836 0.2671092 0.0000000 0.5636051 
J          0.8696176 0.3890767 0.6394906 0.8454477 0.5927444 0.7093716 0.5381711 0.3621971 0.5636051 0.0000000 
