10
A          0.0000000 0.6955182 1.0356128 1.1796515 0.8039994 0.7371962 0.8759439 0.5737665 0.7859146 0.9167378 
B          0.6955182 0.0000000 0.6520007 0.7118374 0.4284141 0.4935749 0.3745601 0.2342819 0.4144947 0.4919841 
C          1.0356128 0.6520007 0.0000000 0.9985392 0.7284398 0.8876326 0.7850540 0.5693935 0.8387766 0.8618790 
D          1.1796515 0.7118374 0.9985392 0.0000000 0.6612997 0.9325266 0.7641396 0.6097004 0.8240050 0.8788740 
E          0.8039994 0.4284141 0.7284398 0.6612997 0.0000000 0.6074083 0.5674940 0.3165177 0.5223684 0.6160953 
F          0.7371962 0.4935749 0.8876326 0.9325266 0.6074083 0.0000000 0.5913179 0.4370544 0.7255236 0.6685160 
G          0.8759439 0.3745601 0.7850540 0.7641396 0.5674940 0.5913179 0.0000000 0.2956042 0.4856038 0.6213561 
H          0.5737665 0.2342819 0.5693935 0.6097004 0.3165177 0.4370544 0.2956042 0.0000000 0.3598735 0.4135100 
I          0.7859146 0.4144947 0.8387766 0.8240050 0.5223684 0.7255236 0.4856038 0.3598735 0.0000000 0.6596692 
J          0.9167378 0.4919841 0.8618790 0.8788740 0.6160953 0.6685160 0.6213561 0.4135100 0.6596692 0.0000000 
