10
A          0.0000000 0.6988304 0.8335075 1.0252118 0.8511064 0.9879255 0.7760793 0.6009935 0.7909117 0.8765213 
B          0.6988304 0.0000000 0.4743869 0.5790035 0.4257908 0.5242010 0.3305389 0.1668326 0.3928801 0.4260814 
C          0.8335075 0.4743869 0.0000000 0.7521144 0.6846411 0.7490664 0.6068980 0.4088949 0.6138505 0.6475966 
D          1.0252118 0.5790035 0.7521144 0.0000000 0.7194271 0.8794050 0.6723446 0.4866984 0.6429415 0.7305328 
E          0.8511064 0.4257908 0.6846411 0.7194271 0.0000000 0.6426610 0.4861784 0.3352779 0.5087857 0.5728871 
F          0.9879255 0.5242010 0.7490664 0.8794050 0.6426610 0.0000000 0.6332839 0.4373382 0.6236457 0.7102256 
G          0.7760793 0.3305389 0.6068980 0.6723446 0.4861784 0.6332839 0.0000000 0.2567092 0.4128394 0.5329770 
H          0.6009935 0.1668326 0.4088949 0.4866984 0.3352779 0.4373382 0.2567092 0.0000000 0.2927457 0.3481838 
I          0.7909117 0.3928801 0.6138505 0.6429415 0.5087857 0.6236457 0.4128394 0.2927457 0.0000000 0.5433725 
J          0.8765213 0.4260814 0.6475966 0.7305328 0.5728871 0.7102256 0.5329770 0.3481838 0.5433725 0.0000000 
