10
A          0.0000000 0.6323396 0.8373828 0.9905973 0.7347937 0.8898692 0.7242919 0.4961791 0.7415521 0.7703699 
B          0.6323396 0.0000000 0.5243360 0.6702981 0.4251781 0.6165217 0.3460859 0.2017781 0.5240157 0.4914875 
C          0.8373828 0.5243360 0.0000000 0.9582000 0.7145819 0.8928809 0.6176924 0.4315697 0.7594244 0.6979555 
D          0.9905973 0.6702981 0.9582000 0.0000000 0.8518186 1.0424523 0.7287949 0.6125741 0.9275630 0.7652343 
E          0.7347937 0.4251781 0.7145819 0.8518186 0.0000000 0.7646200 0.5018050 0.3362170 0.6737520 0.5948620 
F          0.8898692 0.6165217 0.8928809 1.0424523 0.7646200 0.0000000 0.7175197 0.5218379 0.8392470 0.7587526 
G          0.7242919 0.3460859 0.6176924 0.7287949 0.5018050 0.7175197 0.0000000 0.2640416 0.5883667 0.5625007 
H          0.4961791 0.2017781 0.4315697 0.6125741 0.3362170 0.5218379 0.2640416 0.0000000 0.3797998 0.4207941 
I          0.7415521 0.5240157 0.7594244 0.9275630 0.6737520 0.8392470 0.5883667 0.3797998 0.0000000 0.6641261 
J          0.7703699 0.4914875 0.6979555 0.7652343 0.5948620 0.7587526 0.5625007 0.4207941 0.6641261 0.0000000 
