10
A          0.0000000 0.6431936 0.8527290 0.8856267 0.7145559 0.8928911 0.6815915 0.4793429 0.7679852 0.8496315 
B          0.6431936 0.0000000 0.4867382 0.6631527 0.4787045 0.5907972 0.3861698 0.2123206 0.4838294 0.4933079 
C          0.8527290 0.4867382 0.0000000 0.9309824 0.8054167 0.9349080 0.6744247 0.4656225 0.8102119 0.8053629 
D          0.8856267 0.6631527 0.9309824 0.0000000 0.8261690 0.9506960 0.7624105 0.5398894 0.7648150 0.7801227 
E          0.7145559 0.4787045 0.8054167 0.8261690 0.0000000 0.7816178 0.5816169 0.3359649 0.6406449 0.6398867 
F          0.8928911 0.5907972 0.9349080 0.9506960 0.7816178 0.0000000 0.7940876 0.5070777 0.7735029 0.8059598 
G          0.6815915 0.3861698 0.6744247 0.7624105 0.5816169 0.7940876 0.0000000 0.3013061 0.5629161 0.5610245 
H          0.4793429 0.2123206 0.4656225 0.5398894 0.3359649 0.5070777 0.3013061 0.0000000 0.3963173 0.4026724 
I          0.7679852 0.4838294 0.8102119 0.7648150 0.6406449 0.7735029 0.5629161 0.3963173 0.0000000 0.6107801 
J          0.8496315 0.4933079 0.8053629 0.7801227 0.6398867 0.8059598 0.5610245 0.4026724 0.6107801 0.0000000 
