10
A          0.0000000 0.4307127 0.2413350 0.2029051 0.5885533 0.4221139 0.4720549 0.2279016 0.4104072 0.5560446 
B          0.4307127 0.0000000 0.3667754 0.3206418 0.7821422 0.5126286 0.6298122 0.3300735 0.5086831 0.6325136 
C          0.2413350 0.3667754 0.0000000 0.1680317 0.6004842 0.3444965 0.5002328 0.1759856 0.3674529 0.4816546 
D          0.2029051 0.3206418 0.1680317 0.0000000 0.5934602 0.2778236 0.4310214 0.1337607 0.3418021 0.4346572 
E          0.5885533 0.7821422 0.6004842 0.5934602 0.0000000 0.7056944 0.8465519 0.5946136 0.7701511 0.8880107 
F          0.4221139 0.5126286 0.3444965 0.2778236 0.7056944 0.0000000 0.5284773 0.3169581 0.4737897 0.6120293 
G          0.4720549 0.6298122 0.5002328 0.4310214 0.8465519 0.5284773 0.0000000 0.4516925 0.6277995 0.6846331 
H          0.2279016 0.3300735 0.1759856 0.1337607 0.5946136 0.3169581 0.4516925 0.0000000 0.3565865 0.4319161 
I          0.4104072 0.5086831 0.3674529 0.3418021 0.7701511 0.4737897 0.6277995 0.3565865 0.0000000 0.6535885 
J          0.5560446 0.6325136 0.4816546 0.4346572 0.8880107 0.6120293 0.6846331 0.4319161 0.6535885 0.0000000 
