10
A          0.0000000 0.5431884 0.2980961 0.2697112 0.6643709 0.4682057 0.6710778 0.2712692 0.4959298 0.5352831 
B          0.5431884 0.0000000 0.3894047 0.3705061 0.8797888 0.5680697 0.8173286 0.3398816 0.5920102 0.6993143 
C          0.2980961 0.3894047 0.0000000 0.1722007 0.6369097 0.3407115 0.5767712 0.1565085 0.3549989 0.4489382 
D          0.2697112 0.3705061 0.1722007 0.0000000 0.6144822 0.3192740 0.5441596 0.1381677 0.3647736 0.4326303 
E          0.6643709 0.8797888 0.6369097 0.6144822 0.0000000 0.7286599 1.0260792 0.5782606 0.7666138 0.8771492 
F          0.4682057 0.5680697 0.3407115 0.3192740 0.7286599 0.0000000 0.6809030 0.3222476 0.5009953 0.6192319 
G          0.6710778 0.8173286 0.5767712 0.5441596 1.0260792 0.6809030 0.0000000 0.5030973 0.8025092 0.8490609 
H          0.2712692 0.3398816 0.1565085 0.1381677 0.5782606 0.3222476 0.5030973 0.0000000 0.3447104 0.4191467 
I          0.4959298 0.5920102 0.3549989 0.3647736 0.7666138 0.5009953 0.8025092 0.3447104 0.0000000 0.7092144 
J          0.5352831 0.6993143 0.4489382 0.4326303 0.8771492 0.6192319 0.8490609 0.4191467 0.7092144 0.0000000 
