10
A          0.0000000 0.4626759 0.2673351 0.2402741 0.6312444 0.4097919 0.6614464 0.2373210 0.4708584 0.6131893 
B          0.4626759 0.0000000 0.3265985 0.4011887 0.7891450 0.4817756 0.7438960 0.3469489 0.5123052 0.7087429 
C          0.2673351 0.3265985 0.0000000 0.1910648 0.5889070 0.3152913 0.6433858 0.1774019 0.3762719 0.5533466 
D          0.2402741 0.4011887 0.1910648 0.0000000 0.5465644 0.2782292 0.5488798 0.1648155 0.4080486 0.4996058 
E          0.6312444 0.7891450 0.5889070 0.5465644 0.0000000 0.6586143 0.8138621 0.6169220 0.7700354 0.8830372 
F          0.4097919 0.4817756 0.3152913 0.2782292 0.6586143 0.0000000 0.7100103 0.3059763 0.5249010 0.5825855 
G          0.6614464 0.7438960 0.6433858 0.5488798 0.8138621 0.7100103 0.0000000 0.5840229 0.7717939 0.8656247 
H          0.2373210 0.3469489 0.1774019 0.1648155 0.6169220 0.3059763 0.5840229 0.0000000 0.4267059 0.5628895 
I          0.4708584 0.5123052 0.3762719 0.4080486 0.7700354 0.5249010 0.7717939 0.4267059 0.0000000 0.7333156 
J          0.6131893 0.7087429 0.5533466 0.4996058 0.8830372 0.5825855 0.8656247 0.5628895 0.7333156 0.0000000 
