10
A          0.0000000 0.4446552 0.2840696 0.2583104 0.6700904 0.3812051 0.7126296 0.1947758 0.3719133 0.5610519 
B          0.4446552 0.0000000 0.3707681 0.3486462 0.8210266 0.4669474 0.8317076 0.3859385 0.4463264 0.6777163 
C          0.2840696 0.3707681 0.0000000 0.2230273 0.6565908 0.3479774 0.6817197 0.2086604 0.3580781 0.5408906 
D          0.2583104 0.3486462 0.2230273 0.0000000 0.6760928 0.3165943 0.6443469 0.1837056 0.3524614 0.4886050 
E          0.6700904 0.8210266 0.6565908 0.6760928 0.0000000 0.7138733 1.0294333 0.6381984 0.8545190 0.8803673 
F          0.3812051 0.4669474 0.3479774 0.3165943 0.7138733 0.0000000 0.7417477 0.3428019 0.4848234 0.6368994 
G          0.7126296 0.8317076 0.6817197 0.6443469 1.0294333 0.7417477 0.0000000 0.6541890 0.8890299 0.8528988 
H          0.1947758 0.3859385 0.2086604 0.1837056 0.6381984 0.3428019 0.6541890 0.0000000 0.3377666 0.4873488 
I          0.3719133 0.4463264 0.3580781 0.3524614 0.8545190 0.4848234 0.8890299 0.3377666 0.0000000 0.6641053 
J          0.5610519 0.6777163 0.5408906 0.4886050 0.8803673 0.6368994 0.8528988 0.4873488 0.6641053 0.0000000 
