10
A          0.0000000 0.4262897 0.2192847 0.1996066 0.6123343 0.3347726 0.5210275 0.2137910 0.3138418 0.4803471 
B          0.4262897 0.0000000 0.3262200 0.3309879 0.7276740 0.4483788 0.7236377 0.3671440 0.4691887 0.6240487 
C          0.2192847 0.3262200 0.0000000 0.1510581 0.5103741 0.3162684 0.4601665 0.1561534 0.2961426 0.4423831 
D          0.1996066 0.3309879 0.1510581 0.0000000 0.5433066 0.2555855 0.4164941 0.1459118 0.2812292 0.4234949 
E          0.6123343 0.7276740 0.5103741 0.5433066 0.0000000 0.6721733 0.7908303 0.5043782 0.6352028 0.8573194 
F          0.3347726 0.4483788 0.3162684 0.2555855 0.6721733 0.0000000 0.5840887 0.2866858 0.4150290 0.5498100 
G          0.5210275 0.7236377 0.4601665 0.4164941 0.7908303 0.5840887 0.0000000 0.4534010 0.6335749 0.7263643 
H          0.2137910 0.3671440 0.1561534 0.1459118 0.5043782 0.2866858 0.4534010 0.0000000 0.2776718 0.4547167 
I          0.3138418 0.4691887 0.2961426 0.2812292 0.6352028 0.4150290 0.6335749 0.2776718 0.0000000 0.5897014 
J          0.4803471 0.6240487 0.4423831 0.4234949 0.8573194 0.5498100 0.7263643 0.4547167 0.5897014 0.0000000 
