10
A          0.0000000 0.4155023 0.2511966 0.2073146 0.6088882 0.4527341 0.5637188 0.2430165 0.3517774 0.5286781 
B          0.4155023 0.0000000 0.3547262 0.3377945 0.7861995 0.5667086 0.6758584 0.3613308 0.4736733 0.7186446 
C          0.2511966 0.3547262 0.0000000 0.1689088 0.6186615 0.3939882 0.5480528 0.1862514 0.3011554 0.5214942 
D          0.2073146 0.3377945 0.1689088 0.0000000 0.5465042 0.3809990 0.4926663 0.1336645 0.2953049 0.5015163 
E          0.6088882 0.7861995 0.6186615 0.5465042 0.0000000 0.7909038 0.8966694 0.5883542 0.6838690 0.8631169 
F          0.4527341 0.5667086 0.3939882 0.3809990 0.7909038 0.0000000 0.7555180 0.3726094 0.5329570 0.6718951 
G          0.5637188 0.6758584 0.5480528 0.4926663 0.8966694 0.7555180 0.0000000 0.5324162 0.6901813 0.8356479 
H          0.2430165 0.3613308 0.1862514 0.1336645 0.5883542 0.3726094 0.5324162 0.0000000 0.3075230 0.4881169 
I          0.3517774 0.4736733 0.3011554 0.2953049 0.6838690 0.5329570 0.6901813 0.3075230 0.0000000 0.6203229 
J          0.5286781 0.7186446 0.5214942 0.5015163 0.8631169 0.6718951 0.8356479 0.4881169 0.6203229 0.0000000 
