10
A          0.0000000 0.3982024 0.1927094 0.1722773 0.4660329 0.2909170 0.4907166 0.1630201 0.3352292 0.4961532 
B          0.3982024 0.0000000 0.3674019 0.3509926 0.6481266 0.4708600 0.6644003 0.3465011 0.4622773 0.6449728 
C          0.1927094 0.3674019 0.0000000 0.1557671 0.4873368 0.2829607 0.4675001 0.1769555 0.3208677 0.4661016 
D          0.1722773 0.3509926 0.1557671 0.0000000 0.4492085 0.2308746 0.4100828 0.1448675 0.2941031 0.3937620 
E          0.4660329 0.6481266 0.4873368 0.4492085 0.0000000 0.5149761 0.6549498 0.4532573 0.5558908 0.6436766 
F          0.2909170 0.4708600 0.2829607 0.2308746 0.5149761 0.0000000 0.5009722 0.2799034 0.4239666 0.4808228 
G          0.4907166 0.6644003 0.4675001 0.4100828 0.6549498 0.5009722 0.0000000 0.4662992 0.6129934 0.7555019 
H          0.1630201 0.3465011 0.1769555 0.1448675 0.4532573 0.2799034 0.4662992 0.0000000 0.3103736 0.4139436 
I          0.3352292 0.4622773 0.3208677 0.2941031 0.5558908 0.4239666 0.6129934 0.3103736 0.0000000 0.5801073 
J          0.4961532 0.6449728 0.4661016 0.3937620 0.6436766 0.4808228 0.7555019 0.4139436 0.5801073 0.0000000 
