10
A          0.0000000 0.3746366 0.2477310 0.2248061 0.5346336 0.3784415 0.6482743 0.2321445 0.4466920 0.6332057 
B          0.3746366 0.0000000 0.3108531 0.2845973 0.6873425 0.4824925 0.6379673 0.3203871 0.5146606 0.7169703 
C          0.2477310 0.3108531 0.0000000 0.1621090 0.5314407 0.3505467 0.5399169 0.1690634 0.3763369 0.5554067 
D          0.2248061 0.2845973 0.1621090 0.0000000 0.5357908 0.3039259 0.4978028 0.1408285 0.3871991 0.5888855 
E          0.5346336 0.6873425 0.5314407 0.5357908 0.0000000 0.7071844 0.9471467 0.5135427 0.7107392 0.8750898 
F          0.3784415 0.4824925 0.3505467 0.3039259 0.7071844 0.0000000 0.7575128 0.3281909 0.5270359 0.6736455 
G          0.6482743 0.6379673 0.5399169 0.4978028 0.9471467 0.7575128 0.0000000 0.5188110 0.7736677 0.9827420 
H          0.2321445 0.3203871 0.1690634 0.1408285 0.5135427 0.3281909 0.5188110 0.0000000 0.3685504 0.6027638 
I          0.4466920 0.5146606 0.3763369 0.3871991 0.7107392 0.5270359 0.7736677 0.3685504 0.0000000 0.8333923 
J          0.6332057 0.7169703 0.5554067 0.5888855 0.8750898 0.6736455 0.9827420 0.6027638 0.8333923 0.0000000 
