10
A          0.0000000 0.6476727 0.3433410 0.5973538 0.4158323 0.5688434 0.2907389 0.2584340 0.3417470 0.3262430 
B          0.6476727 0.0000000 0.5833843 0.7327077 0.6155671 0.8732091 0.5283196 0.4695997 0.5645844 0.5400306 
C          0.3433410 0.5833843 0.0000000 0.5534995 0.3581800 0.5118084 0.2408835 0.2097951 0.2748785 0.2867968 
D          0.5973538 0.7327077 0.5534995 0.0000000 0.5834051 0.7673236 0.4362597 0.3995671 0.4754301 0.4680107 
E          0.4158323 0.6155671 0.3581800 0.5834051 0.0000000 0.5451188 0.3019050 0.2905928 0.2973296 0.3437174 
F          0.5688434 0.8732091 0.5118084 0.7673236 0.5451188 0.0000000 0.4516965 0.3911728 0.5013392 0.5090684 
G          0.2907389 0.5283196 0.2408835 0.4362597 0.3019050 0.4516965 0.0000000 0.1420449 0.1947902 0.2002603 
H          0.2584340 0.4695997 0.2097951 0.3995671 0.2905928 0.3911728 0.1420449 0.0000000 0.1770872 0.1718830 
I          0.3417470 0.5645844 0.2748785 0.4754301 0.2973296 0.5013392 0.1947902 0.1770872 0.0000000 0.2221423 
J          0.3262430 0.5400306 0.2867968 0.4680107 0.3437174 0.5090684 0.2002603 0.1718830 0.2221423 0.0000000 
