10
A          0.0000000 0.5130851 0.3948260 0.5494792 0.3753443 0.5267225 0.2637436 0.2778670 0.3058777 0.3393224 
B          0.5130851 0.0000000 0.5215558 0.6692949 0.5631869 0.7127757 0.4370029 0.4314512 0.4985507 0.5010336 
C          0.3948260 0.5215558 0.0000000 0.4960097 0.3757587 0.5642969 0.2689760 0.3063869 0.3354657 0.3273331 
D          0.5494792 0.6692949 0.4960097 0.0000000 0.5581165 0.7143874 0.4249158 0.4533959 0.5287914 0.4998348 
E          0.3753443 0.5631869 0.3757587 0.5581165 0.0000000 0.5462517 0.2460183 0.2539174 0.3142863 0.2880141 
F          0.5267225 0.7127757 0.5642969 0.7143874 0.5462517 0.0000000 0.4356993 0.4461609 0.5001801 0.5153159 
G          0.2637436 0.4370029 0.2689760 0.4249158 0.2460183 0.4356993 0.0000000 0.1405421 0.2044308 0.1809923 
H          0.2778670 0.4314512 0.3063869 0.4533959 0.2539174 0.4461609 0.1405421 0.0000000 0.2156058 0.1847190 
I          0.3058777 0.4985507 0.3354657 0.5287914 0.3142863 0.5001801 0.2044308 0.2156058 0.0000000 0.2451698 
J          0.3393224 0.5010336 0.3273331 0.4998348 0.2880141 0.5153159 0.1809923 0.1847190 0.2451698 0.0000000 
