10
A          0.0000000 0.5189360 0.3913363 0.5213719 0.4159080 0.5826416 0.2402500 0.2561860 0.2833266 0.2986935 
B          0.5189360 0.0000000 0.5004874 0.6298642 0.5540835 0.7341658 0.4051840 0.4363495 0.4438046 0.4508535 
C          0.3913363 0.5004874 0.0000000 0.5447183 0.3892526 0.6300124 0.2458169 0.2470177 0.2994869 0.2815062 
D          0.5213719 0.6298642 0.5447183 0.0000000 0.5583743 0.6811122 0.4139257 0.4244393 0.4820115 0.4333242 
E          0.4159080 0.5540835 0.3892526 0.5583743 0.0000000 0.6267792 0.2331646 0.2720885 0.3059184 0.3293615 
F          0.5826416 0.7341658 0.6300124 0.6811122 0.6267792 0.0000000 0.4335379 0.4466320 0.5281259 0.4676119 
G          0.2402500 0.4051840 0.2458169 0.4139257 0.2331646 0.4335379 0.0000000 0.1057627 0.1571044 0.1585369 
H          0.2561860 0.4363495 0.2470177 0.4244393 0.2720885 0.4466320 0.1057627 0.0000000 0.1632899 0.1737007 
I          0.2833266 0.4438046 0.2994869 0.4820115 0.3059184 0.5281259 0.1571044 0.1632899 0.0000000 0.2223525 
J          0.2986935 0.4508535 0.2815062 0.4333242 0.3293615 0.4676119 0.1585369 0.1737007 0.2223525 0.0000000 
