10
A          0.0000000 0.6660421 0.4260697 0.5530072 0.3927414 0.6025527 0.2483715 0.2728015 0.2675363 0.3044923 
B          0.6660421 0.0000000 0.6531199 0.7479471 0.6029397 0.7785489 0.4764914 0.4863212 0.5206934 0.5169911 
C          0.4260697 0.6531199 0.0000000 0.5893584 0.4362025 0.6497036 0.2578560 0.2699715 0.3034001 0.3295513 
D          0.5530072 0.7479471 0.5893584 0.0000000 0.5629573 0.7064712 0.4014812 0.4181161 0.4396662 0.4606036 
E          0.3927414 0.6029397 0.4362025 0.5629573 0.0000000 0.5902535 0.2524350 0.2519287 0.2853533 0.2999525 
F          0.6025527 0.7785489 0.6497036 0.7064712 0.5902535 0.0000000 0.4534037 0.4846337 0.5060900 0.5431696 
G          0.2483715 0.4764914 0.2578560 0.4014812 0.2524350 0.4534037 0.0000000 0.1149971 0.1350564 0.1589926 
H          0.2728015 0.4863212 0.2699715 0.4181161 0.2519287 0.4846337 0.1149971 0.0000000 0.1592822 0.1629701 
I          0.2675363 0.5206934 0.3034001 0.4396662 0.2853533 0.5060900 0.1350564 0.1592822 0.0000000 0.1928925 
J          0.3044923 0.5169911 0.3295513 0.4606036 0.2999525 0.5431696 0.1589926 0.1629701 0.1928925 0.0000000 
