10
A          0.0000000 0.4844006 0.3789265 0.5267275 0.4291650 0.6059810 0.2883959 0.3003982 0.3224656 0.3037941 
B          0.4844006 0.0000000 0.4838967 0.6248540 0.5047296 0.7446482 0.3987288 0.4183121 0.4558630 0.4400400 
C          0.3789265 0.4838967 0.0000000 0.5188525 0.3757495 0.5992017 0.2495776 0.2800178 0.2847218 0.2697113 
D          0.5267275 0.6248540 0.5188525 0.0000000 0.5165300 0.7480159 0.4355526 0.4567308 0.4503212 0.4102099 
E          0.4291650 0.5047296 0.3757495 0.5165300 0.0000000 0.5788062 0.2665992 0.2855363 0.3107545 0.2885455 
F          0.6059810 0.7446482 0.5992017 0.7480159 0.5788062 0.0000000 0.4476265 0.4805782 0.5173213 0.4998220 
G          0.2883959 0.3987288 0.2495776 0.4355526 0.2665992 0.4476265 0.0000000 0.1383976 0.1758330 0.1710994 
H          0.3003982 0.4183121 0.2800178 0.4567308 0.2855363 0.4805782 0.1383976 0.0000000 0.2112216 0.1943490 
I          0.3224656 0.4558630 0.2847218 0.4503212 0.3107545 0.5173213 0.1758330 0.2112216 0.0000000 0.2263108 
J          0.3037941 0.4400400 0.2697113 0.4102099 0.2885455 0.4998220 0.1710994 0.1943490 0.2263108 0.0000000 
