10
A          0.0000000 0.6391196 0.4381621 0.5326923 0.4168270 0.6649609 0.2791377 0.2806502 0.3599185 0.3455797 
B          0.6391196 0.0000000 0.7501861 0.7990000 0.6160197 0.8300516 0.5010109 0.5038784 0.6328779 0.5745490 
C          0.4381621 0.7501861 0.0000000 0.5031804 0.4212931 0.6541083 0.2789829 0.2882679 0.3535157 0.3333663 
D          0.5326923 0.7990000 0.5031804 0.0000000 0.5208254 0.7563554 0.3388578 0.3758664 0.4879689 0.4110094 
E          0.4168270 0.6160197 0.4212931 0.5208254 0.0000000 0.6099087 0.2759130 0.2832186 0.3667315 0.3295237 
F          0.6649609 0.8300516 0.6541083 0.7563554 0.6099087 0.0000000 0.4923690 0.5332924 0.6637271 0.5830911 
G          0.2791377 0.5010109 0.2789829 0.3388578 0.2759130 0.4923690 0.0000000 0.1358397 0.2016756 0.1798774 
H          0.2806502 0.5038784 0.2882679 0.3758664 0.2832186 0.5332924 0.1358397 0.0000000 0.2189116 0.1946498 
I          0.3599185 0.6328779 0.3535157 0.4879689 0.3667315 0.6637271 0.2016756 0.2189116 0.0000000 0.2455534 
J          0.3455797 0.5745490 0.3333663 0.4110094 0.3295237 0.5830911 0.1798774 0.1946498 0.2455534 0.0000000 
