10
A          0.0000000 0.6094151 0.3459246 0.6605953 0.5849348 0.6709530 0.3364492 0.3604493 0.3520481 0.3766063 
B          0.6094151 0.0000000 0.5586300 0.8311071 0.6997114 0.8131604 0.5064914 0.5401383 0.5770142 0.5739427 
C          0.3459246 0.5586300 0.0000000 0.6009531 0.4832652 0.6002861 0.2843960 0.3077992 0.3078247 0.3281121 
D          0.6605953 0.8311071 0.6009531 0.0000000 0.7377841 0.8383123 0.4884357 0.5257709 0.5779858 0.5865252 
E          0.5849348 0.6997114 0.4832652 0.7377841 0.0000000 0.7536316 0.3148482 0.3509487 0.4936093 0.4204294 
F          0.6709530 0.8131604 0.6002861 0.8383123 0.7536316 0.0000000 0.5452150 0.5308261 0.5417023 0.5738768 
G          0.3364492 0.5064914 0.2843960 0.4884357 0.3148482 0.5452150 0.0000000 0.1202260 0.2323500 0.2029900 
H          0.3604493 0.5401383 0.3077992 0.5257709 0.3509487 0.5308261 0.1202260 0.0000000 0.2432595 0.2161281 
I          0.3520481 0.5770142 0.3078247 0.5779858 0.4936093 0.5417023 0.2323500 0.2432595 0.0000000 0.2569374 
J          0.3766063 0.5739427 0.3281121 0.5865252 0.4204294 0.5738768 0.2029900 0.2161281 0.2569374 0.0000000 
