10
A          0.0000000 0.6536750 0.4362363 0.6312022 0.4381316 0.7901126 0.3175422 0.3493180 0.3837160 0.3973952 
B          0.6536750 0.0000000 0.6888851 0.7816726 0.6857039 0.9684267 0.4638059 0.5284071 0.5047409 0.5395079 
C          0.4362363 0.6888851 0.0000000 0.6936852 0.5069122 0.6723669 0.2664518 0.2929640 0.3600077 0.3534466 
D          0.6312022 0.7816726 0.6936852 0.0000000 0.6319681 0.9127500 0.4805624 0.4814820 0.5603653 0.5380456 
E          0.4381316 0.6857039 0.5069122 0.6319681 0.0000000 0.7430318 0.2676574 0.2561882 0.3592094 0.3556220 
F          0.7901126 0.9684267 0.6723669 0.9127500 0.7430318 0.0000000 0.5551437 0.5874509 0.6744608 0.7006214 
G          0.3175422 0.4638059 0.2664518 0.4805624 0.2676574 0.5551437 0.0000000 0.1147270 0.1877139 0.1687506 
H          0.3493180 0.5284071 0.2929640 0.4814820 0.2561882 0.5874509 0.1147270 0.0000000 0.2030709 0.1857999 
I          0.3837160 0.5047409 0.3600077 0.5603653 0.3592094 0.6744608 0.1877139 0.2030709 0.0000000 0.2682525 
J          0.3973952 0.5395079 0.3534466 0.5380456 0.3556220 0.7006214 0.1687506 0.1857999 0.2682525 0.0000000 
