10
A          0.0000000 0.6849809 0.4359303 0.6158783 0.3985781 0.7177665 0.3219329 0.3339320 0.3800235 0.3550363 
B          0.6849809 0.0000000 0.7019996 0.8239011 0.6549088 0.9663514 0.4800106 0.5133322 0.5892097 0.5670824 
C          0.4359303 0.7019996 0.0000000 0.7280847 0.4601147 0.7834896 0.3156914 0.3052538 0.4211276 0.3659105 
D          0.6158783 0.8239011 0.7280847 0.0000000 0.6207118 0.8542934 0.5156043 0.5215196 0.5667739 0.5838417 
E          0.3985781 0.6549088 0.4601147 0.6207118 0.0000000 0.7173711 0.2437621 0.2312013 0.3442968 0.3036126 
F          0.7177665 0.9663514 0.7834896 0.8542934 0.7173711 0.0000000 0.5368320 0.5878724 0.6789017 0.5777769 
G          0.3219329 0.4800106 0.3156914 0.5156043 0.2437621 0.5368320 0.0000000 0.1318783 0.2037410 0.1768678 
H          0.3339320 0.5133322 0.3052538 0.5215196 0.2312013 0.5878724 0.1318783 0.0000000 0.2343055 0.2141882 
I          0.3800235 0.5892097 0.4211276 0.5667739 0.3442968 0.6789017 0.2037410 0.2343055 0.0000000 0.2369315 
J          0.3550363 0.5670824 0.3659105 0.5838417 0.3036126 0.5777769 0.1768678 0.2141882 0.2369315 0.0000000 
