10
A          0.0000000 0.6504210 0.3988891 0.6276937 0.4024780 0.7052242 0.2706197 0.2912589 0.3238924 0.3359600 
B          0.6504210 0.0000000 0.6183027 0.7200531 0.5889652 0.9391805 0.4532076 0.4742618 0.5232143 0.4795006 
C          0.3988891 0.6183027 0.0000000 0.5727727 0.3490977 0.7170913 0.2452557 0.2936904 0.3400868 0.3115002 
D          0.6276937 0.7200531 0.5727727 0.0000000 0.6032066 0.8607961 0.4313490 0.4346042 0.5088420 0.5121240 
E          0.4024780 0.5889652 0.3490977 0.6032066 0.0000000 0.7135305 0.2604516 0.2848542 0.3282167 0.3414872 
F          0.7052242 0.9391805 0.7170913 0.8607961 0.7135305 0.0000000 0.5606882 0.5937848 0.6411766 0.6055714 
G          0.2706197 0.4532076 0.2452557 0.4313490 0.2604516 0.5606882 0.0000000 0.1219932 0.1691036 0.1605810 
H          0.2912589 0.4742618 0.2936904 0.4346042 0.2848542 0.5937848 0.1219932 0.0000000 0.2087534 0.1912650 
I          0.3238924 0.5232143 0.3400868 0.5088420 0.3282167 0.6411766 0.1691036 0.2087534 0.0000000 0.2361588 
J          0.3359600 0.4795006 0.3115002 0.5121240 0.3414872 0.6055714 0.1605810 0.1912650 0.2361588 0.0000000 
