10
A          0.0000000 0.5245533 0.4317851 0.4910541 0.4039007 0.6456172 0.2667085 0.2497061 0.3095082 0.3233823 
B          0.5245533 0.0000000 0.6506412 0.7571768 0.6552461 0.8001787 0.4271915 0.4643390 0.4491773 0.5129007 
C          0.4317851 0.6506412 0.0000000 0.5399270 0.5071169 0.6569157 0.2680034 0.2989470 0.3322054 0.3344354 
D          0.4910541 0.7571768 0.5399270 0.0000000 0.5465052 0.8231889 0.3799182 0.4471097 0.4274852 0.4427984 
E          0.4039007 0.6552461 0.5071169 0.5465052 0.0000000 0.7843999 0.2593020 0.2953788 0.3152784 0.3222973 
F          0.6456172 0.8001787 0.6569157 0.8231889 0.7843999 0.0000000 0.5127567 0.5319209 0.5691488 0.5911914 
G          0.2667085 0.4271915 0.2680034 0.3799182 0.2593020 0.5127567 0.0000000 0.1073931 0.1410888 0.1572548 
H          0.2497061 0.4643390 0.2989470 0.4471097 0.2953788 0.5319209 0.1073931 0.0000000 0.1590973 0.1962701 
I          0.3095082 0.4491773 0.3322054 0.4274852 0.3152784 0.5691488 0.1410888 0.1590973 0.0000000 0.2145503 
J          0.3233823 0.5129007 0.3344354 0.4427984 0.3222973 0.5911914 0.1572548 0.1962701 0.2145503 0.0000000 
