10
A          0.0000000 0.5249133 0.8576629 0.7253830 0.7012386 0.9836003 0.7810396 0.6479157 0.7841639 0.7172614 
B          0.5249133 0.0000000 0.4249360 0.2809800 0.3276071 0.5595787 0.2956770 0.2031799 0.4659625 0.3974528 
C          0.8576629 0.4249360 0.0000000 0.5559605 0.5471026 0.7500980 0.6260891 0.4820045 0.7658766 0.6857818 
D          0.7253830 0.2809800 0.5559605 0.0000000 0.4734191 0.7364124 0.4531619 0.3689094 0.6141327 0.5529432 
E          0.7012386 0.3276071 0.5471026 0.4734191 0.0000000 0.7402330 0.5493013 0.4353093 0.7070225 0.6326962 
F          0.9836003 0.5595787 0.7500980 0.7364124 0.7402330 0.0000000 0.7185152 0.5792944 0.8463331 0.7865703 
G          0.7810396 0.2956770 0.6260891 0.4531619 0.5493013 0.7185152 0.0000000 0.3979486 0.6356428 0.6144608 
H          0.6479157 0.2031799 0.4820045 0.3689094 0.4353093 0.5792944 0.3979486 0.0000000 0.5366475 0.4796776 
I          0.7841639 0.4659625 0.7658766 0.6141327 0.7070225 0.8463331 0.6356428 0.5366475 0.0000000 0.7016822 
J          0.7172614 0.3974528 0.6857818 0.5529432 0.6326962 0.7865703 0.6144608 0.4796776 0.7016822 0.0000000 
