10
A          0.0000000 0.7254732 1.3034581 0.7601054 0.8723844 1.0824916 0.7613526 0.8261967 1.0057431 0.9962460 
B          0.7254732 0.0000000 0.5536737 0.3249012 0.4392031 0.5743655 0.3260097 0.2386245 0.5166947 0.4346250 
C          1.3034581 0.5536737 0.0000000 0.6781261 0.8503618 1.1868578 0.8156015 0.6291030 0.9330570 0.8945979 
D          0.7601054 0.3249012 0.6781261 0.0000000 0.6122604 0.7456551 0.5070678 0.4172941 0.6984169 0.6703024 
E          0.8723844 0.4392031 0.8503618 0.6122604 0.0000000 0.8219157 0.6160531 0.5575377 0.7637899 0.6775927 
F          1.0824916 0.5743655 1.1868578 0.7456551 0.8219157 0.0000000 0.7468849 0.6458760 0.8375885 0.8796769 
G          0.7613526 0.3260097 0.8156015 0.5070678 0.6160531 0.7468849 0.0000000 0.4038683 0.6711456 0.6200621 
H          0.8261967 0.2386245 0.6291030 0.4172941 0.5575377 0.6458760 0.4038683 0.0000000 0.5877297 0.5199634 
I          1.0057431 0.5166947 0.9330570 0.6984169 0.7637899 0.8375885 0.6711456 0.5877297 0.0000000 0.7915979 
J          0.9962460 0.4346250 0.8945979 0.6703024 0.6775927 0.8796769 0.6200621 0.5199634 0.7915979 0.0000000 
