10
A          0.0000000 0.4987614 0.9632644 0.7291076 0.6512303 0.8265226 0.6742803 0.5431489 0.7316439 0.7433227 
B          0.4987614 0.0000000 0.4594282 0.2933839 0.2968476 0.4338110 0.2914161 0.1949027 0.4283276 0.4083631 
C          0.9632644 0.4594282 0.0000000 0.6551212 0.6422924 0.7905669 0.6474881 0.5777229 0.7828956 0.7958096 
D          0.7291076 0.2933839 0.6551212 0.0000000 0.5197943 0.6486961 0.4579942 0.4090547 0.5810464 0.5966561 
E          0.6512303 0.2968476 0.6422924 0.5197943 0.0000000 0.6097289 0.5194423 0.3991723 0.6622921 0.6034625 
F          0.8265226 0.4338110 0.7905669 0.6486961 0.6097289 0.0000000 0.6303399 0.4860169 0.7249135 0.6879498 
G          0.6742803 0.2914161 0.6474881 0.4579942 0.5194423 0.6303399 0.0000000 0.4170905 0.5959573 0.5580640 
H          0.5431489 0.1949027 0.5777229 0.4090547 0.3991723 0.4860169 0.4170905 0.0000000 0.5238824 0.4978849 
I          0.7316439 0.4283276 0.7828956 0.5810464 0.6622921 0.7249135 0.5959573 0.5238824 0.0000000 0.7113965 
J          0.7433227 0.4083631 0.7958096 0.5966561 0.6034625 0.6879498 0.5580640 0.4978849 0.7113965 0.0000000 
