10
A          0.0000000 0.7588384 1.0412574 0.9353266 0.7712506 1.0145034 0.9566657 0.9315543 1.1591727 0.9247319 
B          0.7588384 0.0000000 0.6479145 0.4061051 0.3589990 0.5136131 0.4290233 0.2987644 0.5338478 0.4012294 
C          1.0412574 0.6479145 0.0000000 0.8865710 0.7656183 0.9379636 0.7485883 0.6509768 0.9344962 0.9057084 
D          0.9353266 0.4061051 0.8865710 0.0000000 0.5365680 0.6885567 0.5624024 0.5087756 0.8560249 0.6187038 
E          0.7712506 0.3589990 0.7656183 0.5365680 0.0000000 0.6327320 0.5706847 0.4334364 0.7673747 0.6089950 
F          1.0145034 0.5136131 0.9379636 0.6885567 0.6327320 0.0000000 0.8098228 0.7302811 0.7558872 0.7221102 
G          0.9566657 0.4290233 0.7485883 0.5624024 0.5706847 0.8098228 0.0000000 0.5217431 0.8000414 0.5966047 
H          0.9315543 0.2987644 0.6509768 0.5087756 0.4334364 0.7302811 0.5217431 0.0000000 0.7743904 0.5888542 
I          1.1591727 0.5338478 0.9344962 0.8560249 0.7673747 0.7558872 0.8000414 0.7743904 0.0000000 0.8502876 
J          0.9247319 0.4012294 0.9057084 0.6187038 0.6089950 0.7221102 0.5966047 0.5888542 0.8502876 0.0000000 
