10
A          0.0000000 0.5944819 0.8805554 0.7643847 0.8469760 0.9540276 0.7647454 0.7167402 0.9516725 0.8053275 
B          0.5944819 0.0000000 0.4697211 0.3136144 0.3610918 0.4093844 0.3145272 0.2439366 0.4558491 0.3715534 
C          0.8805554 0.4697211 0.0000000 0.6576483 0.6491276 0.8146309 0.6519340 0.5274132 0.9488423 0.8157114 
D          0.7643847 0.3136144 0.6576483 0.0000000 0.5302370 0.5897927 0.4536182 0.3781601 0.6562432 0.5811456 
E          0.8469760 0.3610918 0.6491276 0.5302370 0.0000000 0.6699655 0.5207830 0.5021959 0.7582115 0.5901360 
F          0.9540276 0.4093844 0.8146309 0.5897927 0.6699655 0.0000000 0.7146007 0.5818749 0.7386296 0.6295587 
G          0.7647454 0.3145272 0.6519340 0.4536182 0.5207830 0.7146007 0.0000000 0.4157011 0.6958072 0.5939111 
H          0.7167402 0.2439366 0.5274132 0.3781601 0.5021959 0.5818749 0.4157011 0.0000000 0.6036003 0.5050227 
I          0.9516725 0.4558491 0.9488423 0.6562432 0.7582115 0.7386296 0.6958072 0.6036003 0.0000000 0.6735696 
J          0.8053275 0.3715534 0.8157114 0.5811456 0.5901360 0.6295587 0.5939111 0.5050227 0.6735696 0.0000000 
