10
A          0.0000000 0.5559905 0.9705246 0.7224629 0.7308293 0.8395820 0.7689253 0.5704255 0.8794359 0.7135296 
B          0.5559905 0.0000000 0.4631366 0.2681214 0.3088249 0.4209598 0.3136896 0.1735364 0.4807661 0.3608356 
C          0.9705246 0.4631366 0.0000000 0.6647122 0.7323799 0.8656373 0.6258851 0.5456751 0.8511716 0.7136941 
D          0.7224629 0.2681214 0.6647122 0.0000000 0.4907301 0.6284248 0.4567683 0.3782579 0.6367375 0.4895453 
E          0.7308293 0.3088249 0.7323799 0.4907301 0.0000000 0.6406113 0.5162072 0.3695203 0.7011707 0.5747337 
F          0.8395820 0.4209598 0.8656373 0.6284248 0.6406113 0.0000000 0.6395993 0.5712165 0.7644197 0.7075656 
G          0.7689253 0.3136896 0.6258851 0.4567683 0.5162072 0.6395993 0.0000000 0.4081614 0.6861497 0.5230084 
H          0.5704255 0.1735364 0.5456751 0.3782579 0.3695203 0.5712165 0.4081614 0.0000000 0.5650809 0.4378180 
I          0.8794359 0.4807661 0.8511716 0.6367375 0.7011707 0.7644197 0.6861497 0.5650809 0.0000000 0.6482549 
J          0.7135296 0.3608356 0.7136941 0.4895453 0.5747337 0.7075656 0.5230084 0.4378180 0.6482549 0.0000000 
