10
A          0.0000000 0.6629939 1.0261432 0.9117334 0.9370973 1.1524100 0.9210469 0.8297687 1.1258239 1.0627297 
B          0.6629939 0.0000000 0.4910533 0.3085964 0.3501489 0.5178233 0.3619025 0.2594038 0.5763307 0.4722104 
C          1.0261432 0.4910533 0.0000000 0.6967788 0.7010297 0.8079242 0.6789608 0.5590550 0.9552456 0.8161743 
D          0.9117334 0.3085964 0.6967788 0.0000000 0.5157637 0.7025718 0.5128779 0.4140458 0.7650413 0.6593444 
E          0.9370973 0.3501489 0.7010297 0.5157637 0.0000000 0.7830809 0.5960862 0.4886300 0.8985747 0.7681734 
F          1.1524100 0.5178233 0.8079242 0.7025718 0.7830809 0.0000000 0.7793951 0.6355202 1.0828925 0.8704760 
G          0.9210469 0.3619025 0.6789608 0.5128779 0.5960862 0.7793951 0.0000000 0.4284049 0.7945820 0.7109957 
H          0.8297687 0.2594038 0.5590550 0.4140458 0.4886300 0.6355202 0.4284049 0.0000000 0.6954173 0.6064688 
I          1.1258239 0.5763307 0.9552456 0.7650413 0.8985747 1.0828925 0.7945820 0.6954173 0.0000000 1.0261148 
J          1.0627297 0.4722104 0.8161743 0.6593444 0.7681734 0.8704760 0.7109957 0.6064688 1.0261148 0.0000000 
