10
A          0.0000000 0.5769478 0.9436135 0.8892419 0.7710087 0.9579214 0.8358794 0.6895459 1.1582598 0.9213410 
B          0.5769478 0.0000000 0.4837928 0.3217613 0.3230548 0.5334979 0.3027845 0.2205714 0.4758098 0.4577499 
C          0.9436135 0.4837928 0.0000000 0.6314197 0.6673130 0.8990162 0.6622243 0.5610050 0.8626893 0.7480326 
D          0.8892419 0.3217613 0.6314197 0.0000000 0.5438856 0.7035715 0.4909539 0.3771813 0.6674472 0.6201967 
E          0.7710087 0.3230548 0.6673130 0.5438856 0.0000000 0.6338694 0.4434182 0.4010260 0.6170659 0.5965143 
F          0.9579214 0.5334979 0.8990162 0.7035715 0.6338694 0.0000000 0.6272629 0.6383051 0.8256775 0.7699691 
G          0.8358794 0.3027845 0.6622243 0.4909539 0.4434182 0.6272629 0.0000000 0.3776275 0.6045463 0.6222265 
H          0.6895459 0.2205714 0.5610050 0.3771813 0.4010260 0.6383051 0.3776275 0.0000000 0.5390034 0.5050210 
I          1.1582598 0.4758098 0.8626893 0.6674472 0.6170659 0.8256775 0.6045463 0.5390034 0.0000000 0.7064213 
J          0.9213410 0.4577499 0.7480326 0.6201967 0.5965143 0.7699691 0.6222265 0.5050210 0.7064213 0.0000000 
