10
A          0.0000000 0.5743145 0.9435838 0.6712779 0.7212109 0.9158691 0.8059047 0.5856287 0.7987266 0.7241105 
B          0.5743145 0.0000000 0.4129574 0.2307867 0.3057357 0.4642750 0.2993071 0.1698666 0.3520014 0.3940474 
C          0.9435838 0.4129574 0.0000000 0.5094538 0.6495055 0.8218830 0.5712804 0.4592580 0.6841886 0.6991355 
D          0.6712779 0.2307867 0.5094538 0.0000000 0.4169618 0.6167362 0.3912134 0.2837927 0.5161927 0.4938531 
E          0.7212109 0.3057357 0.6495055 0.4169618 0.0000000 0.6751662 0.5350979 0.3643062 0.5636493 0.5680165 
F          0.9158691 0.4642750 0.8218830 0.6167362 0.6751662 0.0000000 0.6670647 0.5232352 0.7240936 0.7296196 
G          0.8059047 0.2993071 0.5712804 0.3912134 0.5350979 0.6670647 0.0000000 0.3462435 0.5137083 0.5628191 
H          0.5856287 0.1698666 0.4592580 0.2837927 0.3643062 0.5232352 0.3462435 0.0000000 0.4312206 0.4229743 
I          0.7987266 0.3520014 0.6841886 0.5161927 0.5636493 0.7240936 0.5137083 0.4312206 0.0000000 0.6118091 
J          0.7241105 0.3940474 0.6991355 0.4938531 0.5680165 0.7296196 0.5628191 0.4229743 0.6118091 0.0000000 
