10
A          0.0000000 0.6381659 1.1121107 0.6400999 0.8697039 0.9460213 0.7937903 0.7414639 1.0144153 0.9382428 
B          0.6381659 0.0000000 0.4849734 0.2477350 0.3507098 0.4787632 0.3088368 0.2327061 0.4730077 0.3473427 
C          1.1121107 0.4849734 0.0000000 0.6222582 0.7407650 0.8722317 0.6506817 0.5757813 0.9280590 0.7415763 
D          0.6400999 0.2477350 0.6222582 0.0000000 0.4848064 0.6353792 0.4859203 0.3412566 0.6304828 0.4626535 
E          0.8697039 0.3507098 0.7407650 0.4848064 0.0000000 0.7829588 0.5729710 0.4765939 0.7158866 0.6644754 
F          0.9460213 0.4787632 0.8722317 0.6353792 0.7829588 0.0000000 0.6908036 0.5832066 0.9141578 0.7282044 
G          0.7937903 0.3088368 0.6506817 0.4859203 0.5729710 0.6908036 0.0000000 0.4032277 0.6664826 0.5668126 
H          0.7414639 0.2327061 0.5757813 0.3412566 0.4765939 0.5832066 0.4032277 0.0000000 0.6698331 0.4504676 
I          1.0144153 0.4730077 0.9280590 0.6304828 0.7158866 0.9141578 0.6664826 0.6698331 0.0000000 0.7594294 
J          0.9382428 0.3473427 0.7415763 0.4626535 0.6644754 0.7282044 0.5668126 0.4504676 0.7594294 0.0000000 
