10
A          0.0000000 0.5091077 0.8653221 0.7163148 0.6925140 0.9227634 0.6151678 0.6480898 0.9092276 0.7721370 
B          0.5091077 0.0000000 0.4893580 0.2752661 0.3330762 0.5121679 0.2812653 0.2134503 0.4568694 0.4290041 
C          0.8653221 0.4893580 0.0000000 0.5841081 0.6516438 0.8917931 0.6676667 0.5227186 0.7869027 0.7254641 
D          0.7163148 0.2752661 0.5841081 0.0000000 0.4569277 0.6819447 0.4115110 0.3619260 0.6110146 0.6030631 
E          0.6925140 0.3330762 0.6516438 0.4569277 0.0000000 0.6166915 0.4471811 0.3873462 0.6548864 0.6478119 
F          0.9227634 0.5121679 0.8917931 0.6819447 0.6166915 0.0000000 0.6612190 0.5814674 0.8505531 0.7790469 
G          0.6151678 0.2812653 0.6676667 0.4115110 0.4471811 0.6612190 0.0000000 0.3705387 0.6072617 0.5939251 
H          0.6480898 0.2134503 0.5227186 0.3619260 0.3873462 0.5814674 0.3705387 0.0000000 0.5877107 0.5078218 
I          0.9092276 0.4568694 0.7869027 0.6110146 0.6548864 0.8505531 0.6072617 0.5877107 0.0000000 0.8038061 
J          0.7721370 0.4290041 0.7254641 0.6030631 0.6478119 0.7790469 0.5939251 0.5078218 0.8038061 0.0000000 
