10
A          0.0000000 0.5318587 0.5940091 0.3776324 0.5564573 0.6181738 0.7797744 0.5069469 0.6567339 0.5321876 
B          0.5318587 0.0000000 0.5300630 0.3834367 0.5150029 0.6548154 0.8332668 0.5908471 0.6250531 0.5890292 
C          0.5940091 0.5300630 0.0000000 0.3883993 0.5441629 0.7332945 0.8423219 0.5796256 0.7687655 0.5887452 
D          0.3776324 0.3834367 0.3883993 0.0000000 0.3843628 0.4481266 0.6183933 0.3900620 0.4814969 0.3665294 
E          0.5564573 0.5150029 0.5441629 0.3843628 0.0000000 0.6266056 0.7674969 0.5279326 0.6433312 0.5425789 
F          0.6181738 0.6548154 0.7332945 0.4481266 0.6266056 0.0000000 0.9564567 0.6425614 0.8068293 0.6382638 
G          0.7797744 0.8332668 0.8423219 0.6183933 0.7674969 0.9564567 0.0000000 0.7532699 0.8999679 0.7542320 
H          0.5069469 0.5908471 0.5796256 0.3900620 0.5279326 0.6425614 0.7532699 0.0000000 0.6448779 0.5663096 
I          0.6567339 0.6250531 0.7687655 0.4814969 0.6433312 0.8068293 0.8999679 0.6448779 0.0000000 0.6304565 
J          0.5321876 0.5890292 0.5887452 0.3665294 0.5425789 0.6382638 0.7542320 0.5663096 0.6304565 0.0000000 
