10
A          0.0000000 0.5918152 0.5515612 0.2762478 0.4402312 0.4994082 0.6823009 0.4230631 0.6625305 0.4918661 
B          0.5918152 0.0000000 0.9027213 0.4816197 0.6068742 0.6463563 0.8506266 0.6942642 0.8570955 0.6665839 
C          0.5515612 0.9027213 0.0000000 0.4831265 0.6122535 0.6276762 0.9376209 0.6230293 0.8975221 0.6467757 
D          0.2762478 0.4816197 0.4831265 0.0000000 0.3334640 0.3644095 0.6407768 0.4091770 0.5565149 0.3785928 
E          0.4402312 0.6068742 0.6122535 0.3334640 0.0000000 0.5383957 0.7641313 0.5203519 0.6631380 0.5286014 
F          0.4994082 0.6463563 0.6276762 0.3644095 0.5383957 0.0000000 0.7600940 0.5921745 0.8336917 0.5145392 
G          0.6823009 0.8506266 0.9376209 0.6407768 0.7641313 0.7600940 0.0000000 0.7419474 0.9503759 0.8035668 
H          0.4230631 0.6942642 0.6230293 0.4091770 0.5203519 0.5921745 0.7419474 0.0000000 0.7795965 0.6079447 
I          0.6625305 0.8570955 0.8975221 0.5565149 0.6631380 0.8336917 0.9503759 0.7795965 0.0000000 0.8201813 
J          0.4918661 0.6665839 0.6467757 0.3785928 0.5286014 0.5145392 0.8035668 0.6079447 0.8201813 0.0000000 
