10
A          0.0000000 0.6406380 0.6340439 0.4212232 0.6025422 0.7044540 0.9547939 0.5667437 0.8410976 0.7175425 
B          0.6406380 0.0000000 0.7303746 0.4779259 0.5984390 0.7231646 0.9554774 0.6005350 0.8902379 0.7093869 
C          0.6340439 0.7303746 0.0000000 0.5082661 0.6174024 0.8204547 1.0798283 0.6681838 0.9850658 0.7831922 
D          0.4212232 0.4779259 0.5082661 0.0000000 0.4357018 0.5790026 0.7739855 0.4733347 0.6558172 0.5788857 
E          0.6025422 0.5984390 0.6174024 0.4357018 0.0000000 0.6926644 0.8763946 0.5866466 0.8212726 0.6664604 
F          0.7044540 0.7231646 0.8204547 0.5790026 0.6926644 0.0000000 1.0128626 0.7187758 1.0264347 0.8973029 
G          0.9547939 0.9554774 1.0798283 0.7739855 0.8763946 1.0128626 0.0000000 0.8920158 1.1466841 1.1160442 
H          0.5667437 0.6005350 0.6681838 0.4733347 0.5866466 0.7187758 0.8920158 0.0000000 0.8854806 0.7094857 
I          0.8410976 0.8902379 0.9850658 0.6558172 0.8212726 1.0264347 1.1466841 0.8854806 0.0000000 0.8548273 
J          0.7175425 0.7093869 0.7831922 0.5788857 0.6664604 0.8973029 1.1160442 0.7094857 0.8548273 0.0000000 
