10
A          0.0000000 0.4830248 0.4509278 0.3283980 0.4585398 0.5028462 0.6716656 0.4362625 0.6894355 0.4953041 
B          0.4830248 0.0000000 0.6045238 0.4178094 0.5354085 0.5427032 0.7457610 0.5471433 0.7787453 0.6347987 
C          0.4509278 0.6045238 0.0000000 0.3987636 0.5578123 0.5400206 0.8544202 0.4686593 0.6620026 0.6295784 
D          0.3283980 0.4178094 0.3987636 0.0000000 0.3487649 0.3920361 0.6192460 0.3341657 0.6461424 0.4819285 
E          0.4585398 0.5354085 0.5578123 0.3487649 0.0000000 0.5474882 0.8045998 0.4644627 0.6749127 0.5849450 
F          0.5028462 0.5427032 0.5400206 0.3920361 0.5474882 0.0000000 0.7873163 0.4791775 0.7306578 0.6563299 
G          0.6716656 0.7457610 0.8544202 0.6192460 0.8045998 0.7873163 0.0000000 0.7026374 0.9578124 0.8376655 
H          0.4362625 0.5471433 0.4686593 0.3341657 0.4644627 0.4791775 0.7026374 0.0000000 0.6477167 0.5882246 
I          0.6894355 0.7787453 0.6620026 0.6461424 0.6749127 0.7306578 0.9578124 0.6477167 0.0000000 0.8370007 
J          0.4953041 0.6347987 0.6295784 0.4819285 0.5849450 0.6563299 0.8376655 0.5882246 0.8370007 0.0000000 
