10
A          0.0000000 0.4866545 0.5554775 0.3151957 0.4944909 0.4830051 0.8004204 0.3918704 0.6218003 0.5506604 
B          0.4866545 0.0000000 0.6031014 0.3848872 0.5465533 0.5776549 0.7708971 0.4523449 0.6799603 0.5753806 
C          0.5554775 0.6031014 0.0000000 0.3797060 0.5504210 0.5571949 0.7984687 0.5047200 0.7951209 0.6366787 
D          0.3151957 0.3848872 0.3797060 0.0000000 0.3517964 0.3898471 0.6415784 0.3046139 0.5164557 0.4400858 
E          0.4944909 0.5465533 0.5504210 0.3517964 0.0000000 0.5229632 0.7603180 0.4373976 0.6049701 0.5684579 
F          0.4830051 0.5776549 0.5571949 0.3898471 0.5229632 0.0000000 0.8395843 0.4726630 0.6183169 0.5789887 
G          0.8004204 0.7708971 0.7984687 0.6415784 0.7603180 0.8395843 0.0000000 0.6900524 0.9364269 0.9109889 
H          0.3918704 0.4523449 0.5047200 0.3046139 0.4373976 0.4726630 0.6900524 0.0000000 0.5709171 0.5120411 
I          0.6218003 0.6799603 0.7951209 0.5164557 0.6049701 0.6183169 0.9364269 0.5709171 0.0000000 0.7070975 
J          0.5506604 0.5753806 0.6366787 0.4400858 0.5684579 0.5789887 0.9109889 0.5120411 0.7070975 0.0000000 
