10
A          0.0000000 0.7733529 0.8278563 0.5764026 0.7028024 0.7835455 1.0964532 0.6181138 0.8797597 0.5611040 
B          0.7733529 0.0000000 0.7186035 0.4594245 0.5818221 0.6685444 1.1588521 0.5485475 1.0505494 0.7101854 
C          0.8278563 0.7186035 0.0000000 0.4466457 0.6070355 0.7031527 1.0746913 0.6631867 0.8546088 0.8078439 
D          0.5764026 0.4594245 0.4466457 0.0000000 0.3244341 0.5867043 0.8941381 0.4561508 0.8205751 0.5793336 
E          0.7028024 0.5818221 0.6070355 0.3244341 0.0000000 0.6884028 1.0374889 0.5248447 0.9697033 0.6778009 
F          0.7835455 0.6685444 0.7031527 0.5867043 0.6884028 0.0000000 1.0065544 0.6285001 0.8604766 0.6524476 
G          1.0964532 1.1588521 1.0746913 0.8941381 1.0374889 1.0065544 0.0000000 0.9363910 1.2495262 0.9779421 
H          0.6181138 0.5485475 0.6631867 0.4561508 0.5248447 0.6285001 0.9363910 0.0000000 0.9020751 0.6900393 
I          0.8797597 1.0505494 0.8546088 0.8205751 0.9697033 0.8604766 1.2495262 0.9020751 0.0000000 0.8454380 
J          0.5611040 0.7101854 0.8078439 0.5793336 0.6778009 0.6524476 0.9779421 0.6900393 0.8454380 0.0000000 
