10
A          0.0000000 0.4947562 0.5948745 0.3401059 0.5047103 0.5650833 0.7586370 0.4532335 0.6889822 0.5460057 
B          0.4947562 0.0000000 0.6390523 0.3716742 0.5996378 0.5365904 0.8005090 0.4773981 0.7384679 0.5460533 
C          0.5948745 0.6390523 0.0000000 0.4329204 0.6471049 0.6581126 0.9154477 0.5961190 0.7384199 0.7099504 
D          0.3401059 0.3716742 0.4329204 0.0000000 0.3740085 0.4573509 0.5823160 0.3414645 0.5420734 0.4108149 
E          0.5047103 0.5996378 0.6471049 0.3740085 0.0000000 0.5957792 0.8120047 0.5142044 0.8041751 0.5181784 
F          0.5650833 0.5365904 0.6581126 0.4573509 0.5957792 0.0000000 0.7616968 0.5363098 0.8115672 0.5666091 
G          0.7586370 0.8005090 0.9154477 0.5823160 0.8120047 0.7616968 0.0000000 0.7361850 1.0136863 0.7894685 
H          0.4532335 0.4773981 0.5961190 0.3414645 0.5142044 0.5363098 0.7361850 0.0000000 0.6722104 0.5331878 
I          0.6889822 0.7384679 0.7384199 0.5420734 0.8041751 0.8115672 1.0136863 0.6722104 0.0000000 0.7961492 
J          0.5460057 0.5460533 0.7099504 0.4108149 0.5181784 0.5666091 0.7894685 0.5331878 0.7961492 0.0000000 
