10
A          0.0000000 0.4829274 0.4816181 0.3015214 0.4392450 0.5409082 0.6321048 0.4822051 0.6569671 0.4834680 
B          0.4829274 0.0000000 0.6020765 0.3805710 0.5329753 0.5514929 0.7810149 0.5092236 0.7632722 0.5364858 
C          0.4816181 0.6020765 0.0000000 0.3889340 0.5021830 0.6092240 0.7420355 0.5355219 0.8037343 0.5821790 
D          0.3015214 0.3805710 0.3889340 0.0000000 0.3179788 0.3621173 0.5443876 0.3434900 0.5608046 0.3313197 
E          0.4392450 0.5329753 0.5021830 0.3179788 0.0000000 0.5550798 0.6147811 0.5044415 0.7179525 0.5049527 
F          0.5409082 0.5514929 0.6092240 0.3621173 0.5550798 0.0000000 0.7507781 0.6081718 0.7870751 0.5666360 
G          0.6321048 0.7810149 0.7420355 0.5443876 0.6147811 0.7507781 0.0000000 0.7184359 0.8062522 0.6618760 
H          0.4822051 0.5092236 0.5355219 0.3434900 0.5044415 0.6081718 0.7184359 0.0000000 0.6870967 0.4743946 
I          0.6569671 0.7632722 0.8037343 0.5608046 0.7179525 0.7870751 0.8062522 0.6870967 0.0000000 0.7341751 
J          0.4834680 0.5364858 0.5821790 0.3313197 0.5049527 0.5666360 0.6618760 0.4743946 0.7341751 0.0000000 
