10
A          0.0000000 0.6790191 0.8195907 0.4930032 0.7506039 0.7565218 0.8864940 0.6370878 0.7991154 0.5753285 
B          0.6790191 0.0000000 0.7028890 0.4254417 0.5583974 0.6877079 0.8989007 0.5979109 0.8826256 0.7590502 
C          0.8195907 0.7028890 0.0000000 0.4347104 0.5648311 0.8071083 1.0198257 0.6917577 0.9547888 0.7817972 
D          0.4930032 0.4254417 0.4347104 0.0000000 0.3643170 0.5890802 0.7283386 0.4169308 0.6649338 0.5624418 
E          0.7506039 0.5583974 0.5648311 0.3643170 0.0000000 0.7300793 0.9260605 0.6431775 0.9038210 0.7181472 
F          0.7565218 0.6877079 0.8071083 0.5890802 0.7300793 0.0000000 0.8835796 0.6915170 0.9698473 0.7497805 
G          0.8864940 0.8989007 1.0198257 0.7283386 0.9260605 0.8835796 0.0000000 0.8306884 1.1128426 0.9293572 
H          0.6370878 0.5979109 0.6917577 0.4169308 0.6431775 0.6915170 0.8306884 0.0000000 0.8424609 0.6275803 
I          0.7991154 0.8826256 0.9547888 0.6649338 0.9038210 0.9698473 1.1128426 0.8424609 0.0000000 0.9099415 
J          0.5753285 0.7590502 0.7817972 0.5624418 0.7181472 0.7497805 0.9293572 0.6275803 0.9099415 0.0000000 
