10
A          0.0000000 0.5678936 0.5596898 0.3842270 0.5323516 0.6095807 0.6891805 0.5348481 0.7116706 0.4942635 
B          0.5678936 0.0000000 0.5804659 0.4367796 0.6057994 0.6430896 0.9074736 0.5756015 0.8409683 0.5790806 
C          0.5596898 0.5804659 0.0000000 0.3928995 0.6370666 0.6577542 0.7583180 0.5686278 0.7855821 0.5656866 
D          0.3842270 0.4367796 0.3928995 0.0000000 0.3840564 0.4946147 0.5640004 0.3678107 0.5799642 0.3658082 
E          0.5323516 0.6057994 0.6370666 0.3840564 0.0000000 0.6558076 0.7298425 0.5457548 0.6692753 0.5366013 
F          0.6095807 0.6430896 0.6577542 0.4946147 0.6558076 0.0000000 0.9232362 0.6397645 0.8549228 0.6277084 
G          0.6891805 0.9074736 0.7583180 0.5640004 0.7298425 0.9232362 0.0000000 0.7336474 0.8388105 0.7222774 
H          0.5348481 0.5756015 0.5686278 0.3678107 0.5457548 0.6397645 0.7336474 0.0000000 0.7856151 0.5033105 
I          0.7116706 0.8409683 0.7855821 0.5799642 0.6692753 0.8549228 0.8388105 0.7856151 0.0000000 0.7444897 
J          0.4942635 0.5790806 0.5656866 0.3658082 0.5366013 0.6277084 0.7222774 0.5033105 0.7444897 0.0000000 
