10
A          0.0000000 0.2500866 0.2033365 0.4740208 0.2227026 0.6398776 0.3388775 0.3160696 0.2860241 0.5124714 
B          0.2500866 0.0000000 0.1641263 0.4767794 0.1849620 0.5527487 0.2859407 0.2583504 0.2323692 0.5106324 
C          0.2033365 0.1641263 0.0000000 0.3897541 0.1181773 0.5206533 0.2350147 0.1995751 0.1854186 0.4135948 
D          0.4740208 0.4767794 0.3897541 0.0000000 0.3982776 0.8862749 0.4993589 0.4975904 0.4547619 0.7045283 
E          0.2227026 0.1849620 0.1181773 0.3982776 0.0000000 0.5672428 0.2484343 0.2231085 0.1993943 0.4617343 
F          0.6398776 0.5527487 0.5206533 0.8862749 0.5672428 0.0000000 0.6502243 0.6938969 0.6472772 0.8595414 
G          0.3388775 0.2859407 0.2350147 0.4993589 0.2484343 0.6502243 0.0000000 0.3182431 0.3032459 0.5564945 
H          0.3160696 0.2583504 0.1995751 0.4975904 0.2231085 0.6938969 0.3182431 0.0000000 0.2930837 0.5247716 
I          0.2860241 0.2323692 0.1854186 0.4547619 0.1993943 0.6472772 0.3032459 0.2930837 0.0000000 0.5174400 
J          0.5124714 0.5106324 0.4135948 0.7045283 0.4617343 0.8595414 0.5564945 0.5247716 0.5174400 0.0000000 
