10
A          0.0000000 0.3629694 0.3748284 0.7991472 0.3743330 0.8879847 0.4835247 0.3969544 0.3735927 0.6361285 
B          0.3629694 0.0000000 0.2098872 0.6077776 0.2529479 0.7403582 0.3371319 0.2799111 0.2199715 0.5336425 
C          0.3748284 0.2098872 0.0000000 0.5919250 0.1701729 0.7005867 0.2795214 0.2666478 0.2463490 0.5637953 
D          0.7991472 0.6077776 0.5919250 0.0000000 0.5581174 1.0548051 0.5656111 0.6476932 0.6371718 0.9151324 
E          0.3743330 0.2529479 0.1701729 0.5581174 0.0000000 0.6941362 0.2451201 0.2516527 0.2564638 0.5140578 
F          0.8879847 0.7403582 0.7005867 1.0548051 0.6941362 0.0000000 0.8492749 0.7289542 0.7742085 1.1900122 
G          0.4835247 0.3371319 0.2795214 0.5656111 0.2451201 0.8492749 0.0000000 0.3755826 0.3359122 0.6187642 
H          0.3969544 0.2799111 0.2666478 0.6476932 0.2516527 0.7289542 0.3755826 0.0000000 0.2877739 0.5441198 
I          0.3735927 0.2199715 0.2463490 0.6371718 0.2564638 0.7742085 0.3359122 0.2877739 0.0000000 0.5773168 
J          0.6361285 0.5336425 0.5637953 0.9151324 0.5140578 1.1900122 0.6187642 0.5441198 0.5773168 0.0000000 
