10
A          0.0000000 0.3281206 0.2725412 0.5686444 0.2678154 0.7055977 0.4398964 0.3389694 0.3302964 0.4685230 
B          0.3281206 0.0000000 0.1924965 0.4580030 0.1720028 0.5951399 0.3330234 0.2262431 0.2611433 0.4235195 
C          0.2725412 0.1924965 0.0000000 0.4462927 0.1316594 0.5932744 0.2907663 0.1896383 0.2085513 0.3607775 
D          0.5686444 0.4580030 0.4462927 0.0000000 0.3998928 0.8764988 0.5170080 0.4942437 0.4350421 0.6212353 
E          0.2678154 0.1720028 0.1316594 0.3998928 0.0000000 0.5707928 0.2626296 0.1717756 0.1944150 0.3575781 
F          0.7055977 0.5951399 0.5932744 0.8764988 0.5707928 0.0000000 0.7713985 0.6471980 0.6474293 0.8136746 
G          0.4398964 0.3330234 0.2907663 0.5170080 0.2626296 0.7713985 0.0000000 0.3276361 0.3473720 0.5192468 
H          0.3389694 0.2262431 0.1896383 0.4942437 0.1717756 0.6471980 0.3276361 0.0000000 0.2701423 0.4195375 
I          0.3302964 0.2611433 0.2085513 0.4350421 0.1944150 0.6474293 0.3473720 0.2701423 0.0000000 0.4414734 
J          0.4685230 0.4235195 0.3607775 0.6212353 0.3575781 0.8136746 0.5192468 0.4195375 0.4414734 0.0000000 
