10
A          0.0000000 0.3442560 0.2672278 0.5260004 0.3160716 0.6555751 0.4217158 0.3586997 0.3109484 0.5025140 
B          0.3442560 0.0000000 0.2207558 0.5619692 0.2549313 0.6288958 0.3841018 0.2933523 0.2264376 0.4772680 
C          0.2672278 0.2207558 0.0000000 0.4027238 0.1525094 0.4680454 0.2704052 0.1975271 0.1950124 0.4271197 
D          0.5260004 0.5619692 0.4027238 0.0000000 0.3879769 0.8348963 0.6052479 0.5221344 0.4486809 0.7444197 
E          0.3160716 0.2549313 0.1525094 0.3879769 0.0000000 0.5200876 0.2551048 0.2372989 0.2104945 0.4732622 
F          0.6555751 0.6288958 0.4680454 0.8348963 0.5200876 0.0000000 0.6895278 0.5554104 0.5655602 0.8029192 
G          0.4217158 0.3841018 0.2704052 0.6052479 0.2551048 0.6895278 0.0000000 0.4040916 0.3629192 0.6121130 
H          0.3586997 0.2933523 0.1975271 0.5221344 0.2372989 0.5554104 0.4040916 0.0000000 0.2308976 0.5014054 
I          0.3109484 0.2264376 0.1950124 0.4486809 0.2104945 0.5655602 0.3629192 0.2308976 0.0000000 0.4664943 
J          0.5025140 0.4772680 0.4271197 0.7444197 0.4732622 0.8029192 0.6121130 0.5014054 0.4664943 0.0000000 
