10
A          0.0000000 0.3426683 0.2840230 0.6151152 0.3076783 0.6424430 0.4679680 0.3515485 0.3531511 0.4664701 
B          0.3426683 0.0000000 0.1855081 0.5209707 0.2175301 0.5638060 0.4224295 0.2860194 0.2482279 0.4453702 
C          0.2840230 0.1855081 0.0000000 0.3828390 0.1248035 0.4638951 0.2923124 0.2062294 0.2229493 0.3795914 
D          0.6151152 0.5209707 0.3828390 0.0000000 0.4140218 0.7134618 0.5715618 0.4947707 0.5240182 0.6944942 
E          0.3076783 0.2175301 0.1248035 0.4140218 0.0000000 0.5221500 0.2769044 0.2433785 0.2423108 0.4336703 
F          0.6424430 0.5638060 0.4638951 0.7134618 0.5221500 0.0000000 0.6572801 0.5515476 0.5893903 0.7182197 
G          0.4679680 0.4224295 0.2923124 0.5715618 0.2769044 0.6572801 0.0000000 0.4027214 0.4287654 0.5436136 
H          0.3515485 0.2860194 0.2062294 0.4947707 0.2433785 0.5515476 0.4027214 0.0000000 0.3090967 0.4453469 
I          0.3531511 0.2482279 0.2229493 0.5240182 0.2423108 0.5893903 0.4287654 0.3090967 0.0000000 0.4822342 
J          0.4664701 0.4453702 0.3795914 0.6944942 0.4336703 0.7182197 0.5436136 0.4453469 0.4822342 0.0000000 
