10
A          0.0000000 0.2612311 0.2377708 0.5023815 0.2687744 0.6562849 0.3476877 0.3167894 0.2907738 0.5023724 
B          0.2612311 0.0000000 0.1711724 0.4090643 0.1830235 0.5775549 0.2864667 0.2557540 0.2040741 0.4371243 
C          0.2377708 0.1711724 0.0000000 0.3826824 0.1557740 0.4901280 0.2196880 0.2184408 0.1827651 0.3744045 
D          0.5023815 0.4090643 0.3826824 0.0000000 0.4027370 0.7665480 0.4567362 0.4452105 0.4148013 0.6333235 
E          0.2687744 0.1830235 0.1557740 0.4027370 0.0000000 0.5376501 0.2288628 0.2356509 0.2150814 0.4164403 
F          0.6562849 0.5775549 0.4901280 0.7665480 0.5376501 0.0000000 0.5967822 0.5892791 0.5703662 0.7150388 
G          0.3476877 0.2864667 0.2196880 0.4567362 0.2288628 0.5967822 0.0000000 0.2943578 0.3096073 0.4993847 
H          0.3167894 0.2557540 0.2184408 0.4452105 0.2356509 0.5892791 0.2943578 0.0000000 0.2680670 0.4481294 
I          0.2907738 0.2040741 0.1827651 0.4148013 0.2150814 0.5703662 0.3096073 0.2680670 0.0000000 0.4170431 
J          0.5023724 0.4371243 0.3744045 0.6333235 0.4164403 0.7150388 0.4993847 0.4481294 0.4170431 0.0000000 
