10
A          0.0000000 0.3111959 0.2547265 0.5224612 0.2615659 0.6365385 0.3959587 0.3102376 0.3181467 0.5320481 
B          0.3111959 0.0000000 0.1976473 0.4473820 0.1867679 0.5928169 0.3138850 0.2564736 0.2549665 0.4698557 
C          0.2547265 0.1976473 0.0000000 0.4516559 0.1446254 0.6029909 0.3173524 0.2409992 0.2387610 0.4846615 
D          0.5224612 0.4473820 0.4516559 0.0000000 0.4300023 0.8777752 0.5984239 0.5291258 0.4896769 0.7232241 
E          0.2615659 0.1867679 0.1446254 0.4300023 0.0000000 0.5515256 0.2664993 0.2309598 0.2144434 0.4547527 
F          0.6365385 0.5928169 0.6029909 0.8777752 0.5515256 0.0000000 0.6674020 0.6566133 0.6137730 0.7631392 
G          0.3959587 0.3138850 0.3173524 0.5984239 0.2664993 0.6674020 0.0000000 0.3690470 0.3497421 0.5229190 
H          0.3102376 0.2564736 0.2409992 0.5291258 0.2309598 0.6566133 0.3690470 0.0000000 0.2702982 0.5244854 
I          0.3181467 0.2549665 0.2387610 0.4896769 0.2144434 0.6137730 0.3497421 0.2702982 0.0000000 0.5266758 
J          0.5320481 0.4698557 0.4846615 0.7232241 0.4547527 0.7631392 0.5229190 0.5244854 0.5266758 0.0000000 
