10
A          0.0000000 0.1528851 0.1444904 0.2560606 0.1517469 0.3216048 0.2198726 0.1799117 0.1894403 0.2539444 
B          0.1528851 0.0000000 0.0774063 0.2159692 0.0865185 0.2682820 0.1531321 0.1261594 0.1151900 0.1932312 
C          0.1444904 0.0774063 0.0000000 0.2069838 0.0677746 0.2509625 0.1385642 0.1074191 0.1142571 0.1834517 
D          0.2560606 0.2159692 0.2069838 0.0000000 0.2085549 0.3370620 0.2982146 0.2313862 0.2465637 0.2839516 
E          0.1517469 0.0865185 0.0677746 0.2085549 0.0000000 0.2767976 0.1433516 0.1021664 0.1100416 0.1990051 
F          0.3216048 0.2682820 0.2509625 0.3370620 0.2767976 0.0000000 0.3150531 0.2936065 0.2772569 0.3197670 
G          0.2198726 0.1531321 0.1385642 0.2982146 0.1433516 0.3150531 0.0000000 0.1898425 0.1693476 0.2526961 
H          0.1799117 0.1261594 0.1074191 0.2313862 0.1021664 0.2936065 0.1898425 0.0000000 0.1416486 0.2102824 
I          0.1894403 0.1151900 0.1142571 0.2465637 0.1100416 0.2772569 0.1693476 0.1416486 0.0000000 0.2116596 
J          0.2539444 0.1932312 0.1834517 0.2839516 0.1990051 0.3197670 0.2526961 0.2102824 0.2116596 0.0000000 
