10
A          0.0000000 0.2773532 0.2575306 0.5268552 0.2318304 0.6291564 0.3796459 0.3222635 0.3376452 0.5111198 
B          0.2773532 0.0000000 0.1691953 0.4423523 0.1554852 0.5273697 0.2941892 0.2445510 0.2370116 0.4674838 
C          0.2575306 0.1691953 0.0000000 0.4191150 0.1166933 0.4810033 0.2363721 0.2059926 0.2043733 0.3629800 
D          0.5268552 0.4423523 0.4191150 0.0000000 0.3925559 0.8328548 0.5705835 0.4752344 0.5732448 0.6567273 
E          0.2318304 0.1554852 0.1166933 0.3925559 0.0000000 0.4986242 0.2196022 0.1851207 0.1863304 0.3628113 
F          0.6291564 0.5273697 0.4810033 0.8328548 0.4986242 0.0000000 0.5871512 0.5534243 0.5822208 0.8518419 
G          0.3796459 0.2941892 0.2363721 0.5705835 0.2196022 0.5871512 0.0000000 0.3207673 0.3279273 0.4834147 
H          0.3222635 0.2445510 0.2059926 0.4752344 0.1851207 0.5534243 0.3207673 0.0000000 0.2699137 0.4608762 
I          0.3376452 0.2370116 0.2043733 0.5732448 0.1863304 0.5822208 0.3279273 0.2699137 0.0000000 0.4823301 
J          0.5111198 0.4674838 0.3629800 0.6567273 0.3628113 0.8518419 0.4834147 0.4608762 0.4823301 0.0000000 
