10
A          0.0000000 0.3851219 0.3596664 0.4858754 0.1549947 0.1372966 0.2221098 0.4387859 0.4379717 0.3363020 
B          0.3851219 0.0000000 0.5513171 0.7486984 0.4030861 0.3605809 0.5226730 0.6211071 0.6960733 0.6466878 
C          0.3596664 0.5513171 0.0000000 0.6706463 0.3975622 0.3167504 0.4743267 0.6426666 0.6576439 0.5564596 
D          0.4858754 0.7486984 0.6706463 0.0000000 0.5256223 0.5301186 0.6108695 0.7842123 0.8165620 0.7085211 
E          0.1549947 0.4030861 0.3975622 0.5256223 0.0000000 0.1800664 0.2640223 0.4744170 0.4552581 0.3831841 
F          0.1372966 0.3605809 0.3167504 0.5301186 0.1800664 0.0000000 0.2523511 0.4243565 0.4538417 0.3520803 
G          0.2221098 0.5226730 0.4743267 0.6108695 0.2640223 0.2523511 0.0000000 0.5961840 0.5532979 0.4948072 
H          0.4387859 0.6211071 0.6426666 0.7842123 0.4744170 0.4243565 0.5961840 0.0000000 0.7370816 0.6245139 
I          0.4379717 0.6960733 0.6576439 0.8165620 0.4552581 0.4538417 0.5532979 0.7370816 0.0000000 0.6798953 
J          0.3363020 0.6466878 0.5564596 0.7085211 0.3831841 0.3520803 0.4948072 0.6245139 0.6798953 0.0000000 
