10
A          0.0000000 0.4943957 0.5490431 0.7130947 0.2325048 0.2223225 0.2458175 0.6536360 0.5203127 0.6084360 
B          0.4943957 0.0000000 0.7091830 0.7720983 0.5164513 0.4686610 0.6177683 0.8666071 0.8030583 0.7195711 
C          0.5490431 0.7091830 0.0000000 0.8720851 0.5579436 0.4242760 0.7010509 0.7561985 0.7931964 0.7115957 
D          0.7130947 0.7720983 0.8720851 0.0000000 0.7400879 0.5964420 0.8083300 0.8374941 0.9785732 0.6695965 
E          0.2325048 0.5164513 0.5579436 0.7400879 0.0000000 0.2612692 0.3248687 0.6440359 0.5899102 0.6005245 
F          0.2223225 0.4686610 0.4242760 0.5964420 0.2612692 0.0000000 0.3535017 0.4742358 0.5302434 0.4644462 
G          0.2458175 0.6177683 0.7010509 0.8083300 0.3248687 0.3535017 0.0000000 0.7978186 0.6520102 0.7018671 
H          0.6536360 0.8666071 0.7561985 0.8374941 0.6440359 0.4742358 0.7978186 0.0000000 0.9176408 0.5986263 
I          0.5203127 0.8030583 0.7931964 0.9785732 0.5899102 0.5302434 0.6520102 0.9176408 0.0000000 0.8400195 
J          0.6084360 0.7195711 0.7115957 0.6695965 0.6005245 0.4644462 0.7018671 0.5986263 0.8400195 0.0000000 
