10
A          0.0000000 0.3619736 0.3455412 0.4470982 0.1696784 0.1255889 0.2095334 0.3731817 0.4333517 0.3117173 
B          0.3619736 0.0000000 0.6700712 0.7056661 0.4295425 0.3799604 0.4897471 0.7585181 0.7545195 0.5877864 
C          0.3455412 0.6700712 0.0000000 0.6739180 0.3957897 0.3566448 0.4480716 0.6474162 0.6648063 0.5860018 
D          0.4470982 0.7056661 0.6739180 0.0000000 0.4853139 0.4030650 0.5518385 0.6614441 0.8647005 0.5837914 
E          0.1696784 0.4295425 0.3957897 0.4853139 0.0000000 0.1824190 0.2783536 0.4694452 0.4746255 0.3970103 
F          0.1255889 0.3799604 0.3566448 0.4030650 0.1824190 0.0000000 0.2388018 0.3801636 0.4385549 0.3124272 
G          0.2095334 0.4897471 0.4480716 0.5518385 0.2783536 0.2388018 0.0000000 0.4600740 0.5844022 0.4471023 
H          0.3731817 0.7585181 0.6474162 0.6614441 0.4694452 0.3801636 0.4600740 0.0000000 0.7445913 0.5706623 
I          0.4333517 0.7545195 0.6648063 0.8647005 0.4746255 0.4385549 0.5844022 0.7445913 0.0000000 0.7126172 
J          0.3117173 0.5877864 0.5860018 0.5837914 0.3970103 0.3124272 0.4471023 0.5706623 0.7126172 0.0000000 
