10
A          0.0000000 0.4050880 0.4039682 0.5580900 0.1635351 0.1484520 0.2323896 0.5200644 0.4744186 0.3653922 
B          0.4050880 0.0000000 0.5504197 0.7694925 0.4079750 0.3574907 0.4425624 0.7428883 0.7034851 0.5999388 
C          0.4039682 0.5504197 0.0000000 0.6838502 0.4445957 0.3143041 0.5198665 0.6625648 0.6770340 0.4714696 
D          0.5580900 0.7694925 0.6838502 0.0000000 0.6090525 0.5348872 0.6925114 0.8286192 0.9540292 0.6636940 
E          0.1635351 0.4079750 0.4445957 0.6090525 0.0000000 0.1729931 0.2935455 0.5652785 0.5186966 0.4116555 
F          0.1484520 0.3574907 0.3143041 0.5348872 0.1729931 0.0000000 0.2638362 0.4488168 0.4778555 0.3157839 
G          0.2323896 0.4425624 0.5198665 0.6925114 0.2935455 0.2638362 0.0000000 0.6220066 0.5988054 0.4759518 
H          0.5200644 0.7428883 0.6625648 0.8286192 0.5652785 0.4488168 0.6220066 0.0000000 0.7972040 0.5470766 
I          0.4744186 0.7034851 0.6770340 0.9540292 0.5186966 0.4778555 0.5988054 0.7972040 0.0000000 0.6897312 
J          0.3653922 0.5999388 0.4714696 0.6636940 0.4116555 0.3157839 0.4759518 0.5470766 0.6897312 0.0000000 
