10
A          0.0000000 0.5310332 0.4803954 0.8448642 0.1973315 0.2013254 0.2053051 0.7119999 0.4948238 0.5473250 
B          0.5310332 0.0000000 0.7330321 1.0372440 0.5966282 0.5232815 0.6185556 0.9464782 0.7588305 0.8173983 
C          0.4803954 0.7330321 0.0000000 0.8466137 0.5124068 0.4017998 0.5966343 0.6667410 0.7079578 0.6171250 
D          0.8448642 1.0372440 0.8466137 0.0000000 0.7747268 0.6787311 0.9306410 0.8607584 1.0657894 0.8493208 
E          0.1973315 0.5966282 0.5124068 0.7747268 0.0000000 0.2379857 0.2930953 0.6889484 0.5261298 0.5901630 
F          0.2013254 0.5232815 0.4017998 0.6787311 0.2379857 0.0000000 0.2927595 0.5315995 0.4470124 0.4320228 
G          0.2053051 0.6185556 0.5966343 0.9306410 0.2930953 0.2927595 0.0000000 0.7677086 0.5571964 0.6408877 
H          0.7119999 0.9464782 0.6667410 0.8607584 0.6889484 0.5315995 0.7677086 0.0000000 0.8762507 0.6416299 
I          0.4948238 0.7588305 0.7079578 1.0657894 0.5261298 0.4470124 0.5571964 0.8762507 0.0000000 0.8079475 
J          0.5473250 0.8173983 0.6171250 0.8493208 0.5901630 0.4320228 0.6408877 0.6416299 0.8079475 0.0000000 
