10
A          0.0000000 0.3883949 0.3325410 0.5342665 0.1702611 0.0964957 0.2232694 0.4241533 0.4684010 0.2868906 
B          0.3883949 0.0000000 0.5980446 0.7088708 0.4137740 0.3388303 0.5017361 0.6747131 0.7153294 0.5679043 
C          0.3325410 0.5980446 0.0000000 0.6990758 0.3739878 0.3069857 0.4416518 0.5966908 0.6581203 0.5325053 
D          0.5342665 0.7088708 0.6990758 0.0000000 0.5171642 0.4578423 0.5848555 0.7716240 0.8392574 0.6828735 
E          0.1702611 0.4137740 0.3739878 0.5171642 0.0000000 0.1397660 0.2431441 0.4648145 0.4807888 0.3615529 
F          0.0964957 0.3388303 0.3069857 0.4578423 0.1397660 0.0000000 0.1988575 0.3876617 0.4350696 0.2654530 
G          0.2232694 0.5017361 0.4416518 0.5848555 0.2431441 0.1988575 0.0000000 0.5862615 0.5513820 0.3803714 
H          0.4241533 0.6747131 0.5966908 0.7716240 0.4648145 0.3876617 0.5862615 0.0000000 0.8674601 0.7170134 
I          0.4684010 0.7153294 0.6581203 0.8392574 0.4807888 0.4350696 0.5513820 0.8674601 0.0000000 0.6957320 
J          0.2868906 0.5679043 0.5325053 0.6828735 0.3615529 0.2654530 0.3803714 0.7170134 0.6957320 0.0000000 
