10
A          0.0000000 0.4240008 0.3518347 0.4669060 0.1684627 0.1035944 0.1786195 0.3469863 0.4686829 0.2947606 
B          0.4240008 0.0000000 0.6923704 0.8667627 0.4457456 0.3941338 0.4687296 0.6235370 0.8608329 0.6163331 
C          0.3518347 0.6923704 0.0000000 0.6778718 0.3975330 0.2981582 0.4470964 0.5589488 0.7181844 0.4780069 
D          0.4669060 0.8667627 0.6778718 0.0000000 0.5925302 0.4636710 0.5639060 0.7105977 0.8565839 0.6663755 
E          0.1684627 0.4457456 0.3975330 0.5925302 0.0000000 0.1635998 0.2695403 0.3686429 0.5627387 0.3400795 
F          0.1035944 0.3941338 0.2981582 0.4636710 0.1635998 0.0000000 0.2056996 0.3030231 0.4811699 0.2605314 
G          0.1786195 0.4687296 0.4470964 0.5639060 0.2695403 0.2056996 0.0000000 0.4486160 0.6662833 0.3631222 
H          0.3469863 0.6235370 0.5589488 0.7105977 0.3686429 0.3030231 0.4486160 0.0000000 0.7041772 0.4613943 
I          0.4686829 0.8608329 0.7181844 0.8565839 0.5627387 0.4811699 0.6662833 0.7041772 0.0000000 0.6849084 
J          0.2947606 0.6163331 0.4780069 0.6663755 0.3400795 0.2605314 0.3631222 0.4613943 0.6849084 0.0000000 
