10
A          0.0000000 0.3682992 0.3075315 0.5288853 0.1613715 0.1014669 0.2005965 0.3878972 0.5086137 0.3025188 
B          0.3682992 0.0000000 0.6785937 0.7974305 0.4933274 0.4060326 0.4818361 0.7332347 0.8534635 0.6264711 
C          0.3075315 0.6785937 0.0000000 0.7102178 0.3660394 0.3139179 0.4660499 0.5664922 0.7810675 0.5193409 
D          0.5288853 0.7974305 0.7102178 0.0000000 0.6152218 0.5490574 0.6551689 0.8614503 0.9736461 0.7950042 
E          0.1613715 0.4933274 0.3660394 0.6152218 0.0000000 0.1659210 0.2835964 0.4502044 0.6304433 0.3738164 
F          0.1014669 0.4060326 0.3139179 0.5490574 0.1659210 0.0000000 0.2068913 0.3754478 0.5038470 0.3074738 
G          0.2005965 0.4818361 0.4660499 0.6551689 0.2835964 0.2068913 0.0000000 0.4681951 0.5948223 0.4182107 
H          0.3878972 0.7332347 0.5664922 0.8614503 0.4502044 0.3754478 0.4681951 0.0000000 0.7999481 0.5589734 
I          0.5086137 0.8534635 0.7810675 0.9736461 0.6304433 0.5038470 0.5948223 0.7999481 0.0000000 0.7719769 
J          0.3025188 0.6264711 0.5193409 0.7950042 0.3738164 0.3074738 0.4182107 0.5589734 0.7719769 0.0000000 
