10
A          0.0000000 0.4437011 0.3725848 0.4164250 0.1546991 0.1388863 0.2239468 0.3838011 0.4993826 0.2982927 
B          0.4437011 0.0000000 0.6406965 0.7355124 0.4434502 0.4023733 0.4960930 0.6966897 0.6971651 0.5142489 
C          0.3725848 0.6406965 0.0000000 0.6478957 0.3549088 0.3621081 0.4521770 0.5739896 0.7175800 0.4585067 
D          0.4164250 0.7355124 0.6478957 0.0000000 0.4211294 0.4304368 0.5147829 0.6693145 0.8239850 0.5516374 
E          0.1546991 0.4434502 0.3549088 0.4211294 0.0000000 0.1504935 0.2293246 0.4115859 0.4970722 0.2676936 
F          0.1388863 0.4023733 0.3621081 0.4304368 0.1504935 0.0000000 0.2305398 0.4032817 0.4676702 0.2685875 
G          0.2239468 0.4960930 0.4521770 0.5147829 0.2293246 0.2305398 0.0000000 0.4804162 0.6118885 0.3661353 
H          0.3838011 0.6966897 0.5739896 0.6693145 0.4115859 0.4032817 0.4804162 0.0000000 0.6209109 0.4814177 
I          0.4993826 0.6971651 0.7175800 0.8239850 0.4970722 0.4676702 0.6118885 0.6209109 0.0000000 0.6083761 
J          0.2982927 0.5142489 0.4585067 0.5516374 0.2676936 0.2685875 0.3661353 0.4814177 0.6083761 0.0000000 
