10
A          0.0000000 0.4088134 0.3134586 0.4169563 0.1503180 0.1055867 0.2071832 0.3851756 0.4504000 0.2598326 
B          0.4088134 0.0000000 0.5800534 0.6076179 0.4185022 0.3689978 0.4662610 0.6611588 0.6743557 0.5375334 
C          0.3134586 0.5800534 0.0000000 0.5924589 0.3332189 0.2899591 0.3795493 0.5608330 0.6088381 0.4440123 
D          0.4169563 0.6076179 0.5924589 0.0000000 0.4535668 0.3780225 0.4592324 0.5848792 0.6996321 0.5105795 
E          0.1503180 0.4185022 0.3332189 0.4535668 0.0000000 0.1361975 0.2370588 0.4041768 0.4693591 0.2854016 
F          0.1055867 0.3689978 0.2899591 0.3780225 0.1361975 0.0000000 0.2007209 0.3266314 0.4474617 0.2271177 
G          0.2071832 0.4662610 0.3795493 0.4592324 0.2370588 0.2007209 0.0000000 0.4226978 0.5091282 0.3284951 
H          0.3851756 0.6611588 0.5608330 0.5848792 0.4041768 0.3266314 0.4226978 0.0000000 0.7145177 0.5155640 
I          0.4504000 0.6743557 0.6088381 0.6996321 0.4693591 0.4474617 0.5091282 0.7145177 0.0000000 0.5139126 
J          0.2598326 0.5375334 0.4440123 0.5105795 0.2854016 0.2271177 0.3284951 0.5155640 0.5139126 0.0000000 
