10
A          0.0000000 0.4220555 0.4171261 0.4817359 0.1846398 0.1283306 0.2207853 0.3781116 0.4279382 0.3169112 
B          0.4220555 0.0000000 0.6936035 0.7562243 0.4735292 0.4031126 0.5842295 0.6217613 0.7512652 0.5449193 
C          0.4171261 0.6936035 0.0000000 0.7198629 0.5022696 0.3961009 0.5557252 0.6723861 0.8144729 0.6056719 
D          0.4817359 0.7562243 0.7198629 0.0000000 0.5446894 0.5000574 0.5888629 0.6575976 0.7928433 0.6952338 
E          0.1846398 0.4735292 0.5022696 0.5446894 0.0000000 0.1910944 0.3033911 0.4688036 0.4893152 0.3291914 
F          0.1283306 0.4031126 0.3961009 0.5000574 0.1910944 0.0000000 0.2521334 0.3886276 0.4539249 0.3107796 
G          0.2207853 0.5842295 0.5557252 0.5888629 0.3033911 0.2521334 0.0000000 0.5224227 0.5905517 0.4320974 
H          0.3781116 0.6217613 0.6723861 0.6575976 0.4688036 0.3886276 0.5224227 0.0000000 0.7441881 0.5548700 
I          0.4279382 0.7512652 0.8144729 0.7928433 0.4893152 0.4539249 0.5905517 0.7441881 0.0000000 0.5543439 
J          0.3169112 0.5449193 0.6056719 0.6952338 0.3291914 0.3107796 0.4320974 0.5548700 0.5543439 0.0000000 
