10
A          0.0000000 0.7672197 0.4798362 0.5362350 0.8420389 0.8671173 0.5678811 0.6611203 0.7267306 0.4909259 
B          0.7672197 0.0000000 0.5367259 0.5712769 0.8123290 0.7666845 0.5819544 0.5481728 0.7289931 0.4925841 
C          0.4798362 0.5367259 0.0000000 0.2552215 0.5072881 0.4978342 0.2482705 0.2769075 0.3897601 0.1816340 
D          0.5362350 0.5712769 0.2552215 0.0000000 0.5088972 0.5660242 0.3024642 0.3383505 0.4873907 0.2515776 
E          0.8420389 0.8123290 0.5072881 0.5088972 0.0000000 0.7810195 0.5677257 0.5875543 0.7075033 0.5050759 
F          0.8671173 0.7666845 0.4978342 0.5660242 0.7810195 0.0000000 0.5846833 0.6071407 0.6351799 0.4547820 
G          0.5678811 0.5819544 0.2482705 0.3024642 0.5677257 0.5846833 0.0000000 0.3490281 0.5057529 0.2677538 
H          0.6611203 0.5481728 0.2769075 0.3383505 0.5875543 0.6071407 0.3490281 0.0000000 0.5336130 0.2746719 
I          0.7267306 0.7289931 0.3897601 0.4873907 0.7075033 0.6351799 0.5057529 0.5336130 0.0000000 0.3847593 
J          0.4909259 0.4925841 0.1816340 0.2515776 0.5050759 0.4547820 0.2677538 0.2746719 0.3847593 0.0000000 
