10
A          0.0000000 0.6453823 0.4098107 0.4846932 0.8626517 0.8445643 0.4992494 0.5402732 0.6242647 0.4782076 
B          0.6453823 0.0000000 0.3800634 0.5409573 0.7792248 0.6944088 0.5028793 0.4074772 0.5907027 0.4124207 
C          0.4098107 0.3800634 0.0000000 0.2532717 0.5220328 0.5022636 0.2307482 0.2324147 0.3861722 0.1922578 
D          0.4846932 0.5409573 0.2532717 0.0000000 0.6782346 0.6119249 0.2846374 0.3638733 0.5416934 0.3248447 
E          0.8626517 0.7792248 0.5220328 0.6782346 0.0000000 0.7635117 0.6666379 0.6457508 0.7971993 0.5009841 
F          0.8445643 0.6944088 0.5022636 0.6119249 0.7635117 0.0000000 0.6182839 0.6256337 0.7857955 0.5440261 
G          0.4992494 0.5028793 0.2307482 0.2846374 0.6666379 0.6182839 0.0000000 0.3756670 0.4763066 0.2834432 
H          0.5402732 0.4074772 0.2324147 0.3638733 0.6457508 0.6256337 0.3756670 0.0000000 0.5409176 0.2767155 
I          0.6242647 0.5907027 0.3861722 0.5416934 0.7971993 0.7857955 0.4763066 0.5409176 0.0000000 0.3226774 
J          0.4782076 0.4124207 0.1922578 0.3248447 0.5009841 0.5440261 0.2834432 0.2767155 0.3226774 0.0000000 
