10
A          0.0000000 0.7966841 0.4142553 0.5167294 0.7936590 0.9116921 0.4954519 0.5913169 0.6328099 0.4560787 
B          0.7966841 0.0000000 0.4728445 0.5207500 0.9249693 0.9791419 0.5900217 0.5903646 0.7056844 0.5025526 
C          0.4142553 0.4728445 0.0000000 0.2037514 0.5263776 0.5840372 0.2085012 0.2510734 0.3605625 0.1351431 
D          0.5167294 0.5207500 0.2037514 0.0000000 0.5705245 0.6481434 0.2755342 0.3163629 0.4118024 0.2158815 
E          0.7936590 0.9249693 0.5263776 0.5705245 0.0000000 1.0761345 0.5867042 0.6238501 0.8453873 0.5516053 
F          0.9116921 0.9791419 0.5840372 0.6481434 1.0761345 0.0000000 0.6138304 0.7326185 0.7786653 0.5619681 
G          0.4954519 0.5900217 0.2085012 0.2755342 0.5867042 0.6138304 0.0000000 0.3182232 0.4468048 0.2162728 
H          0.5913169 0.5903646 0.2510734 0.3163629 0.6238501 0.7326185 0.3182232 0.0000000 0.4899870 0.2670641 
I          0.6328099 0.7056844 0.3605625 0.4118024 0.8453873 0.7786653 0.4468048 0.4899870 0.0000000 0.3806787 
J          0.4560787 0.5025526 0.1351431 0.2158815 0.5516053 0.5619681 0.2162728 0.2670641 0.3806787 0.0000000 
