10
A          0.0000000 0.7814319 0.4585609 0.5330812 0.8423373 0.7773963 0.4770926 0.5881405 0.6327205 0.4669097 
B          0.7814319 0.0000000 0.4561908 0.5118634 0.8984395 0.8328123 0.5204580 0.4980942 0.7307920 0.4808905 
C          0.4585609 0.4561908 0.0000000 0.2371846 0.6062169 0.5500698 0.2239523 0.2468585 0.4018904 0.1790665 
D          0.5330812 0.5118634 0.2371846 0.0000000 0.6514332 0.5736836 0.3198773 0.3226498 0.4506668 0.2680814 
E          0.8423373 0.8984395 0.6062169 0.6514332 0.0000000 0.8877479 0.6400428 0.6731794 0.7632771 0.6102384 
F          0.7773963 0.8328123 0.5500698 0.5736836 0.8877479 0.0000000 0.5717374 0.5930274 0.6978353 0.5348953 
G          0.4770926 0.5204580 0.2239523 0.3198773 0.6400428 0.5717374 0.0000000 0.3392183 0.4398345 0.2716451 
H          0.5881405 0.4980942 0.2468585 0.3226498 0.6731794 0.5930274 0.3392183 0.0000000 0.4605228 0.2857028 
I          0.6327205 0.7307920 0.4018904 0.4506668 0.7632771 0.6978353 0.4398345 0.4605228 0.0000000 0.4155302 
J          0.4669097 0.4808905 0.1790665 0.2680814 0.6102384 0.5348953 0.2716451 0.2857028 0.4155302 0.0000000 
