10
A          0.0000000 0.6401760 0.4052255 0.4925610 0.6960073 0.8050067 0.5352093 0.5000744 0.6006983 0.4402616 
B          0.6401760 0.0000000 0.3783612 0.4947731 0.6696020 0.7880445 0.4757477 0.4381620 0.5656767 0.3958977 
C          0.4052255 0.3783612 0.0000000 0.2020224 0.4679508 0.5208334 0.2363448 0.2216660 0.3100810 0.1571072 
D          0.4925610 0.4947731 0.2020224 0.0000000 0.5967376 0.6535790 0.2903799 0.3102433 0.3880068 0.2312574 
E          0.6960073 0.6696020 0.4679508 0.5967376 0.0000000 0.7539517 0.5814264 0.5092978 0.5818677 0.4386065 
F          0.8050067 0.7880445 0.5208334 0.6535790 0.7539517 0.0000000 0.6002724 0.5871797 0.6370586 0.4903004 
G          0.5352093 0.4757477 0.2363448 0.2903799 0.5814264 0.6002724 0.0000000 0.3124312 0.3858108 0.2218066 
H          0.5000744 0.4381620 0.2216660 0.3102433 0.5092978 0.5871797 0.3124312 0.0000000 0.3730111 0.2305881 
I          0.6006983 0.5656767 0.3100810 0.3880068 0.5818677 0.6370586 0.3858108 0.3730111 0.0000000 0.2561470 
J          0.4402616 0.3958977 0.1571072 0.2312574 0.4386065 0.4903004 0.2218066 0.2305881 0.2561470 0.0000000 
