10
A          0.0000000 0.8033489 0.4808289 0.5486781 0.9733257 0.9896605 0.4745232 0.6544155 0.7889090 0.6159239 
B          0.8033489 0.0000000 0.5479248 0.6832905 0.8131051 0.9520600 0.5847956 0.5000724 0.6893538 0.5321390 
C          0.4808289 0.5479248 0.0000000 0.2810342 0.5816542 0.6897254 0.2178703 0.2730868 0.4572844 0.2717417 
D          0.5486781 0.6832905 0.2810342 0.0000000 0.6795448 0.7325441 0.2325861 0.4355578 0.6148322 0.3919896 
E          0.9733257 0.8131051 0.5816542 0.6795448 0.0000000 0.8035042 0.6698903 0.6005083 0.7177443 0.5317647 
F          0.9896605 0.9520600 0.6897254 0.7325441 0.8035042 0.0000000 0.6891493 0.7341514 0.8217143 0.6421475 
G          0.4745232 0.5847956 0.2178703 0.2325861 0.6698903 0.6891493 0.0000000 0.3610525 0.5273442 0.3479783 
H          0.6544155 0.5000724 0.2730868 0.4355578 0.6005083 0.7341514 0.3610525 0.0000000 0.5174184 0.3240434 
I          0.7889090 0.6893538 0.4572844 0.6148322 0.7177443 0.8217143 0.5273442 0.5174184 0.0000000 0.3238483 
J          0.6159239 0.5321390 0.2717417 0.3919896 0.5317647 0.6421475 0.3479783 0.3240434 0.3238483 0.0000000 
