10
A          0.0000000 0.6878713 0.4053228 0.4765676 0.7728010 0.6314306 0.4295433 0.4938077 0.5363005 0.3930256 
B          0.6878713 0.0000000 0.4990066 0.5626055 0.9085494 0.7575734 0.4994587 0.5023896 0.6801243 0.4540746 
C          0.4053228 0.4990066 0.0000000 0.2782500 0.5889915 0.4524174 0.2261986 0.2907964 0.4061332 0.1873999 
D          0.4765676 0.5626055 0.2782500 0.0000000 0.6421867 0.5553772 0.3255087 0.3436921 0.5290553 0.2833367 
E          0.7728010 0.9085494 0.5889915 0.6421867 0.0000000 0.8211484 0.5559704 0.6098000 0.7178443 0.4719871 
F          0.6314306 0.7575734 0.4524174 0.5553772 0.8211484 0.0000000 0.5442486 0.5093220 0.7094262 0.4973602 
G          0.4295433 0.4994587 0.2261986 0.3255087 0.5559704 0.5442486 0.0000000 0.3203798 0.4153456 0.2549601 
H          0.4938077 0.5023896 0.2907964 0.3436921 0.6098000 0.5093220 0.3203798 0.0000000 0.4439479 0.2642433 
I          0.5363005 0.6801243 0.4061332 0.5290553 0.7178443 0.7094262 0.4153456 0.4439479 0.0000000 0.3641499 
J          0.3930256 0.4540746 0.1873999 0.2833367 0.4719871 0.4973602 0.2549601 0.2642433 0.3641499 0.0000000 
