10
A          0.0000000 0.7810483 0.5046187 0.5639667 0.8786686 0.8237977 0.5202844 0.6216027 0.7148806 0.4979644 
B          0.7810483 0.0000000 0.4155528 0.5579548 0.8162510 0.7948247 0.4886988 0.6252592 0.6318100 0.4373059 
C          0.5046187 0.4155528 0.0000000 0.2323903 0.5425192 0.5655937 0.1843117 0.2699382 0.3597599 0.1527921 
D          0.5639667 0.5579548 0.2323903 0.0000000 0.6602980 0.6431737 0.2982036 0.3708809 0.4588660 0.2800670 
E          0.8786686 0.8162510 0.5425192 0.6602980 0.0000000 0.9540384 0.6199889 0.7156491 0.7560432 0.5287502 
F          0.8237977 0.7948247 0.5655937 0.6431737 0.9540384 0.0000000 0.6031913 0.7388229 0.7307461 0.5675414 
G          0.5202844 0.4886988 0.1843117 0.2982036 0.6199889 0.6031913 0.0000000 0.3072350 0.4194396 0.2125791 
H          0.6216027 0.6252592 0.2699382 0.3708809 0.7156491 0.7388229 0.3072350 0.0000000 0.5434059 0.3220771 
I          0.7148806 0.6318100 0.3597599 0.4588660 0.7560432 0.7307461 0.4194396 0.5434059 0.0000000 0.3897782 
J          0.4979644 0.4373059 0.1527921 0.2800670 0.5287502 0.5675414 0.2125791 0.3220771 0.3897782 0.0000000 
