10
A          0.0000000 0.7248017 0.4468791 0.5643566 0.7746008 0.7974008 0.4507040 0.5252934 0.5374443 0.4067204 
B          0.7248017 0.0000000 0.5026455 0.6444507 0.9589693 0.7565277 0.4637124 0.6048205 0.5863320 0.4832350 
C          0.4468791 0.5026455 0.0000000 0.2695830 0.4615485 0.4886359 0.2310328 0.2662470 0.2990781 0.1430730 
D          0.5643566 0.6444507 0.2695830 0.0000000 0.5760344 0.5903599 0.3122725 0.3681291 0.4309657 0.2793418 
E          0.7746008 0.9589693 0.4615485 0.5760344 0.0000000 0.8166572 0.5030060 0.5550571 0.6057948 0.4695427 
F          0.7974008 0.7565277 0.4886359 0.5903599 0.8166572 0.0000000 0.4926717 0.5880885 0.6015658 0.4975769 
G          0.4507040 0.4637124 0.2310328 0.3122725 0.5030060 0.4926717 0.0000000 0.3224143 0.3472924 0.2151509 
H          0.5252934 0.6048205 0.2662470 0.3681291 0.5550571 0.5880885 0.3224143 0.0000000 0.4235736 0.2564937 
I          0.5374443 0.5863320 0.2990781 0.4309657 0.6057948 0.6015658 0.3472924 0.4235736 0.0000000 0.3230229 
J          0.4067204 0.4832350 0.1430730 0.2793418 0.4695427 0.4975769 0.2151509 0.2564937 0.3230229 0.0000000 
