10
A          0.0000000 0.7756395 0.4428286 0.5153245 0.8982110 0.8469516 0.4658349 0.6533425 0.6814160 0.4651264 
B          0.7756395 0.0000000 0.4886625 0.5619932 0.8567961 0.8689198 0.5092962 0.5943812 0.6552616 0.4762820 
C          0.4428286 0.4886625 0.0000000 0.2505172 0.5904989 0.5572348 0.2358862 0.3037343 0.4142291 0.1695459 
D          0.5153245 0.5619932 0.2505172 0.0000000 0.6614237 0.6518775 0.3208399 0.3822593 0.4640534 0.2506029 
E          0.8982110 0.8567961 0.5904989 0.6614237 0.0000000 0.8708086 0.6254915 0.6806982 0.8205141 0.5037157 
F          0.8469516 0.8689198 0.5572348 0.6518775 0.8708086 0.0000000 0.6082599 0.5763809 0.7278462 0.4789792 
G          0.4658349 0.5092962 0.2358862 0.3208399 0.6254915 0.6082599 0.0000000 0.3715219 0.4728256 0.2316325 
H          0.6533425 0.5943812 0.3037343 0.3822593 0.6806982 0.5763809 0.3715219 0.0000000 0.5420188 0.3074478 
I          0.6814160 0.6552616 0.4142291 0.4640534 0.8205141 0.7278462 0.4728256 0.5420188 0.0000000 0.3649361 
J          0.4651264 0.4762820 0.1695459 0.2506029 0.5037157 0.4789792 0.2316325 0.3074478 0.3649361 0.0000000 
