10
A          0.0000000 0.6425607 0.6254605 0.4855330 0.6502392 0.4590225 0.8516662 0.9570489 0.5668125 0.5403809 
B          0.6425607 0.0000000 0.5638862 0.3563247 0.5422355 0.3504201 0.7758259 0.8011765 0.5695535 0.4590657 
C          0.6254605 0.5638862 0.0000000 0.4436443 0.5958224 0.3716384 0.8335556 0.9417105 0.5810246 0.5116350 
D          0.4855330 0.3563247 0.4436443 0.0000000 0.4660311 0.2358329 0.6119063 0.7871710 0.4033439 0.3255538 
E          0.6502392 0.5422355 0.5958224 0.4660311 0.0000000 0.4124137 0.8712824 0.8806800 0.6463825 0.5495747 
F          0.4590225 0.3504201 0.3716384 0.2358329 0.4124137 0.0000000 0.5902252 0.7024248 0.3469815 0.2842262 
G          0.8516662 0.7758259 0.8335556 0.6119063 0.8712824 0.5902252 0.0000000 1.0976553 0.7961165 0.7040978 
H          0.9570489 0.8011765 0.9417105 0.7871710 0.8806800 0.7024248 1.0976553 0.0000000 0.8042340 0.7788499 
I          0.5668125 0.5695535 0.5810246 0.4033439 0.6463825 0.3469815 0.7961165 0.8042340 0.0000000 0.5115518 
J          0.5403809 0.4590657 0.5116350 0.3255538 0.5495747 0.2842262 0.7040978 0.7788499 0.5115518 0.0000000 
