10
A          0.0000000 0.7435533 0.6204994 0.4511010 0.6993318 0.4398196 0.9057346 0.8558011 0.7007137 0.4922020 
B          0.7435533 0.0000000 0.5565353 0.3899941 0.6736092 0.3374263 0.8241871 0.8176113 0.5894124 0.4560398 
C          0.6204994 0.5565353 0.0000000 0.3725499 0.5707666 0.3043433 0.8820941 0.7723699 0.5413093 0.4376318 
D          0.4511010 0.3899941 0.3725499 0.0000000 0.4225392 0.1808305 0.6938518 0.6613989 0.3983831 0.2476580 
E          0.6993318 0.6736092 0.5707666 0.4225392 0.0000000 0.4089033 0.9079635 0.9154544 0.6032585 0.4794685 
F          0.4398196 0.3374263 0.3043433 0.1808305 0.4089033 0.0000000 0.6419029 0.5976969 0.3701210 0.2183878 
G          0.9057346 0.8241871 0.8820941 0.6938518 0.9079635 0.6419029 0.0000000 1.1169537 0.9396397 0.7667101 
H          0.8558011 0.8176113 0.7723699 0.6613989 0.9154544 0.5976969 1.1169537 0.0000000 0.8956078 0.6847635 
I          0.7007137 0.5894124 0.5413093 0.3983831 0.6032585 0.3701210 0.9396397 0.8956078 0.0000000 0.4875293 
J          0.4922020 0.4560398 0.4376318 0.2476580 0.4794685 0.2183878 0.7667101 0.6847635 0.4875293 0.0000000 
