10
A          0.0000000 0.9363847 0.8655598 0.6679900 0.7930202 0.5643016 1.1673301 1.0655531 0.8319531 0.8020490 
B          0.9363847 0.0000000 0.6003805 0.3793646 0.6693245 0.3851698 0.9038944 0.7294684 0.7135740 0.6183395 
C          0.8655598 0.6003805 0.0000000 0.4602458 0.6180334 0.3721828 0.9375114 0.7223610 0.5580392 0.5430214 
D          0.6679900 0.3793646 0.4602458 0.0000000 0.5241229 0.1953102 0.7353172 0.6372830 0.4848568 0.3746368 
E          0.7930202 0.6693245 0.6180334 0.5241229 0.0000000 0.3966909 0.9735530 0.8206182 0.5751932 0.6331590 
F          0.5643016 0.3851698 0.3721828 0.1953102 0.3966909 0.0000000 0.6780911 0.5383793 0.3699364 0.2743545 
G          1.1673301 0.9038944 0.9375114 0.7353172 0.9735530 0.6780911 0.0000000 1.0956440 0.9519668 0.8552844 
H          1.0655531 0.7294684 0.7223610 0.6372830 0.8206182 0.5383793 1.0956440 0.0000000 0.7321779 0.6759124 
I          0.8319531 0.7135740 0.5580392 0.4848568 0.5751932 0.3699364 0.9519668 0.7321779 0.0000000 0.5525092 
J          0.8020490 0.6183395 0.5430214 0.3746368 0.6331590 0.2743545 0.8552844 0.6759124 0.5525092 0.0000000 
