10
A          0.0000000 0.6318008 0.4886726 0.4676928 0.4860156 0.4225750 0.6505840 0.5272970 0.5152439 0.4478647 
B          0.6318008 0.0000000 0.4141625 0.3005146 0.4624085 0.3030371 0.5541921 0.6061559 0.4085442 0.3446080 
C          0.4886726 0.4141625 0.0000000 0.3177666 0.4111130 0.2765712 0.5744110 0.5038257 0.3691299 0.3336550 
D          0.4676928 0.3005146 0.3177666 0.0000000 0.3557497 0.1457576 0.4164188 0.4814038 0.2884879 0.2191082 
E          0.4860156 0.4624085 0.4111130 0.3557497 0.0000000 0.3301284 0.6068665 0.5546065 0.4354937 0.3827036 
F          0.4225750 0.3030371 0.2765712 0.1457576 0.3301284 0.0000000 0.3764102 0.4224152 0.2523369 0.1574485 
G          0.6505840 0.5541921 0.5744110 0.4164188 0.6068665 0.3764102 0.0000000 0.6361151 0.5036618 0.4303044 
H          0.5272970 0.6061559 0.5038257 0.4814038 0.5546065 0.4224152 0.6361151 0.0000000 0.5482930 0.4436948 
I          0.5152439 0.4085442 0.3691299 0.2884879 0.4354937 0.2523369 0.5036618 0.5482930 0.0000000 0.3227570 
J          0.4478647 0.3446080 0.3336550 0.2191082 0.3827036 0.1574485 0.4303044 0.4436948 0.3227570 0.0000000 
