10
A          0.0000000 0.6188250 0.5419333 0.4887469 0.6585598 0.4525195 0.8936378 0.9249228 0.6214033 0.6204174 
B          0.6188250 0.0000000 0.4314848 0.3601585 0.6098844 0.3350868 0.6432562 0.7068573 0.5206828 0.4506806 
C          0.5419333 0.4314848 0.0000000 0.3193036 0.4398739 0.2891548 0.6399996 0.7050100 0.4226681 0.3700858 
D          0.4887469 0.3601585 0.3193036 0.0000000 0.4120185 0.1650204 0.5435090 0.6036961 0.3855430 0.3134311 
E          0.6585598 0.6098844 0.4398739 0.4120185 0.0000000 0.3683731 0.7882181 0.7351440 0.5500985 0.4900058 
F          0.4525195 0.3350868 0.2891548 0.1650204 0.3683731 0.0000000 0.5434547 0.5470794 0.3359255 0.2777757 
G          0.8936378 0.6432562 0.6399996 0.5435090 0.7882181 0.5434547 0.0000000 0.8957139 0.7067162 0.6425468 
H          0.9249228 0.7068573 0.7050100 0.6036961 0.7351440 0.5470794 0.8957139 0.0000000 0.6284189 0.6714503 
I          0.6214033 0.5206828 0.4226681 0.3855430 0.5500985 0.3359255 0.7067162 0.6284189 0.0000000 0.4187460 
J          0.6204174 0.4506806 0.3700858 0.3134311 0.4900058 0.2777757 0.6425468 0.6714503 0.4187460 0.0000000 
