10
A          0.0000000 0.8435452 0.7941336 0.6963603 0.8434750 0.7255182 1.0478657 0.9153908 0.7984026 0.7850814 
B          0.8435452 0.0000000 0.7130340 0.3994669 0.7893915 0.4554854 0.9745322 1.0119941 0.5996646 0.5395623 
C          0.7941336 0.7130340 0.0000000 0.5351179 0.6520732 0.4548057 0.9307712 0.9539747 0.5567940 0.6312451 
D          0.6963603 0.3994669 0.5351179 0.0000000 0.5853132 0.2747872 0.6914213 0.7891342 0.4555681 0.3626954 
E          0.8434750 0.7893915 0.6520732 0.5853132 0.0000000 0.5734571 0.9434911 0.9980290 0.6476260 0.6971022 
F          0.7255182 0.4554854 0.4548057 0.2747872 0.5734571 0.0000000 0.6635883 0.8363327 0.4382528 0.2856890 
G          1.0478657 0.9745322 0.9307712 0.6914213 0.9434911 0.6635883 0.0000000 1.3595744 0.8968976 0.7760691 
H          0.9153908 1.0119941 0.9539747 0.7891342 0.9980290 0.8363327 1.3595744 0.0000000 0.9634444 0.9535654 
I          0.7984026 0.5996646 0.5567940 0.4555681 0.6476260 0.4382528 0.8968976 0.9634444 0.0000000 0.5268989 
J          0.7850814 0.5395623 0.6312451 0.3626954 0.6971022 0.2856890 0.7760691 0.9535654 0.5268989 0.0000000 
