10
A          0.0000000 0.5831691 0.6526282 0.4691752 0.5946656 0.4418610 0.9004519 0.8836748 0.6112886 0.5130803 
B          0.5831691 0.0000000 0.5487606 0.3778270 0.5333685 0.3156251 0.7064785 0.7870705 0.5190452 0.4060478 
C          0.6526282 0.5487606 0.0000000 0.3838058 0.4989751 0.3209650 0.7118967 0.7478261 0.5230591 0.4046423 
D          0.4691752 0.3778270 0.3838058 0.0000000 0.4068819 0.1923635 0.5097985 0.6047815 0.3675737 0.2926387 
E          0.5946656 0.5333685 0.4989751 0.4068819 0.0000000 0.3467805 0.6746112 0.7635005 0.4825377 0.4495892 
F          0.4418610 0.3156251 0.3209650 0.1923635 0.3467805 0.0000000 0.5175865 0.5079021 0.3268086 0.2651393 
G          0.9004519 0.7064785 0.7118967 0.5097985 0.6746112 0.5175865 0.0000000 0.8305500 0.6971215 0.6027872 
H          0.8836748 0.7870705 0.7478261 0.6047815 0.7635005 0.5079021 0.8305500 0.0000000 0.7511736 0.6417937 
I          0.6112886 0.5190452 0.5230591 0.3675737 0.4825377 0.3268086 0.6971215 0.7511736 0.0000000 0.4190738 
J          0.5130803 0.4060478 0.4046423 0.2926387 0.4495892 0.2651393 0.6027872 0.6417937 0.4190738 0.0000000 
