10
A          0.0000000 0.6289849 0.5221425 0.4142772 0.5520676 0.3898144 0.7842483 0.6719215 0.5265049 0.4567344 
B          0.6289849 0.0000000 0.4639371 0.3445650 0.5336986 0.3258371 0.6645959 0.6797294 0.4989360 0.3910687 
C          0.5221425 0.4639371 0.0000000 0.2780146 0.4347230 0.2660893 0.5696751 0.5978496 0.3964968 0.3210805 
D          0.4142772 0.3445650 0.2780146 0.0000000 0.3459195 0.1537533 0.4618134 0.4970587 0.3042981 0.2259820 
E          0.5520676 0.5336986 0.4347230 0.3459195 0.0000000 0.3089157 0.6589209 0.5753049 0.4559367 0.3787247 
F          0.3898144 0.3258371 0.2660893 0.1537533 0.3089157 0.0000000 0.4467945 0.4678797 0.2827362 0.2003781 
G          0.7842483 0.6645959 0.5696751 0.4618134 0.6589209 0.4467945 0.0000000 0.7958855 0.6132282 0.5515077 
H          0.6719215 0.6797294 0.5978496 0.4970587 0.5753049 0.4678797 0.7958855 0.0000000 0.5870855 0.5491464 
I          0.5265049 0.4989360 0.3964968 0.3042981 0.4559367 0.2827362 0.6132282 0.5870855 0.0000000 0.3571162 
J          0.4567344 0.3910687 0.3210805 0.2259820 0.3787247 0.2003781 0.5515077 0.5491464 0.3571162 0.0000000 
