10
A          0.0000000 0.6359239 0.6139649 0.4485508 0.6397719 0.3946542 0.8408813 0.7287403 0.5743762 0.5668272 
B          0.6359239 0.0000000 0.4599645 0.3702854 0.5856994 0.3268320 0.6984125 0.6479519 0.5178661 0.4494164 
C          0.6139649 0.4599645 0.0000000 0.3475973 0.4999271 0.2656523 0.6280999 0.6216093 0.4565892 0.3736322 
D          0.4485508 0.3702854 0.3475973 0.0000000 0.4118358 0.1730282 0.6395343 0.5769452 0.3916412 0.3229781 
E          0.6397719 0.5856994 0.4999271 0.4118358 0.0000000 0.3446170 0.7374457 0.7001300 0.5258770 0.4808258 
F          0.3946542 0.3268320 0.2656523 0.1730282 0.3446170 0.0000000 0.4742911 0.4673240 0.2711132 0.2456707 
G          0.8408813 0.6984125 0.6280999 0.6395343 0.7374457 0.4742911 0.0000000 0.8474535 0.5888654 0.6484524 
H          0.7287403 0.6479519 0.6216093 0.5769452 0.7001300 0.4673240 0.8474535 0.0000000 0.6939963 0.6291841 
I          0.5743762 0.5178661 0.4565892 0.3916412 0.5258770 0.2711132 0.5888654 0.6939963 0.0000000 0.4255725 
J          0.5668272 0.4494164 0.3736322 0.3229781 0.4808258 0.2456707 0.6484524 0.6291841 0.4255725 0.0000000 
