10
A          0.0000000 0.5732906 0.5717381 0.6348396 0.3298223 0.5477603 0.2916775 0.3448879 0.3461937 0.5652775 
B          0.5732906 0.0000000 0.7903338 0.9374797 0.5699359 0.8228930 0.5176273 0.6371033 0.5800775 0.8912735 
C          0.5717381 0.7903338 0.0000000 0.9413218 0.5532739 0.8349441 0.5019525 0.6010030 0.5667285 0.8350520 
D          0.6348396 0.9374797 0.9413218 0.0000000 0.6180522 0.9125130 0.5803239 0.6706565 0.7270175 0.8453569 
E          0.3298223 0.5699359 0.5532739 0.6180522 0.0000000 0.5415307 0.2491380 0.2993690 0.3401215 0.6264918 
F          0.5477603 0.8228930 0.8349441 0.9125130 0.5415307 0.0000000 0.5439544 0.5328061 0.6008612 0.7891547 
G          0.2916775 0.5176273 0.5019525 0.5803239 0.2491380 0.5439544 0.0000000 0.2490923 0.2953793 0.5161702 
H          0.3448879 0.6371033 0.6010030 0.6706565 0.2993690 0.5328061 0.2490923 0.0000000 0.3286300 0.5592110 
I          0.3461937 0.5800775 0.5667285 0.7270175 0.3401215 0.6008612 0.2953793 0.3286300 0.0000000 0.5400311 
J          0.5652775 0.8912735 0.8350520 0.8453569 0.6264918 0.7891547 0.5161702 0.5592110 0.5400311 0.0000000 
