10
A          0.0000000 0.5485423 0.4833768 0.6368201 0.3099446 0.5352411 0.2981555 0.3613014 0.3399691 0.5238818 
B          0.5485423 0.0000000 0.6177783 0.7420997 0.4637623 0.7369412 0.4175714 0.4991144 0.5232310 0.6654057 
C          0.4833768 0.6177783 0.0000000 0.7218248 0.4539567 0.6779980 0.4352151 0.5259603 0.5062701 0.6705113 
D          0.6368201 0.7420997 0.7218248 0.0000000 0.5149473 0.7433305 0.4697108 0.5522866 0.5867527 0.7596827 
E          0.3099446 0.4637623 0.4539567 0.5149473 0.0000000 0.4775230 0.2142183 0.2899488 0.2721777 0.3921715 
F          0.5352411 0.7369412 0.6779980 0.7433305 0.4775230 0.0000000 0.4421432 0.5456519 0.5492306 0.6801971 
G          0.2981555 0.4175714 0.4352151 0.4697108 0.2142183 0.4421432 0.0000000 0.2571150 0.2462969 0.3858292 
H          0.3613014 0.4991144 0.5259603 0.5522866 0.2899488 0.5456519 0.2571150 0.0000000 0.3248494 0.5184716 
I          0.3399691 0.5232310 0.5062701 0.5867527 0.2721777 0.5492306 0.2462969 0.3248494 0.0000000 0.4701252 
J          0.5238818 0.6654057 0.6705113 0.7596827 0.3921715 0.6801971 0.3858292 0.5184716 0.4701252 0.0000000 
