10
A          0.0000000 0.5449386 0.5146944 0.6083398 0.3566675 0.5354764 0.2633965 0.3589549 0.3566289 0.5752741 
B          0.5449386 0.0000000 0.7284008 0.9169923 0.4994436 0.7158587 0.4688587 0.5406663 0.5534116 0.7187501 
C          0.5146944 0.7284008 0.0000000 0.8487795 0.5236311 0.7149295 0.4124867 0.5624823 0.5847328 0.6316493 
D          0.6083398 0.9169923 0.8487795 0.0000000 0.6272755 0.7871318 0.4969838 0.6178953 0.6889921 0.8238557 
E          0.3566675 0.4994436 0.5236311 0.6272755 0.0000000 0.5418306 0.2619441 0.3535394 0.3306509 0.5175491 
F          0.5354764 0.7158587 0.7149295 0.7871318 0.5418306 0.0000000 0.4229549 0.5416709 0.5647469 0.7775632 
G          0.2633965 0.4688587 0.4124867 0.4969838 0.2619441 0.4229549 0.0000000 0.2579277 0.2685455 0.4658815 
H          0.3589549 0.5406663 0.5624823 0.6178953 0.3535394 0.5416709 0.2579277 0.0000000 0.3251778 0.5315509 
I          0.3566289 0.5534116 0.5847328 0.6889921 0.3306509 0.5647469 0.2685455 0.3251778 0.0000000 0.5955909 
J          0.5752741 0.7187501 0.6316493 0.8238557 0.5175491 0.7775632 0.4658815 0.5315509 0.5955909 0.0000000 
