10
A          0.0000000 0.4823556 0.6037926 0.6355748 0.3412625 0.5036989 0.2978984 0.3701676 0.4110841 0.5627987 
B          0.4823556 0.0000000 0.6731866 0.8058706 0.4551910 0.7021096 0.4059609 0.4898359 0.5392090 0.6244648 
C          0.6037926 0.6731866 0.0000000 0.9067961 0.5741672 0.7662808 0.4894583 0.5417332 0.5520036 0.6605966 
D          0.6355748 0.8058706 0.9067961 0.0000000 0.6285812 0.8380329 0.5274609 0.5579080 0.6712878 0.8814162 
E          0.3412625 0.4551910 0.5741672 0.6285812 0.0000000 0.4862745 0.2275731 0.2805093 0.3028088 0.5587202 
F          0.5036989 0.7021096 0.7662808 0.8380329 0.4862745 0.0000000 0.4330479 0.5104157 0.5424038 0.6937871 
G          0.2978984 0.4059609 0.4894583 0.5274609 0.2275731 0.4330479 0.0000000 0.2424327 0.2525696 0.4474064 
H          0.3701676 0.4898359 0.5417332 0.5579080 0.2805093 0.5104157 0.2424327 0.0000000 0.3490032 0.5219432 
I          0.4110841 0.5392090 0.5520036 0.6712878 0.3028088 0.5424038 0.2525696 0.3490032 0.0000000 0.5327571 
J          0.5627987 0.6244648 0.6605966 0.8814162 0.5587202 0.6937871 0.4474064 0.5219432 0.5327571 0.0000000 
