10
A          0.0000000 0.5736516 0.6819972 0.6462410 0.3799953 0.5812099 0.3654686 0.3676577 0.3723899 0.6111907 
B          0.5736516 0.0000000 0.7091149 0.7375824 0.4814459 0.6965537 0.4501343 0.5115260 0.4507485 0.7414666 
C          0.6819972 0.7091149 0.0000000 0.7383154 0.5511144 0.6727220 0.5308997 0.5373836 0.5377402 0.8003938 
D          0.6462410 0.7375824 0.7383154 0.0000000 0.5136606 0.7180683 0.4669460 0.5394869 0.5770254 0.8105352 
E          0.3799953 0.4814459 0.5511144 0.5136606 0.0000000 0.5018494 0.2682569 0.3204336 0.3280487 0.4690373 
F          0.5812099 0.6965537 0.6727220 0.7180683 0.5018494 0.0000000 0.5215376 0.5667153 0.5395346 0.7552653 
G          0.3654686 0.4501343 0.5308997 0.4669460 0.2682569 0.5215376 0.0000000 0.3056262 0.2892622 0.4813832 
H          0.3676577 0.5115260 0.5373836 0.5394869 0.3204336 0.5667153 0.3056262 0.0000000 0.3469564 0.5913964 
I          0.3723899 0.4507485 0.5377402 0.5770254 0.3280487 0.5395346 0.2892622 0.3469564 0.0000000 0.5323027 
J          0.6111907 0.7414666 0.8003938 0.8105352 0.4690373 0.7552653 0.4813832 0.5913964 0.5323027 0.0000000 
