10
A          0.0000000 0.6932723 0.6882283 0.8266997 0.4128436 0.6240540 0.4179017 0.3904407 0.4649992 0.7702136 
B          0.6932723 0.0000000 0.7917888 0.9597202 0.5225349 0.7531188 0.5518816 0.5404742 0.6007460 0.7981266 
C          0.6882283 0.7917888 0.0000000 1.0478318 0.5961512 0.7614112 0.5257072 0.5419226 0.6469246 0.7754664 
D          0.8266997 0.9597202 1.0478318 0.0000000 0.6869860 0.9283561 0.6960610 0.6150085 0.7121012 0.9419997 
E          0.4128436 0.5225349 0.5961512 0.6869860 0.0000000 0.5016051 0.2714940 0.2894089 0.3456444 0.5933765 
F          0.6240540 0.7531188 0.7614112 0.9283561 0.5016051 0.0000000 0.4482781 0.5199865 0.5359815 0.8302257 
G          0.4179017 0.5518816 0.5257072 0.6960610 0.2714940 0.4482781 0.0000000 0.2789832 0.3139080 0.5539681 
H          0.3904407 0.5404742 0.5419226 0.6150085 0.2894089 0.5199865 0.2789832 0.0000000 0.3394800 0.5551834 
I          0.4649992 0.6007460 0.6469246 0.7121012 0.3456444 0.5359815 0.3139080 0.3394800 0.0000000 0.6387861 
J          0.7702136 0.7981266 0.7754664 0.9419997 0.5933765 0.8302257 0.5539681 0.5551834 0.6387861 0.0000000 
