10
A          0.0000000 0.6674504 0.5504387 0.6170082 0.4257436 0.5881250 0.3206633 0.3923412 0.4294319 0.5656567 
B          0.6674504 0.0000000 0.7651131 0.9085479 0.6517741 0.7541744 0.5218743 0.5829246 0.5603743 0.8077959 
C          0.5504387 0.7651131 0.0000000 0.7437910 0.5650572 0.6452349 0.4208058 0.4611848 0.4652796 0.6967142 
D          0.6170082 0.9085479 0.7437910 0.0000000 0.6869427 0.7562743 0.6518679 0.6687114 0.6495290 0.8119913 
E          0.4257436 0.6517741 0.5650572 0.6869427 0.0000000 0.4239456 0.2764937 0.3322243 0.3706940 0.5595252 
F          0.5881250 0.7541744 0.6452349 0.7562743 0.4239456 0.0000000 0.3992613 0.4962438 0.5065435 0.6798290 
G          0.3206633 0.5218743 0.4208058 0.6518679 0.2764937 0.3992613 0.0000000 0.2676009 0.2627676 0.4959882 
H          0.3923412 0.5829246 0.4611848 0.6687114 0.3322243 0.4962438 0.2676009 0.0000000 0.3118674 0.4883292 
I          0.4294319 0.5603743 0.4652796 0.6495290 0.3706940 0.5065435 0.2627676 0.3118674 0.0000000 0.5245239 
J          0.5656567 0.8077959 0.6967142 0.8119913 0.5595252 0.6798290 0.4959882 0.4883292 0.5245239 0.0000000 
