10
A          0.0000000 0.6563406 0.7614178 0.5635484 0.7743696 0.8236554 0.5288337 0.9095747 0.8555142 0.9726514 
B          0.6563406 0.0000000 0.6534379 0.3691328 0.4899504 0.6779077 0.3786747 0.7034599 0.6556885 0.9009142 
C          0.7614178 0.6534379 0.0000000 0.4929863 0.7302218 0.8938595 0.6080771 0.8288094 0.8787472 0.8924348 
D          0.5635484 0.3691328 0.4929863 0.0000000 0.4738011 0.5712554 0.2973799 0.6023463 0.5528661 0.6205266 
E          0.7743696 0.4899504 0.7302218 0.4738011 0.0000000 0.8702064 0.4472095 0.7909250 0.7704447 0.9168664 
F          0.8236554 0.6779077 0.8938595 0.5712554 0.8702064 0.0000000 0.5772540 0.9170382 0.9033947 0.9543254 
G          0.5288337 0.3786747 0.6080771 0.2973799 0.4472095 0.5772540 0.0000000 0.6466962 0.6514542 0.6235611 
H          0.9095747 0.7034599 0.8288094 0.6023463 0.7909250 0.9170382 0.6466962 0.0000000 0.9405310 0.9779597 
I          0.8555142 0.6556885 0.8787472 0.5528661 0.7704447 0.9033947 0.6514542 0.9405310 0.0000000 1.0087245 
J          0.9726514 0.9009142 0.8924348 0.6205266 0.9168664 0.9543254 0.6235611 0.9779597 1.0087245 0.0000000 
