10
A          0.0000000 0.5880460 0.8063842 0.5420736 0.6441113 0.8460685 0.5261783 0.8531822 0.8501351 0.9154077 
B          0.5880460 0.0000000 0.7228411 0.3758252 0.4864806 0.6916082 0.3695334 0.8140331 0.6575265 0.7593536 
C          0.8063842 0.7228411 0.0000000 0.6942461 0.7828076 0.8791500 0.7200614 0.9189608 0.9432643 1.1838999 
D          0.5420736 0.3758252 0.6942461 0.0000000 0.4207785 0.6176009 0.2890792 0.6772773 0.6355242 0.7132238 
E          0.6441113 0.4864806 0.7828076 0.4207785 0.0000000 0.6691417 0.4783540 0.8186891 0.7573437 0.8419711 
F          0.8460685 0.6916082 0.8791500 0.6176009 0.6691417 0.0000000 0.6487563 0.9004022 1.0486784 0.9576151 
G          0.5261783 0.3695334 0.7200614 0.2890792 0.4783540 0.6487563 0.0000000 0.6288242 0.6334805 0.6970760 
H          0.8531822 0.8140331 0.9189608 0.6772773 0.8186891 0.9004022 0.6288242 0.0000000 0.9104125 1.1418784 
I          0.8501351 0.6575265 0.9432643 0.6355242 0.7573437 1.0486784 0.6334805 0.9104125 0.0000000 1.1060612 
J          0.9154077 0.7593536 1.1838999 0.7132238 0.8419711 0.9576151 0.6970760 1.1418784 1.1060612 0.0000000 
