10
A          0.0000000 0.6708236 0.7266047 0.5485386 0.6892991 0.7497984 0.5556145 0.9632742 0.7758028 0.7792186 
B          0.6708236 0.0000000 0.5401306 0.3064776 0.4199847 0.5036111 0.3331354 0.5987035 0.5774976 0.6501697 
C          0.7266047 0.5401306 0.0000000 0.4414195 0.6213282 0.6481496 0.4651058 0.6861981 0.6789136 0.8233949 
D          0.5485386 0.3064776 0.4414195 0.0000000 0.3801261 0.4543466 0.2305498 0.5602560 0.4746257 0.5514538 
E          0.6892991 0.4199847 0.6213282 0.3801261 0.0000000 0.5901807 0.4012826 0.7226457 0.6160994 0.7582761 
F          0.7497984 0.5036111 0.6481496 0.4543466 0.5901807 0.0000000 0.4725461 0.7643779 0.6211884 0.7980104 
G          0.5556145 0.3331354 0.4651058 0.2305498 0.4012826 0.4725461 0.0000000 0.5848647 0.4470872 0.6081016 
H          0.9632742 0.5987035 0.6861981 0.5602560 0.7226457 0.7643779 0.5848647 0.0000000 0.8653750 0.8766813 
I          0.7758028 0.5774976 0.6789136 0.4746257 0.6160994 0.6211884 0.4470872 0.8653750 0.0000000 0.8212178 
J          0.7792186 0.6501697 0.8233949 0.5514538 0.7582761 0.7980104 0.6081016 0.8766813 0.8212178 0.0000000 
