10
A          0.0000000 0.8238967 1.0947783 0.7040907 0.9830345 1.0673518 0.8308039 1.1832037 0.9872930 0.9254669 
B          0.8238967 0.0000000 0.7302069 0.3517975 0.6064921 0.7372340 0.4056857 0.7793943 0.6786924 0.5732951 
C          1.0947783 0.7302069 0.0000000 0.5174893 0.7238229 0.9171494 0.5812374 1.0382931 0.7919907 0.8258832 
D          0.7040907 0.3517975 0.5174893 0.0000000 0.4730472 0.6105735 0.2973571 0.6105338 0.5569921 0.5439568 
E          0.9830345 0.6064921 0.7238229 0.4730472 0.0000000 0.8618057 0.5817803 0.8494671 0.8259656 0.7095232 
F          1.0673518 0.7372340 0.9171494 0.6105735 0.8618057 0.0000000 0.6675080 0.9961091 0.9993736 0.9626113 
G          0.8308039 0.4056857 0.5812374 0.2973571 0.5817803 0.6675080 0.0000000 0.6988127 0.6227379 0.5905882 
H          1.1832037 0.7793943 1.0382931 0.6105338 0.8494671 0.9961091 0.6988127 0.0000000 0.9588659 0.8944171 
I          0.9872930 0.6786924 0.7919907 0.5569921 0.8259656 0.9993736 0.6227379 0.9588659 0.0000000 0.8437526 
J          0.9254669 0.5732951 0.8258832 0.5439568 0.7095232 0.9626113 0.5905882 0.8944171 0.8437526 0.0000000 
