10
A          0.0000000 0.5788255 0.8708901 0.5455611 0.7385394 0.8558183 0.5638377 0.8702256 0.8378635 0.8317487 
B          0.5788255 0.0000000 0.6573631 0.3340822 0.5085402 0.6294572 0.3513449 0.7026909 0.6665982 0.6796869 
C          0.8708901 0.6573631 0.0000000 0.6483424 0.9256616 0.9549796 0.6097679 1.0362591 0.9312800 0.9482871 
D          0.5455611 0.3340822 0.6483424 0.0000000 0.4338910 0.6095631 0.2894315 0.6039551 0.5879204 0.7188247 
E          0.7385394 0.5085402 0.9256616 0.4338910 0.0000000 0.8576860 0.4844748 0.8919462 0.8095165 0.8665777 
F          0.8558183 0.6294572 0.9549796 0.6095631 0.8576860 0.0000000 0.5467804 0.8747351 0.9031153 0.9639685 
G          0.5638377 0.3513449 0.6097679 0.2894315 0.4844748 0.5467804 0.0000000 0.7267796 0.6263730 0.7401219 
H          0.8702256 0.7026909 1.0362591 0.6039551 0.8919462 0.8747351 0.7267796 0.0000000 0.9315922 0.9240088 
I          0.8378635 0.6665982 0.9312800 0.5879204 0.8095165 0.9031153 0.6263730 0.9315922 0.0000000 1.0320548 
J          0.8317487 0.6796869 0.9482871 0.7188247 0.8665777 0.9639685 0.7401219 0.9240088 1.0320548 0.0000000 
