10
A          0.0000000 0.7035934 0.8304629 0.5238549 0.7976706 0.9063632 0.5620964 0.8235067 0.7783661 0.9145706 
B          0.7035934 0.0000000 0.6799529 0.4088724 0.6378730 0.7590762 0.4212622 0.7807213 0.6211741 0.8709194 
C          0.8304629 0.6799529 0.0000000 0.5974835 0.8298062 0.9509777 0.6029966 0.9328430 0.7225641 1.0019382 
D          0.5238549 0.4088724 0.5974835 0.0000000 0.4624105 0.6099451 0.2716713 0.5547646 0.4839371 0.6439754 
E          0.7976706 0.6378730 0.8298062 0.4624105 0.0000000 0.9275477 0.5183916 0.7687857 0.7920059 0.9119111 
F          0.9063632 0.7590762 0.9509777 0.6099451 0.9275477 0.0000000 0.6558868 1.0628185 0.9511005 1.1555234 
G          0.5620964 0.4212622 0.6029966 0.2716713 0.5183916 0.6558868 0.0000000 0.6437862 0.5286959 0.6780688 
H          0.8235067 0.7807213 0.9328430 0.5547646 0.7687857 1.0628185 0.6437862 0.0000000 0.8300521 1.1626057 
I          0.7783661 0.6211741 0.7225641 0.4839371 0.7920059 0.9511005 0.5286959 0.8300521 0.0000000 0.9281588 
J          0.9145706 0.8709194 1.0019382 0.6439754 0.9119111 1.1555234 0.6780688 1.1626057 0.9281588 0.0000000 
