10
A          0.0000000 0.7471336 0.9731567 0.6267461 0.8625586 0.8765463 0.7059603 0.9441133 0.9573788 1.0569067 
B          0.7471336 0.0000000 0.6187289 0.3321387 0.6210637 0.6605434 0.3508878 0.6493208 0.6675019 0.7766057 
C          0.9731567 0.6187289 0.0000000 0.5488542 0.7961966 0.7700636 0.5838621 0.9201068 0.7958000 0.9947781 
D          0.6267461 0.3321387 0.5488542 0.0000000 0.4915461 0.5214055 0.2949663 0.5194457 0.5653067 0.6447392 
E          0.8625586 0.6210637 0.7961966 0.4915461 0.0000000 0.7417431 0.5252810 0.7577714 0.8216957 1.0135541 
F          0.8765463 0.6605434 0.7700636 0.5214055 0.7417431 0.0000000 0.5815910 0.8175128 0.8241466 0.8576660 
G          0.7059603 0.3508878 0.5838621 0.2949663 0.5252810 0.5815910 0.0000000 0.6684798 0.5588251 0.7473359 
H          0.9441133 0.6493208 0.9201068 0.5194457 0.7577714 0.8175128 0.6684798 0.0000000 0.8360832 0.9963359 
I          0.9573788 0.6675019 0.7958000 0.5653067 0.8216957 0.8241466 0.5588251 0.8360832 0.0000000 0.9701809 
J          1.0569067 0.7766057 0.9947781 0.6447392 1.0135541 0.8576660 0.7473359 0.9963359 0.9701809 0.0000000 
