10
A          0.0000000 0.6521041 0.7990786 0.4933686 0.6038676 0.7978823 0.5500062 0.8645782 0.7634551 0.7726019 
B          0.6521041 0.0000000 0.6316014 0.3233308 0.5067765 0.6695638 0.3312592 0.7547147 0.5493272 0.6269247 
C          0.7990786 0.6316014 0.0000000 0.4878598 0.7167504 0.7185482 0.5492428 0.9105623 0.6851106 0.9096257 
D          0.4933686 0.3233308 0.4878598 0.0000000 0.3870310 0.5090464 0.2276132 0.5980606 0.4795407 0.5344636 
E          0.6038676 0.5067765 0.7167504 0.3870310 0.0000000 0.6049835 0.3701369 0.7480520 0.6234854 0.7919615 
F          0.7978823 0.6695638 0.7185482 0.5090464 0.6049835 0.0000000 0.5468182 0.8018237 0.6855837 0.9353788 
G          0.5500062 0.3312592 0.5492428 0.2276132 0.3701369 0.5468182 0.0000000 0.6021254 0.4467080 0.5543323 
H          0.8645782 0.7547147 0.9105623 0.5980606 0.7480520 0.8018237 0.6021254 0.0000000 0.8556454 0.8874276 
I          0.7634551 0.5493272 0.6851106 0.4795407 0.6234854 0.6855837 0.4467080 0.8556454 0.0000000 0.7651676 
J          0.7726019 0.6269247 0.9096257 0.5344636 0.7919615 0.9353788 0.5543323 0.8874276 0.7651676 0.0000000 
