10
A          0.0000000 0.6628142 0.9317419 0.5143447 0.6804539 0.9692328 0.5797932 0.9699563 0.8198617 1.0303858 
B          0.6628142 0.0000000 0.6243258 0.3257339 0.5476033 0.5457147 0.3303934 0.6670356 0.5653368 0.6486184 
C          0.9317419 0.6243258 0.0000000 0.5925824 0.7980615 0.8668944 0.6339147 1.0172441 0.8472059 1.0194207 
D          0.5143447 0.3257339 0.5925824 0.0000000 0.4137675 0.5673638 0.2870353 0.5747496 0.4788644 0.6213639 
E          0.6804539 0.5476033 0.7980615 0.4137675 0.0000000 0.7010320 0.4903798 0.6912928 0.5834914 0.7418669 
F          0.9692328 0.5457147 0.8668944 0.5673638 0.7010320 0.0000000 0.6261442 0.8263584 0.7815787 0.8518446 
G          0.5797932 0.3303934 0.6339147 0.2870353 0.4903798 0.6261442 0.0000000 0.6825247 0.5268085 0.6814001 
H          0.9699563 0.6670356 1.0172441 0.5747496 0.6912928 0.8263584 0.6825247 0.0000000 0.8750052 0.9977759 
I          0.8198617 0.5653368 0.8472059 0.4788644 0.5834914 0.7815787 0.5268085 0.8750052 0.0000000 0.7624786 
J          1.0303858 0.6486184 1.0194207 0.6213639 0.7418669 0.8518446 0.6814001 0.9977759 0.7624786 0.0000000 
