10
A          0.0000000 0.6751370 0.7834598 0.6650303 0.7599625 1.0633754 0.6118810 0.9352401 0.9892053 0.9400255 
B          0.6751370 0.0000000 0.6367449 0.4512233 0.6358977 0.7939405 0.3897904 0.7189690 0.6518237 0.7621414 
C          0.7834598 0.6367449 0.0000000 0.5589185 0.7513367 0.8147712 0.4982278 0.8474298 0.7425533 0.7874684 
D          0.6650303 0.4512233 0.5589185 0.0000000 0.5003196 0.6525840 0.2892744 0.6288254 0.6012061 0.6487417 
E          0.7599625 0.6358977 0.7513367 0.5003196 0.0000000 0.8752667 0.5115073 0.9256231 0.9020300 0.8800593 
F          1.0633754 0.7939405 0.8147712 0.6525840 0.8752667 0.0000000 0.6029925 0.9741836 0.9520913 0.9239854 
G          0.6118810 0.3897904 0.4982278 0.2892744 0.5115073 0.6029925 0.0000000 0.6357310 0.5690525 0.5893719 
H          0.9352401 0.7189690 0.8474298 0.6288254 0.9256231 0.9741836 0.6357310 0.0000000 0.8559732 1.0167598 
I          0.9892053 0.6518237 0.7425533 0.6012061 0.9020300 0.9520913 0.5690525 0.8559732 0.0000000 0.9458808 
J          0.9400255 0.7621414 0.7874684 0.6487417 0.8800593 0.9239854 0.5893719 1.0167598 0.9458808 0.0000000 
