10
A          0.0000000 0.6507169 0.7456429 0.6722121 0.7657893 0.9033576 0.6590132 0.8369448 0.8333649 0.9338083 
B          0.6507169 0.0000000 0.6226398 0.3333386 0.5355567 0.6404598 0.3815860 0.6073343 0.5075135 0.6825973 
C          0.7456429 0.6226398 0.0000000 0.5586336 0.8120397 0.8797530 0.5881213 0.8530042 0.8330219 0.8884839 
D          0.6722121 0.3333386 0.5586336 0.0000000 0.4349242 0.5833749 0.3174113 0.5460707 0.4696057 0.6608888 
E          0.7657893 0.5355567 0.8120397 0.4349242 0.0000000 0.7737993 0.4629117 0.8164832 0.6347767 0.8309742 
F          0.9033576 0.6404598 0.8797530 0.5833749 0.7737993 0.0000000 0.7282894 1.0563525 0.9082397 1.0047572 
G          0.6590132 0.3815860 0.5881213 0.3174113 0.4629117 0.7282894 0.0000000 0.5870677 0.5389143 0.6542472 
H          0.8369448 0.6073343 0.8530042 0.5460707 0.8164832 1.0563525 0.5870677 0.0000000 0.7827042 0.8611991 
I          0.8333649 0.5075135 0.8330219 0.4696057 0.6347767 0.9082397 0.5389143 0.7827042 0.0000000 0.6765405 
J          0.9338083 0.6825973 0.8884839 0.6608888 0.8309742 1.0047572 0.6542472 0.8611991 0.6765405 0.0000000 
