10
A          0.0000000 0.6912281 0.7866430 0.5450550 0.6165136 0.9080656 0.6230000 0.8125934 0.8107839 0.8922912 
B          0.6912281 0.0000000 0.5940112 0.4155433 0.4891479 0.6638675 0.3793822 0.6947163 0.6682584 0.7236091 
C          0.7866430 0.5940112 0.0000000 0.4973032 0.5503660 0.7634237 0.4808278 0.8224837 0.7258084 0.7888677 
D          0.5450550 0.4155433 0.4973032 0.0000000 0.4013826 0.5789381 0.2840653 0.6319754 0.5741257 0.5511374 
E          0.6165136 0.4891479 0.5503660 0.4013826 0.0000000 0.6965583 0.4084173 0.7759906 0.7361148 0.7202262 
F          0.9080656 0.6638675 0.7634237 0.5789381 0.6965583 0.0000000 0.5933597 0.9440900 0.9235559 0.7945029 
G          0.6230000 0.3793822 0.4808278 0.2840653 0.4084173 0.5933597 0.0000000 0.6717274 0.6009449 0.6023579 
H          0.8125934 0.6947163 0.8224837 0.6319754 0.7759906 0.9440900 0.6717274 0.0000000 0.8796950 0.9001497 
I          0.8107839 0.6682584 0.7258084 0.5741257 0.7361148 0.9235559 0.6009449 0.8796950 0.0000000 0.7123104 
J          0.8922912 0.7236091 0.7888677 0.5511374 0.7202262 0.7945029 0.6023579 0.9001497 0.7123104 0.0000000 
