10
A          0.0000000 0.5905116 0.8719470 0.4049537 0.6848165 0.7675020 0.7139752 0.5700311 0.4540328 0.4780421 
B          0.5905116 0.0000000 0.7139583 0.3709720 0.6937224 0.6678232 0.5425884 0.5150800 0.4150634 0.4529046 
C          0.8719470 0.7139583 0.0000000 0.5529980 0.9687358 0.8399585 0.7158661 0.6467317 0.5875272 0.6218085 
D          0.4049537 0.3709720 0.5529980 0.0000000 0.5159702 0.5143756 0.3895176 0.3123783 0.1943085 0.2552562 
E          0.6848165 0.6937224 0.9687358 0.5159702 0.0000000 0.8038180 0.8073764 0.5982436 0.5243375 0.6003242 
F          0.7675020 0.6678232 0.8399585 0.5143756 0.8038180 0.0000000 0.6794288 0.5608783 0.5729683 0.6252812 
G          0.7139752 0.5425884 0.7158661 0.3895176 0.8073764 0.6794288 0.0000000 0.5137758 0.4127777 0.4484167 
H          0.5700311 0.5150800 0.6467317 0.3123783 0.5982436 0.5608783 0.5137758 0.0000000 0.3479743 0.4171515 
I          0.4540328 0.4150634 0.5875272 0.1943085 0.5243375 0.5729683 0.4127777 0.3479743 0.0000000 0.2808051 
J          0.4780421 0.4529046 0.6218085 0.2552562 0.6003242 0.6252812 0.4484167 0.4171515 0.2808051 0.0000000 
