10
A          0.0000000 0.7870212 0.8882573 0.5543040 0.7854405 0.9330260 0.8433419 0.6691118 0.6205405 0.5627726 
B          0.7870212 0.0000000 0.8977958 0.4526492 0.8534115 0.7740063 0.6473261 0.6149441 0.4703238 0.5618997 
C          0.8882573 0.8977958 0.0000000 0.6437880 1.0039056 1.0049941 0.9205991 0.6787316 0.7291771 0.7800021 
D          0.5543040 0.4526492 0.6437880 0.0000000 0.5939051 0.6496303 0.4827506 0.3810715 0.2895707 0.2786293 
E          0.7854405 0.8534115 1.0039056 0.5939051 0.0000000 1.0443103 0.9365440 0.6805571 0.6785737 0.6114090 
F          0.9330260 0.7740063 1.0049941 0.6496303 1.0443103 0.0000000 0.8772100 0.7972131 0.5862571 0.7257769 
G          0.8433419 0.6473261 0.9205991 0.4827506 0.9365440 0.8772100 0.0000000 0.6593814 0.5448432 0.5804854 
H          0.6691118 0.6149441 0.6787316 0.3810715 0.6805571 0.7972131 0.6593814 0.0000000 0.3863393 0.4126490 
I          0.6205405 0.4703238 0.7291771 0.2895707 0.6785737 0.5862571 0.5448432 0.3863393 0.0000000 0.3858342 
J          0.5627726 0.5618997 0.7800021 0.2786293 0.6114090 0.7257769 0.5804854 0.4126490 0.3858342 0.0000000 
