10
A          0.0000000 0.6537846 0.7340353 0.4387585 0.8007886 0.8146060 0.6290171 0.6255860 0.4878551 0.5301400 
B          0.6537846 0.0000000 0.7409636 0.3680679 0.7381037 0.6667320 0.5878966 0.5433229 0.4405014 0.4757097 
C          0.7340353 0.7409636 0.0000000 0.4903361 0.7858953 0.8143279 0.6316118 0.6674214 0.5276113 0.5517182 
D          0.4387585 0.3680679 0.4903361 0.0000000 0.5261938 0.4846879 0.3770823 0.3080404 0.2095105 0.2433559 
E          0.8007886 0.7381037 0.7858953 0.5261938 0.0000000 0.8930927 0.7495050 0.6976378 0.4669381 0.6283701 
F          0.8146060 0.6667320 0.8143279 0.4846879 0.8930927 0.0000000 0.7131456 0.6467620 0.5379872 0.6875426 
G          0.6290171 0.5878966 0.6316118 0.3770823 0.7495050 0.7131456 0.0000000 0.5430522 0.4165106 0.4591131 
H          0.6255860 0.5433229 0.6674214 0.3080404 0.6976378 0.6467620 0.5430522 0.0000000 0.3532540 0.4149061 
I          0.4878551 0.4405014 0.5276113 0.2095105 0.4669381 0.5379872 0.4165106 0.3532540 0.0000000 0.2814631 
J          0.5301400 0.4757097 0.5517182 0.2433559 0.6283701 0.6875426 0.4591131 0.4149061 0.2814631 0.0000000 
