10
A          0.0000000 0.7834474 0.8757390 0.5436424 0.9423973 0.9233076 0.6825964 0.6320991 0.6542790 0.6949310 
B          0.7834474 0.0000000 0.7496734 0.4134728 0.8315090 0.7673804 0.6642878 0.5484139 0.4173794 0.4647624 
C          0.8757390 0.7496734 0.0000000 0.5498621 0.9380774 1.0368767 0.8375557 0.7708658 0.6105061 0.6849487 
D          0.5436424 0.4134728 0.5498621 0.0000000 0.5579211 0.5838468 0.4466626 0.3632571 0.2183442 0.2716555 
E          0.9423973 0.8315090 0.9380774 0.5579211 0.0000000 0.9838012 0.8348677 0.7443308 0.5867318 0.6534959 
F          0.9233076 0.7673804 1.0368767 0.5838468 0.9838012 0.0000000 0.8095321 0.7395631 0.6285407 0.6496014 
G          0.6825964 0.6642878 0.8375557 0.4466626 0.8348677 0.8095321 0.0000000 0.5446387 0.4855810 0.5663949 
H          0.6320991 0.5484139 0.7708658 0.3632571 0.7443308 0.7395631 0.5446387 0.0000000 0.3973481 0.4834202 
I          0.6542790 0.4173794 0.6105061 0.2183442 0.5867318 0.6285407 0.4855810 0.3973481 0.0000000 0.3284991 
J          0.6949310 0.4647624 0.6849487 0.2716555 0.6534959 0.6496014 0.5663949 0.4834202 0.3284991 0.0000000 
