10
A          0.0000000 0.6738326 0.8235697 0.3826199 0.6897712 0.7378630 0.5756655 0.5431893 0.4505356 0.4868598 
B          0.6738326 0.0000000 0.7900220 0.3977182 0.6578603 0.7571125 0.6216772 0.4794656 0.4493937 0.4763860 
C          0.8235697 0.7900220 0.0000000 0.5292763 0.8364362 0.8956245 0.7936951 0.7160805 0.6132083 0.6066191 
D          0.3826199 0.3977182 0.5292763 0.0000000 0.4676411 0.4743875 0.3686142 0.2874805 0.2195753 0.2463370 
E          0.6897712 0.6578603 0.8364362 0.4676411 0.0000000 0.9516691 0.6824824 0.5648874 0.6082835 0.5355088 
F          0.7378630 0.7571125 0.8956245 0.4743875 0.9516691 0.0000000 0.7157528 0.5570521 0.5458520 0.6697445 
G          0.5756655 0.6216772 0.7936951 0.3686142 0.6824824 0.7157528 0.0000000 0.4845880 0.4211540 0.4763042 
H          0.5431893 0.4794656 0.7160805 0.2874805 0.5648874 0.5570521 0.4845880 0.0000000 0.3300991 0.4279114 
I          0.4505356 0.4493937 0.6132083 0.2195753 0.6082835 0.5458520 0.4211540 0.3300991 0.0000000 0.3083920 
J          0.4868598 0.4763860 0.6066191 0.2463370 0.5355088 0.6697445 0.4763042 0.4279114 0.3083920 0.0000000 
