10
A          0.0000000 0.6259912 0.6924911 0.3828961 0.6395689 0.6564916 0.5569270 0.5025380 0.4427931 0.5006054 
B          0.6259912 0.0000000 0.7888042 0.3555907 0.7318415 0.8352419 0.5739839 0.5589827 0.4469443 0.4503637 
C          0.6924911 0.7888042 0.0000000 0.5264776 0.7955285 0.9256128 0.7101993 0.6876285 0.6222500 0.6062287 
D          0.3828961 0.3555907 0.5264776 0.0000000 0.5208542 0.5141502 0.3181546 0.2715760 0.1931037 0.2250206 
E          0.6395689 0.7318415 0.7955285 0.5208542 0.0000000 0.8946034 0.7553495 0.6284270 0.5428894 0.5758712 
F          0.6564916 0.8352419 0.9256128 0.5141502 0.8946034 0.0000000 0.7606066 0.6468098 0.5795987 0.6490928 
G          0.5569270 0.5739839 0.7101993 0.3181546 0.7553495 0.7606066 0.0000000 0.4612495 0.3941807 0.4318863 
H          0.5025380 0.5589827 0.6876285 0.2715760 0.6284270 0.6468098 0.4612495 0.0000000 0.3663684 0.3837521 
I          0.4427931 0.4469443 0.6222500 0.1931037 0.5428894 0.5795987 0.3941807 0.3663684 0.0000000 0.3119943 
J          0.5006054 0.4503637 0.6062287 0.2250206 0.5758712 0.6490928 0.4318863 0.3837521 0.3119943 0.0000000 
