10
A          0.0000000 0.6057819 0.7872173 0.4353973 0.7912236 0.7389872 0.6386959 0.5025983 0.4903873 0.5058441 
B          0.6057819 0.0000000 0.7352307 0.3714518 0.6898279 0.7754093 0.5453770 0.4502674 0.3818790 0.4485235 
C          0.7872173 0.7352307 0.0000000 0.4865533 0.8695090 0.9360509 0.6524347 0.5932369 0.5322384 0.5783553 
D          0.4353973 0.3714518 0.4865533 0.0000000 0.4631087 0.5213251 0.3659882 0.2736978 0.1839580 0.2493954 
E          0.7912236 0.6898279 0.8695090 0.4631087 0.0000000 0.8088517 0.7156109 0.6470441 0.5252048 0.5259602 
F          0.7389872 0.7754093 0.9360509 0.5213251 0.8088517 0.0000000 0.6447670 0.6419060 0.5145795 0.5825751 
G          0.6386959 0.5453770 0.6524347 0.3659882 0.7156109 0.6447670 0.0000000 0.4088508 0.3727746 0.4186907 
H          0.5025983 0.4502674 0.5932369 0.2736978 0.6470441 0.6419060 0.4088508 0.0000000 0.2943463 0.3671408 
I          0.4903873 0.3818790 0.5322384 0.1839580 0.5252048 0.5145795 0.3727746 0.2943463 0.0000000 0.2739256 
J          0.5058441 0.4485235 0.5783553 0.2493954 0.5259602 0.5825751 0.4186907 0.3671408 0.2739256 0.0000000 
