10
A          0.0000000 0.6371126 0.5719666 0.8869268 0.8497452 0.8622260 1.0953051 1.0875467 0.6479513 0.8252192 
B          0.6371126 0.0000000 0.2042156 0.5782506 0.4666630 0.4433623 0.6378892 0.7167811 0.3232077 0.4711689 
C          0.5719666 0.2042156 0.0000000 0.4909198 0.3962749 0.4321340 0.5469109 0.6191251 0.2470430 0.3748317 
D          0.8869268 0.5782506 0.4909198 0.0000000 0.7451506 0.7668396 1.0421586 1.0395711 0.6213702 0.7720996 
E          0.8497452 0.4666630 0.3962749 0.7451506 0.0000000 0.6014147 0.7414950 0.8552682 0.4845794 0.5734088 
F          0.8622260 0.4433623 0.4321340 0.7668396 0.6014147 0.0000000 0.8421800 0.8562273 0.5068477 0.6840993 
G          1.0953051 0.6378892 0.5469109 1.0421586 0.7414950 0.8421800 0.0000000 0.9422440 0.6497534 0.7923435 
H          1.0875467 0.7167811 0.6191251 1.0395711 0.8552682 0.8562273 0.9422440 0.0000000 0.7619519 0.9260004 
I          0.6479513 0.3232077 0.2470430 0.6213702 0.4845794 0.5068477 0.6497534 0.7619519 0.0000000 0.4590385 
J          0.8252192 0.4711689 0.3748317 0.7720996 0.5734088 0.6840993 0.7923435 0.9260004 0.4590385 0.0000000 
