10
A          0.0000000 0.5958345 0.5443745 0.8975013 0.8443763 0.8927843 1.0223637 0.9479413 0.7145069 0.8761490 
B          0.5958345 0.0000000 0.1825773 0.5008958 0.4327480 0.5384336 0.6076334 0.6131221 0.3052799 0.4521443 
C          0.5443745 0.1825773 0.0000000 0.4515707 0.3850469 0.4641430 0.5667025 0.5692337 0.2776827 0.4151199 
D          0.8975013 0.5008958 0.4515707 0.0000000 0.7247910 0.7360321 0.9974823 0.8670821 0.6275304 0.7661292 
E          0.8443763 0.4327480 0.3850469 0.7247910 0.0000000 0.7407988 0.7237950 0.7802632 0.5089038 0.6016206 
F          0.8927843 0.5384336 0.4641430 0.7360321 0.7407988 0.0000000 0.8734174 0.8077593 0.6437546 0.7641101 
G          1.0223637 0.6076334 0.5667025 0.9974823 0.7237950 0.8734174 0.0000000 0.9583389 0.7200193 0.8877532 
H          0.9479413 0.6131221 0.5692337 0.8670821 0.7802632 0.8077593 0.9583389 0.0000000 0.6871350 0.8965303 
I          0.7145069 0.3052799 0.2776827 0.6275304 0.5089038 0.6437546 0.7200193 0.6871350 0.0000000 0.5367485 
J          0.8761490 0.4521443 0.4151199 0.7661292 0.6016206 0.7641101 0.8877532 0.8965303 0.5367485 0.0000000 
