10
A          0.0000000 0.5758312 0.4960231 0.8128150 0.6385485 0.7514924 0.8278257 0.8838109 0.5539050 0.7905484 
B          0.5758312 0.0000000 0.1705568 0.5280300 0.4361536 0.4413374 0.5448358 0.6607357 0.3175989 0.4580949 
C          0.4960231 0.1705568 0.0000000 0.4134530 0.3560238 0.3629445 0.4572580 0.5762577 0.2398313 0.3946780 
D          0.8128150 0.5280300 0.4134530 0.0000000 0.6689313 0.6378382 0.8379141 0.8219775 0.5302973 0.6875514 
E          0.6385485 0.4361536 0.3560238 0.6689313 0.0000000 0.5918572 0.6630059 0.7139477 0.4853095 0.5939702 
F          0.7514924 0.4413374 0.3629445 0.6378382 0.5918572 0.0000000 0.7673015 0.8322405 0.4459001 0.6776298 
G          0.8278257 0.5448358 0.4572580 0.8379141 0.6630059 0.7673015 0.0000000 1.0140205 0.5518239 0.7077283 
H          0.8838109 0.6607357 0.5762577 0.8219775 0.7139477 0.8322405 1.0140205 0.0000000 0.6459761 0.8167016 
I          0.5539050 0.3175989 0.2398313 0.5302973 0.4853095 0.4459001 0.5518239 0.6459761 0.0000000 0.5134397 
J          0.7905484 0.4580949 0.3946780 0.6875514 0.5939702 0.6776298 0.7077283 0.8167016 0.5134397 0.0000000 
