10
A          0.0000000 0.6210750 0.5496129 0.8062266 0.8404076 0.7897380 0.8352465 0.9564232 0.6459618 0.7439852 
B          0.6210750 0.0000000 0.1891314 0.4640609 0.4807115 0.4549913 0.6168880 0.5488621 0.3399575 0.4515348 
C          0.5496129 0.1891314 0.0000000 0.3944518 0.3765542 0.4435933 0.5632776 0.5889255 0.3202149 0.3683729 
D          0.8062266 0.4640609 0.3944518 0.0000000 0.6446709 0.7766051 0.8540751 0.7621313 0.5258396 0.7188188 
E          0.8404076 0.4807115 0.3765542 0.6446709 0.0000000 0.7130568 0.7687081 0.8698686 0.5614436 0.6576413 
F          0.7897380 0.4549913 0.4435933 0.7766051 0.7130568 0.0000000 0.8467797 0.7478989 0.5390685 0.6228960 
G          0.8352465 0.6168880 0.5632776 0.8540751 0.7687081 0.8467797 0.0000000 0.8701976 0.6455947 0.8394383 
H          0.9564232 0.5488621 0.5889255 0.7621313 0.8698686 0.7478989 0.8701976 0.0000000 0.6317754 0.7984711 
I          0.6459618 0.3399575 0.3202149 0.5258396 0.5614436 0.5390685 0.6455947 0.6317754 0.0000000 0.5293576 
J          0.7439852 0.4515348 0.3683729 0.7188188 0.6576413 0.6228960 0.8394383 0.7984711 0.5293576 0.0000000 
