10
A          0.0000000 0.4408433 0.3852205 0.8234815 0.7572724 0.6086221 0.8110443 0.7769284 0.5291043 0.6514664 
B          0.4408433 0.0000000 0.1717780 0.5302583 0.4541375 0.4049936 0.5945841 0.6090668 0.3086396 0.4693774 
C          0.3852205 0.1717780 0.0000000 0.4484955 0.4001540 0.3457393 0.5531053 0.5787329 0.2476701 0.3566153 
D          0.8234815 0.5302583 0.4484955 0.0000000 0.8216620 0.6464700 0.8158916 0.8171976 0.5698544 0.7450822 
E          0.7572724 0.4541375 0.4001540 0.8216620 0.0000000 0.5545301 0.9262542 0.7472233 0.5587989 0.6753849 
F          0.6086221 0.4049936 0.3457393 0.6464700 0.5545301 0.0000000 0.7745980 0.7896012 0.4468820 0.6195646 
G          0.8110443 0.5945841 0.5531053 0.8158916 0.9262542 0.7745980 0.0000000 0.8661319 0.7010748 0.8600107 
H          0.7769284 0.6090668 0.5787329 0.8171976 0.7472233 0.7896012 0.8661319 0.0000000 0.6866832 0.8783091 
I          0.5291043 0.3086396 0.2476701 0.5698544 0.5587989 0.4468820 0.7010748 0.6866832 0.0000000 0.5172342 
J          0.6514664 0.4693774 0.3566153 0.7450822 0.6753849 0.6195646 0.8600107 0.8783091 0.5172342 0.0000000 
