10
A          0.0000000 0.5483286 0.5274382 0.8143081 0.7435734 0.7807798 0.7655758 0.9650447 0.6332806 0.8027091 
B          0.5483286 0.0000000 0.1713272 0.4865986 0.4334950 0.4867656 0.5555635 0.6551314 0.3191026 0.4563776 
C          0.5274382 0.1713272 0.0000000 0.4272496 0.3356785 0.3832329 0.4170354 0.5764752 0.2403924 0.3637479 
D          0.8143081 0.4865986 0.4272496 0.0000000 0.6461295 0.7380945 0.7520162 0.8577970 0.5419688 0.7671382 
E          0.7435734 0.4334950 0.3356785 0.6461295 0.0000000 0.6201380 0.5757585 0.7799267 0.4663656 0.5918443 
F          0.7807798 0.4867656 0.3832329 0.7380945 0.6201380 0.0000000 0.7381176 0.8643956 0.5293260 0.6788674 
G          0.7655758 0.5555635 0.4170354 0.7520162 0.5757585 0.7381176 0.0000000 0.8034215 0.5985385 0.6823183 
H          0.9650447 0.6551314 0.5764752 0.8577970 0.7799267 0.8643956 0.8034215 0.0000000 0.6988219 0.7988964 
I          0.6332806 0.3191026 0.2403924 0.5419688 0.4663656 0.5293260 0.5985385 0.6988219 0.0000000 0.5668082 
J          0.8027091 0.4563776 0.3637479 0.7671382 0.5918443 0.6788674 0.6823183 0.7988964 0.5668082 0.0000000 
