10
A          0.0000000 0.5536121 0.5060865 0.7789905 0.6772460 0.6999107 0.9122692 0.8303076 0.6102366 0.8343707 
B          0.5536121 0.0000000 0.1551529 0.4578053 0.3711229 0.4191305 0.6341460 0.5524248 0.3080822 0.4172722 
C          0.5060865 0.1551529 0.0000000 0.3846424 0.2976490 0.3657097 0.5794986 0.5050080 0.2268201 0.4090927 
D          0.7789905 0.4578053 0.3846424 0.0000000 0.5587438 0.6632334 0.8574346 0.8216286 0.5431706 0.7135556 
E          0.6772460 0.3711229 0.2976490 0.5587438 0.0000000 0.5790206 0.7526886 0.7558802 0.4436164 0.6482831 
F          0.6999107 0.4191305 0.3657097 0.6632334 0.5790206 0.0000000 0.8502473 0.7948684 0.5440319 0.6795896 
G          0.9122692 0.6341460 0.5794986 0.8574346 0.7526886 0.8502473 0.0000000 0.8804247 0.6381764 0.8365192 
H          0.8303076 0.5524248 0.5050080 0.8216286 0.7558802 0.7948684 0.8804247 0.0000000 0.6173830 0.7866468 
I          0.6102366 0.3080822 0.2268201 0.5431706 0.4436164 0.5440319 0.6381764 0.6173830 0.0000000 0.5719799 
J          0.8343707 0.4172722 0.4090927 0.7135556 0.6482831 0.6795896 0.8365192 0.7866468 0.5719799 0.0000000 
