10
A          0.0000000 0.6111549 0.5309600 0.8713024 0.8767944 0.7986562 1.2217832 1.0312711 0.7494248 0.8412222 
B          0.6111549 0.0000000 0.1722474 0.5334496 0.4871301 0.4260887 0.6612807 0.6145426 0.3396972 0.4409872 
C          0.5309600 0.1722474 0.0000000 0.5075043 0.4037485 0.3747697 0.5995092 0.5293236 0.2858966 0.4167951 
D          0.8713024 0.5334496 0.5075043 0.0000000 0.7329102 0.7898139 1.0012815 0.8824623 0.7192801 0.7797085 
E          0.8767944 0.4871301 0.4037485 0.7329102 0.0000000 0.7330489 0.8888320 0.8872210 0.6500387 0.7207970 
F          0.7986562 0.4260887 0.3747697 0.7898139 0.7330489 0.0000000 0.8391942 0.7605081 0.6140481 0.6770345 
G          1.2217832 0.6612807 0.5995092 1.0012815 0.8888320 0.8391942 0.0000000 1.0436207 0.7893967 0.7968223 
H          1.0312711 0.6145426 0.5293236 0.8824623 0.8872210 0.7605081 1.0436207 0.0000000 0.7062272 0.8730445 
I          0.7494248 0.3396972 0.2858966 0.7192801 0.6500387 0.6140481 0.7893967 0.7062272 0.0000000 0.5968988 
J          0.8412222 0.4409872 0.4167951 0.7797085 0.7207970 0.6770345 0.7968223 0.8730445 0.5968988 0.0000000 
