10
A          0.0000000 0.5680903 0.5928475 0.8098346 0.7301846 0.8094153 0.8888958 0.9211820 0.7433942 0.8123279 
B          0.5680903 0.0000000 0.1842954 0.4533450 0.4130694 0.4617708 0.6353042 0.6059496 0.3542969 0.4371446 
C          0.5928475 0.1842954 0.0000000 0.3713855 0.3581694 0.4461768 0.6585672 0.5656770 0.3407885 0.4479163 
D          0.8098346 0.4533450 0.3713855 0.0000000 0.6633080 0.6893832 0.9157272 0.8447654 0.6363276 0.7119962 
E          0.7301846 0.4130694 0.3581694 0.6633080 0.0000000 0.6047161 0.7333414 0.7472952 0.4919067 0.6507182 
F          0.8094153 0.4617708 0.4461768 0.6893832 0.6047161 0.0000000 0.8488698 0.7543567 0.5046810 0.6349442 
G          0.8888958 0.6353042 0.6585672 0.9157272 0.7333414 0.8488698 0.0000000 0.8835222 0.7350002 0.8211129 
H          0.9211820 0.6059496 0.5656770 0.8447654 0.7472952 0.7543567 0.8835222 0.0000000 0.6364292 0.8163370 
I          0.7433942 0.3542969 0.3407885 0.6363276 0.4919067 0.5046810 0.7350002 0.6364292 0.0000000 0.5448729 
J          0.8123279 0.4371446 0.4479163 0.7119962 0.6507182 0.6349442 0.8211129 0.8163370 0.5448729 0.0000000 
