10
A          0.0000000 0.2677250 0.5819974 0.4520726 0.4301843 0.5616762 0.4019506 0.2498897 0.4650187 0.4771554 
B          0.2677250 0.0000000 0.5628279 0.3959481 0.3833426 0.5831994 0.3835138 0.2499940 0.4752237 0.4763366 
C          0.5819974 0.5628279 0.0000000 0.6711393 0.7456500 0.9659764 0.6573966 0.5512002 0.7696267 0.8404382 
D          0.4520726 0.3959481 0.6711393 0.0000000 0.5775474 0.7516901 0.5612903 0.3947419 0.6351152 0.6382719 
E          0.4301843 0.3833426 0.7456500 0.5775474 0.0000000 0.6397411 0.5520965 0.4161987 0.5893507 0.7046774 
F          0.5616762 0.5831994 0.9659764 0.7516901 0.6397411 0.0000000 0.7034598 0.5574332 0.7598408 0.8266109 
G          0.4019506 0.3835138 0.6573966 0.5612903 0.5520965 0.7034598 0.0000000 0.3986385 0.5665032 0.6476587 
H          0.2498897 0.2499940 0.5512002 0.3947419 0.4161987 0.5574332 0.3986385 0.0000000 0.4401967 0.4810290 
I          0.4650187 0.4752237 0.7696267 0.6351152 0.5893507 0.7598408 0.5665032 0.4401967 0.0000000 0.6832325 
J          0.4771554 0.4763366 0.8404382 0.6382719 0.7046774 0.8266109 0.6476587 0.4810290 0.6832325 0.0000000 
