10
A          0.0000000 0.3203262 0.7584607 0.6362409 0.5112340 0.8211086 0.4254808 0.3475653 0.6380297 0.6684585 
B          0.3203262 0.0000000 0.6780942 0.5018374 0.3622554 0.5976697 0.3329874 0.2332072 0.5249633 0.6841550 
C          0.7584607 0.6780942 0.0000000 0.9808187 0.7772697 1.0389414 0.8069330 0.7146414 0.9627683 1.1692829 
D          0.6362409 0.5018374 0.9808187 0.0000000 0.6148855 0.9799049 0.6141148 0.5240227 0.7984892 1.0342527 
E          0.5112340 0.3622554 0.7772697 0.6148855 0.0000000 0.7406794 0.5655880 0.4465399 0.6630179 0.9150409 
F          0.8211086 0.5976697 1.0389414 0.9799049 0.7406794 0.0000000 0.7135880 0.6957106 1.0184074 1.1357424 
G          0.4254808 0.3329874 0.8069330 0.6141148 0.5655880 0.7135880 0.0000000 0.3441895 0.7148459 0.7584884 
H          0.3475653 0.2332072 0.7146414 0.5240227 0.4465399 0.6957106 0.3441895 0.0000000 0.6313405 0.6343455 
I          0.6380297 0.5249633 0.9627683 0.7984892 0.6630179 1.0184074 0.7148459 0.6313405 0.0000000 1.0198878 
J          0.6684585 0.6841550 1.1692829 1.0342527 0.9150409 1.1357424 0.7584884 0.6343455 1.0198878 0.0000000 
