10
A          0.0000000 0.2192078 0.5322622 0.3930118 0.3787590 0.5151346 0.3612897 0.2730000 0.5029812 0.4959814 
B          0.2192078 0.0000000 0.5692493 0.3332383 0.3360239 0.4932500 0.3403360 0.2278231 0.4868106 0.4661698 
C          0.5322622 0.5692493 0.0000000 0.7010907 0.6989035 0.8099758 0.6897381 0.5669489 0.8675945 0.8423345 
D          0.3930118 0.3332383 0.7010907 0.0000000 0.4472141 0.6500677 0.4970845 0.3926647 0.6013923 0.5978756 
E          0.3787590 0.3360239 0.6989035 0.4472141 0.0000000 0.6780804 0.4443686 0.3752860 0.6149946 0.6137876 
F          0.5151346 0.4932500 0.8099758 0.6500677 0.6780804 0.0000000 0.7412138 0.5206247 0.7632409 0.8049136 
G          0.3612897 0.3403360 0.6897381 0.4970845 0.4443686 0.7412138 0.0000000 0.3953736 0.6349114 0.6579238 
H          0.2730000 0.2278231 0.5669489 0.3926647 0.3752860 0.5206247 0.3953736 0.0000000 0.5067799 0.5521239 
I          0.5029812 0.4868106 0.8675945 0.6013923 0.6149946 0.7632409 0.6349114 0.5067799 0.0000000 0.8187347 
J          0.4959814 0.4661698 0.8423345 0.5978756 0.6137876 0.8049136 0.6579238 0.5521239 0.8187347 0.0000000 
