10
A          0.0000000 0.2184258 0.5798349 0.3752589 0.3454807 0.6552299 0.3440221 0.2509644 0.5226070 0.4221598 
B          0.2184258 0.0000000 0.4976403 0.3114331 0.3128285 0.5645082 0.2868161 0.2025944 0.4363083 0.3871291 
C          0.5798349 0.4976403 0.0000000 0.6574682 0.6916830 0.8104396 0.6354881 0.5422641 0.7918000 0.7668269 
D          0.3752589 0.3114331 0.6574682 0.0000000 0.4803369 0.6756591 0.4415643 0.3587727 0.5527997 0.5127960 
E          0.3454807 0.3128285 0.6916830 0.4803369 0.0000000 0.6499597 0.4554081 0.3552640 0.6210290 0.4925798 
F          0.6552299 0.5645082 0.8104396 0.6756591 0.6499597 0.0000000 0.6769139 0.5822558 0.8095783 0.7812040 
G          0.3440221 0.2868161 0.6354881 0.4415643 0.4554081 0.6769139 0.0000000 0.3027730 0.5208289 0.4810571 
H          0.2509644 0.2025944 0.5422641 0.3587727 0.3552640 0.5822558 0.3027730 0.0000000 0.4458258 0.4399760 
I          0.5226070 0.4363083 0.7918000 0.5527997 0.6210290 0.8095783 0.5208289 0.4458258 0.0000000 0.6649617 
J          0.4221598 0.3871291 0.7668269 0.5127960 0.4925798 0.7812040 0.4810571 0.4399760 0.6649617 0.0000000 
