10
A          0.0000000 0.2133129 0.6133681 0.3737007 0.3473491 0.5517833 0.3482692 0.2730806 0.5535460 0.5257729 
B          0.2133129 0.0000000 0.5759703 0.3590656 0.3330728 0.5125844 0.3391381 0.2427504 0.5376458 0.5015114 
C          0.6133681 0.5759703 0.0000000 0.8092267 0.7652879 0.9035506 0.7471792 0.6393804 0.8898384 0.8643436 
D          0.3737007 0.3590656 0.8092267 0.0000000 0.4545119 0.6823882 0.4967958 0.4112792 0.6063873 0.7332136 
E          0.3473491 0.3330728 0.7652879 0.4545119 0.0000000 0.6901769 0.4703599 0.3758035 0.6700115 0.6120096 
F          0.5517833 0.5125844 0.9035506 0.6823882 0.6901769 0.0000000 0.7319104 0.5231299 0.8119107 0.8938200 
G          0.3482692 0.3391381 0.7471792 0.4967958 0.4703599 0.7319104 0.0000000 0.3887536 0.7139961 0.5920736 
H          0.2730806 0.2427504 0.6393804 0.4112792 0.3758035 0.5231299 0.3887536 0.0000000 0.5488625 0.5448414 
I          0.5535460 0.5376458 0.8898384 0.6063873 0.6700115 0.8119107 0.7139961 0.5488625 0.0000000 0.7810444 
J          0.5257729 0.5015114 0.8643436 0.7332136 0.6120096 0.8938200 0.5920736 0.5448414 0.7810444 0.0000000 
