10
A          0.0000000 0.1804713 0.5835321 0.3374354 0.3448824 0.5612959 0.3393453 0.2121337 0.4559777 0.4437266 
B          0.1804713 0.0000000 0.5661267 0.2937068 0.3292574 0.5312578 0.3242846 0.1810051 0.4557269 0.4015038 
C          0.5835321 0.5661267 0.0000000 0.8062524 0.7634862 0.9045779 0.6641579 0.6106858 0.9551445 0.8162140 
D          0.3374354 0.2937068 0.8062524 0.0000000 0.5238880 0.7734107 0.5046733 0.3669945 0.6386298 0.6040290 
E          0.3448824 0.3292574 0.7634862 0.5238880 0.0000000 0.6643570 0.5619974 0.3702321 0.6525778 0.6648994 
F          0.5612959 0.5312578 0.9045779 0.7734107 0.6643570 0.0000000 0.6997569 0.5319177 0.8539696 0.7408422 
G          0.3393453 0.3242846 0.6641579 0.5046733 0.5619974 0.6997569 0.0000000 0.3877822 0.6556844 0.6065037 
H          0.2121337 0.1810051 0.6106858 0.3669945 0.3702321 0.5319177 0.3877822 0.0000000 0.5045409 0.4573374 
I          0.4559777 0.4557269 0.9551445 0.6386298 0.6525778 0.8539696 0.6556844 0.5045409 0.0000000 0.7048168 
J          0.4437266 0.4015038 0.8162140 0.6040290 0.6648994 0.7408422 0.6065037 0.4573374 0.7048168 0.0000000 
