10
A          0.0000000 0.1864333 0.4935573 0.3804450 0.3482433 0.5777817 0.3249593 0.2220677 0.4532100 0.4381701 
B          0.1864333 0.0000000 0.4644201 0.3367012 0.3425963 0.5091841 0.2918226 0.1863889 0.4320341 0.4081580 
C          0.4935573 0.4644201 0.0000000 0.6666778 0.6605339 0.8538824 0.5744787 0.5599513 0.7531608 0.6490487 
D          0.3804450 0.3367012 0.6666778 0.0000000 0.4783977 0.6392322 0.4790526 0.3623304 0.5656609 0.5458915 
E          0.3482433 0.3425963 0.6605339 0.4783977 0.0000000 0.8332609 0.4694670 0.3882753 0.6400892 0.5820609 
F          0.5777817 0.5091841 0.8538824 0.6392322 0.8332609 0.0000000 0.7066896 0.5536709 0.7920847 0.7182537 
G          0.3249593 0.2918226 0.5744787 0.4790526 0.4694670 0.7066896 0.0000000 0.3431709 0.5500554 0.5262137 
H          0.2220677 0.1863889 0.5599513 0.3623304 0.3882753 0.5536709 0.3431709 0.0000000 0.4514045 0.4447378 
I          0.4532100 0.4320341 0.7531608 0.5656609 0.6400892 0.7920847 0.5500554 0.4514045 0.0000000 0.6530094 
J          0.4381701 0.4081580 0.6490487 0.5458915 0.5820609 0.7182537 0.5262137 0.4447378 0.6530094 0.0000000 
