10
A          0.0000000 0.2175601 0.6164034 0.3767185 0.4248704 0.7149863 0.3449229 0.2385747 0.5206346 0.4348447 
B          0.2175601 0.0000000 0.6472167 0.3514887 0.4084779 0.6548382 0.3222988 0.2363032 0.4778970 0.4436060 
C          0.6164034 0.6472167 0.0000000 0.8537357 0.8210776 1.0179278 0.7997129 0.6010772 0.9448063 0.7239295 
D          0.3767185 0.3514887 0.8537357 0.0000000 0.5509577 0.7630886 0.5038995 0.3693684 0.5959107 0.6048867 
E          0.4248704 0.4084779 0.8210776 0.5509577 0.0000000 0.8030496 0.5474045 0.3962616 0.6419702 0.6859287 
F          0.7149863 0.6548382 1.0179278 0.7630886 0.8030496 0.0000000 0.8045601 0.6285727 0.9857751 0.8992772 
G          0.3449229 0.3222988 0.7997129 0.5038995 0.5474045 0.8045601 0.0000000 0.3320004 0.5937456 0.5231882 
H          0.2385747 0.2363032 0.6010772 0.3693684 0.3962616 0.6285727 0.3320004 0.0000000 0.5414493 0.4196674 
I          0.5206346 0.4778970 0.9448063 0.5959107 0.6419702 0.9857751 0.5937456 0.5414493 0.0000000 0.6944831 
J          0.4348447 0.4436060 0.7239295 0.6048867 0.6859287 0.8992772 0.5231882 0.4196674 0.6944831 0.0000000 
