10
A          0.0000000 0.2412660 0.6618658 0.4007416 0.3674456 0.5926343 0.3389025 0.2224525 0.5801614 0.4768937 
B          0.2412660 0.0000000 0.6244848 0.3854461 0.3335894 0.6379577 0.3579725 0.1961830 0.5462797 0.4905243 
C          0.6618658 0.6244848 0.0000000 0.8195256 0.6950612 0.9966267 0.8088213 0.6271740 0.9661983 0.8224088 
D          0.4007416 0.3854461 0.8195256 0.0000000 0.5056460 0.8205230 0.4900163 0.3415061 0.6592772 0.6639798 
E          0.3674456 0.3335894 0.6950612 0.5056460 0.0000000 0.7124191 0.4711898 0.3041223 0.7527596 0.5722735 
F          0.5926343 0.6379577 0.9966267 0.8205230 0.7124191 0.0000000 0.6655441 0.5865380 0.7825401 0.8382664 
G          0.3389025 0.3579725 0.8088213 0.4900163 0.4711898 0.6655441 0.0000000 0.3042365 0.5647579 0.5416338 
H          0.2224525 0.1961830 0.6271740 0.3415061 0.3041223 0.5865380 0.3042365 0.0000000 0.4731230 0.4265928 
I          0.5801614 0.5462797 0.9661983 0.6592772 0.7527596 0.7825401 0.5647579 0.4731230 0.0000000 0.7563704 
J          0.4768937 0.4905243 0.8224088 0.6639798 0.5722735 0.8382664 0.5416338 0.4265928 0.7563704 0.0000000 
