10
A          0.0000000 0.2144299 0.6258516 0.3984675 0.3796707 0.6954843 0.3301632 0.2435001 0.5016241 0.4757515 
B          0.2144299 0.0000000 0.5513870 0.3422771 0.3479930 0.6054155 0.2773669 0.2240059 0.4706790 0.4191252 
C          0.6258516 0.5513870 0.0000000 0.7214770 0.7329117 0.8743116 0.6794487 0.5712815 0.8222138 0.8099401 
D          0.3984675 0.3422771 0.7214770 0.0000000 0.5232578 0.8323338 0.4683812 0.3976802 0.6612651 0.5705670 
E          0.3796707 0.3479930 0.7329117 0.5232578 0.0000000 0.7414650 0.4529177 0.3189089 0.6282160 0.6301627 
F          0.6954843 0.6054155 0.8743116 0.8323338 0.7414650 0.0000000 0.6625822 0.6402409 0.8258850 0.8848670 
G          0.3301632 0.2773669 0.6794487 0.4683812 0.4529177 0.6625822 0.0000000 0.3199870 0.5224343 0.5218432 
H          0.2435001 0.2240059 0.5712815 0.3976802 0.3189089 0.6402409 0.3199870 0.0000000 0.4895436 0.4192667 
I          0.5016241 0.4706790 0.8222138 0.6612651 0.6282160 0.8258850 0.5224343 0.4895436 0.0000000 0.6471849 
J          0.4757515 0.4191252 0.8099401 0.5705670 0.6301627 0.8848670 0.5218432 0.4192667 0.6471849 0.0000000 
