10
A          0.0000000 0.2674345 0.2843895 0.4759623 0.1774075 0.4706927 0.6231572 0.5365292 0.5505052 0.2027334 
B          0.2674345 0.0000000 0.3531658 0.5111179 0.2241758 0.5404764 0.6453470 0.6413215 0.5430026 0.2751159 
C          0.2843895 0.3531658 0.0000000 0.6098574 0.2820347 0.6348019 0.6779551 0.6639042 0.6422191 0.3047108 
D          0.4759623 0.5111179 0.6098574 0.0000000 0.4995137 0.6975081 0.8210596 0.8766365 0.9292883 0.5067687 
E          0.1774075 0.2241758 0.2820347 0.4995137 0.0000000 0.4239125 0.5763243 0.5075213 0.5126198 0.1855321 
F          0.4706927 0.5404764 0.6348019 0.6975081 0.4239125 0.0000000 0.8236829 0.7455096 0.7834813 0.4765558 
G          0.6231572 0.6453470 0.6779551 0.8210596 0.5763243 0.8236829 0.0000000 1.0939296 0.9939633 0.5686285 
H          0.5365292 0.6413215 0.6639042 0.8766365 0.5075213 0.7455096 1.0939296 0.0000000 0.8325813 0.6014464 
I          0.5505052 0.5430026 0.6422191 0.9292883 0.5126198 0.7834813 0.9939633 0.8325813 0.0000000 0.5201656 
J          0.2027334 0.2751159 0.3047108 0.5067687 0.1855321 0.4765558 0.5686285 0.6014464 0.5201656 0.0000000 
