10
A          0.0000000 0.3577162 0.3671969 0.5252578 0.2143046 0.6266884 0.6447719 0.6530918 0.6149579 0.2989607 
B          0.3577162 0.0000000 0.4949979 0.6123834 0.3231700 0.5860150 0.7497730 0.7185618 0.7103300 0.3454736 
C          0.3671969 0.4949979 0.0000000 0.6447847 0.3049047 0.7634235 0.8987257 0.8042826 0.7360960 0.4304495 
D          0.5252578 0.6123834 0.6447847 0.0000000 0.4920349 0.8357406 1.0116293 0.9379114 0.9849579 0.5480436 
E          0.2143046 0.3231700 0.3049047 0.4920349 0.0000000 0.5614677 0.6657271 0.6792294 0.6194961 0.2680752 
F          0.6266884 0.5860150 0.7634235 0.8357406 0.5614677 0.0000000 0.9587094 0.9660505 0.9880767 0.5682523 
G          0.6447719 0.7497730 0.8987257 1.0116293 0.6657271 0.9587094 0.0000000 0.9349640 1.0242828 0.6848074 
H          0.6530918 0.7185618 0.8042826 0.9379114 0.6792294 0.9660505 0.9349640 0.0000000 1.0654342 0.6490402 
I          0.6149579 0.7103300 0.7360960 0.9849579 0.6194961 0.9880767 1.0242828 1.0654342 0.0000000 0.6324934 
J          0.2989607 0.3454736 0.4304495 0.5480436 0.2680752 0.5682523 0.6848074 0.6490402 0.6324934 0.0000000 
