10
A          0.0000000 0.3158589 0.3527566 0.5100230 0.1830821 0.5409494 0.6025734 0.6278228 0.5119288 0.2145746 
B          0.3158589 0.0000000 0.4341272 0.5521075 0.2695388 0.5684808 0.6360217 0.6488748 0.5736640 0.2946966 
C          0.3527566 0.4341272 0.0000000 0.7154489 0.2711664 0.6640517 0.6529104 0.8296264 0.5970238 0.3718157 
D          0.5100230 0.5521075 0.7154489 0.0000000 0.4358179 0.7703468 0.8754135 0.8508533 0.7262858 0.4972412 
E          0.1830821 0.2695388 0.2711664 0.4358179 0.0000000 0.4490829 0.5025919 0.5153751 0.4637482 0.1889371 
F          0.5409494 0.5684808 0.6640517 0.7703468 0.4490829 0.0000000 0.7801491 0.8639631 0.7881601 0.5159256 
G          0.6025734 0.6360217 0.6529104 0.8754135 0.5025919 0.7801491 0.0000000 0.9901444 0.8189651 0.5937433 
H          0.6278228 0.6488748 0.8296264 0.8508533 0.5153751 0.8639631 0.9901444 0.0000000 0.9230036 0.5962764 
I          0.5119288 0.5736640 0.5970238 0.7262858 0.4637482 0.7881601 0.8189651 0.9230036 0.0000000 0.5471045 
J          0.2145746 0.2946966 0.3718157 0.4972412 0.1889371 0.5159256 0.5937433 0.5962764 0.5471045 0.0000000 
