10
A          0.0000000 0.2901157 0.2925823 0.4609696 0.1663185 0.4811609 0.4732203 0.4975158 0.6320832 0.2515263 
B          0.2901157 0.0000000 0.3827397 0.5367855 0.2553103 0.6627898 0.6110692 0.6471213 0.6852589 0.3151161 
C          0.2925823 0.3827397 0.0000000 0.5085728 0.2313062 0.5863045 0.5711968 0.5796241 0.6298857 0.2836971 
D          0.4609696 0.5367855 0.5085728 0.0000000 0.4158528 0.7635242 0.8199783 0.7323204 0.8327047 0.4686351 
E          0.1663185 0.2553103 0.2313062 0.4158528 0.0000000 0.4643717 0.4547398 0.4870859 0.5363851 0.1801080 
F          0.4811609 0.6627898 0.5863045 0.7635242 0.4643717 0.0000000 0.6950545 0.7982697 0.8471491 0.5686404 
G          0.4732203 0.6110692 0.5711968 0.8199783 0.4547398 0.6950545 0.0000000 0.7194219 0.8675991 0.5214520 
H          0.4975158 0.6471213 0.5796241 0.7323204 0.4870859 0.7982697 0.7194219 0.0000000 0.9361063 0.5441243 
I          0.6320832 0.6852589 0.6298857 0.8327047 0.5363851 0.8471491 0.8675991 0.9361063 0.0000000 0.6047401 
J          0.2515263 0.3151161 0.2836971 0.4686351 0.1801080 0.5686404 0.5214520 0.5441243 0.6047401 0.0000000 
