10
A          0.0000000 0.3178657 0.3307294 0.4454704 0.2078545 0.5368636 0.5505779 0.6475506 0.5901375 0.2711810 
B          0.3178657 0.0000000 0.4237705 0.6409097 0.3158937 0.5066877 0.5414402 0.6753192 0.6314240 0.3046096 
C          0.3307294 0.4237705 0.0000000 0.5891280 0.2400754 0.7025392 0.6820517 0.7468473 0.6279934 0.3826106 
D          0.4454704 0.6409097 0.5891280 0.0000000 0.4659306 0.7857580 0.7957361 1.0512902 0.8755237 0.5272751 
E          0.2078545 0.3158937 0.2400754 0.4659306 0.0000000 0.5006490 0.5343065 0.6446661 0.4996449 0.2490638 
F          0.5368636 0.5066877 0.7025392 0.7857580 0.5006490 0.0000000 0.7611951 0.8242799 0.8216436 0.5135467 
G          0.5505779 0.5414402 0.6820517 0.7957361 0.5343065 0.7611951 0.0000000 0.8731961 0.9643565 0.5492611 
H          0.6475506 0.6753192 0.7468473 1.0512902 0.6446661 0.8242799 0.8731961 0.0000000 0.9836862 0.6755036 
I          0.5901375 0.6314240 0.6279934 0.8755237 0.4996449 0.8216436 0.9643565 0.9836862 0.0000000 0.5383450 
J          0.2711810 0.3046096 0.3826106 0.5272751 0.2490638 0.5135467 0.5492611 0.6755036 0.5383450 0.0000000 
