10
A          0.0000000 0.2562301 0.3096401 0.4642229 0.1614681 0.4904517 0.5138331 0.5089861 0.4643470 0.1802075 
B          0.2562301 0.0000000 0.4067988 0.5486735 0.2232072 0.5866708 0.5804807 0.5102790 0.5583710 0.2661654 
C          0.3096401 0.4067988 0.0000000 0.6073387 0.3043384 0.6525805 0.6644974 0.6356259 0.6437832 0.3551456 
D          0.4642229 0.5486735 0.6073387 0.0000000 0.4743236 0.7902098 0.8206271 0.8316820 0.7833307 0.4799788 
E          0.1614681 0.2232072 0.3043384 0.4743236 0.0000000 0.4614049 0.5334609 0.5504282 0.5404492 0.1790598 
F          0.4904517 0.5866708 0.6525805 0.7902098 0.4614049 0.0000000 0.8274283 0.7438511 0.8560272 0.5211146 
G          0.5138331 0.5804807 0.6644974 0.8206271 0.5334609 0.8274283 0.0000000 0.8476068 0.9299545 0.5050561 
H          0.5089861 0.5102790 0.6356259 0.8316820 0.5504282 0.7438511 0.8476068 0.0000000 0.7689382 0.5679655 
I          0.4643470 0.5583710 0.6437832 0.7833307 0.5404492 0.8560272 0.9299545 0.7689382 0.0000000 0.5273625 
J          0.1802075 0.2661654 0.3551456 0.4799788 0.1790598 0.5211146 0.5050561 0.5679655 0.5273625 0.0000000 
