10
A          0.0000000 0.2369672 0.2278475 0.3906436 0.1570605 0.4484755 0.4625179 0.5131007 0.4922738 0.1957733 
B          0.2369672 0.0000000 0.2828691 0.4317479 0.2262575 0.4262795 0.5110793 0.5747770 0.5387600 0.2344358 
C          0.2278475 0.2828691 0.0000000 0.4101389 0.2220846 0.4988968 0.5007760 0.5307792 0.6251189 0.2561850 
D          0.3906436 0.4317479 0.4101389 0.0000000 0.3529803 0.6971912 0.6271765 0.7171535 0.7101779 0.3863443 
E          0.1570605 0.2262575 0.2220846 0.3529803 0.0000000 0.4137731 0.4791077 0.4909514 0.5021433 0.1548931 
F          0.4484755 0.4262795 0.4988968 0.6971912 0.4137731 0.0000000 0.6501549 0.7799767 0.8036975 0.4371388 
G          0.4625179 0.5110793 0.5007760 0.6271765 0.4791077 0.6501549 0.0000000 0.7582408 0.8128811 0.4739032 
H          0.5131007 0.5747770 0.5307792 0.7171535 0.4909514 0.7799767 0.7582408 0.0000000 0.8361151 0.4837814 
I          0.4922738 0.5387600 0.6251189 0.7101779 0.5021433 0.8036975 0.8128811 0.8361151 0.0000000 0.5183837 
J          0.1957733 0.2344358 0.2561850 0.3863443 0.1548931 0.4371388 0.4739032 0.4837814 0.5183837 0.0000000 
