10
A          0.0000000 0.3017267 0.2472260 0.4743330 0.1878890 0.4807422 0.5059351 0.4942226 0.4255499 0.2233605 
B          0.3017267 0.0000000 0.3307730 0.5507691 0.2416627 0.5043804 0.5243111 0.4913587 0.4568864 0.2527593 
C          0.2472260 0.3307730 0.0000000 0.5036721 0.2292531 0.5689082 0.5173744 0.5315274 0.4906124 0.2947999 
D          0.4743330 0.5507691 0.5036721 0.0000000 0.4505772 0.7613373 0.7740537 0.7357706 0.6294457 0.4977743 
E          0.1878890 0.2416627 0.2292531 0.4505772 0.0000000 0.4329977 0.4597657 0.4292995 0.3737141 0.2047191 
F          0.4807422 0.5043804 0.5689082 0.7613373 0.4329977 0.0000000 0.7530580 0.7502709 0.6937618 0.5109361 
G          0.5059351 0.5243111 0.5173744 0.7740537 0.4597657 0.7530580 0.0000000 0.6743210 0.6458616 0.4937131 
H          0.4942226 0.4913587 0.5315274 0.7357706 0.4292995 0.7502709 0.6743210 0.0000000 0.6538412 0.4926403 
I          0.4255499 0.4568864 0.4906124 0.6294457 0.3737141 0.6937618 0.6458616 0.6538412 0.0000000 0.4193964 
J          0.2233605 0.2527593 0.2947999 0.4977743 0.2047191 0.5109361 0.4937131 0.4926403 0.4193964 0.0000000 
