10
A          0.0000000 0.7222618 0.6578147 0.6031719 0.6498801 0.4533439 0.8004136 0.4912384 0.8453426 0.5383310 
B          0.7222618 0.0000000 0.5342646 0.5228773 0.5644662 0.3812914 0.7775101 0.4079656 0.7199826 0.4856244 
C          0.6578147 0.5342646 0.0000000 0.4446993 0.4380659 0.3186087 0.6199058 0.3426508 0.6156594 0.3380951 
D          0.6031719 0.5228773 0.4446993 0.0000000 0.4596577 0.2805561 0.6558720 0.3219238 0.6051426 0.3717440 
E          0.6498801 0.5644662 0.4380659 0.4596577 0.0000000 0.2725775 0.6106629 0.3005633 0.5953830 0.3370548 
F          0.4533439 0.3812914 0.3186087 0.2805561 0.2725775 0.0000000 0.4919745 0.1499389 0.4201938 0.1874097 
G          0.8004136 0.7775101 0.6199058 0.6558720 0.6106629 0.4919745 0.0000000 0.5182618 0.7388246 0.5414987 
H          0.4912384 0.4079656 0.3426508 0.3219238 0.3005633 0.1499389 0.5182618 0.0000000 0.4683679 0.2086382 
I          0.8453426 0.7199826 0.6156594 0.6051426 0.5953830 0.4201938 0.7388246 0.4683679 0.0000000 0.4847576 
J          0.5383310 0.4856244 0.3380951 0.3717440 0.3370548 0.1874097 0.5414987 0.2086382 0.4847576 0.0000000 
