10
A          0.0000000 0.7545635 0.7034473 0.6752083 0.7232737 0.5483044 1.0015677 0.5504700 0.9461462 0.6437015 
B          0.7545635 0.0000000 0.5134924 0.4567353 0.4979819 0.3540830 0.7944212 0.3213226 0.6238108 0.3936200 
C          0.7034473 0.5134924 0.0000000 0.4451417 0.4321449 0.3655279 0.7298194 0.3320477 0.6366171 0.3926961 
D          0.6752083 0.4567353 0.4451417 0.0000000 0.4170793 0.2700137 0.6151281 0.2484073 0.5465444 0.3431273 
E          0.7232737 0.4979819 0.4321449 0.4170793 0.0000000 0.2983971 0.6376023 0.2643214 0.5490793 0.3814749 
F          0.5483044 0.3540830 0.3655279 0.2700137 0.2983971 0.0000000 0.5730852 0.1565418 0.4502704 0.2242738 
G          1.0015677 0.7944212 0.7298194 0.6151281 0.6376023 0.5730852 0.0000000 0.5040382 0.8008543 0.6670399 
H          0.5504700 0.3213226 0.3320477 0.2484073 0.2643214 0.1565418 0.5040382 0.0000000 0.4416018 0.2058922 
I          0.9461462 0.6238108 0.6366171 0.5465444 0.5490793 0.4502704 0.8008543 0.4416018 0.0000000 0.4981091 
J          0.6437015 0.3936200 0.3926961 0.3431273 0.3814749 0.2242738 0.6670399 0.2058922 0.4981091 0.0000000 
