10
A          0.0000000 0.5715991 0.6061622 0.5322700 0.6248098 0.4301585 0.8070021 0.4408642 0.6434705 0.5157272 
B          0.5715991 0.0000000 0.5464820 0.5145352 0.5265892 0.3729098 0.7225163 0.3763408 0.5604178 0.4353580 
C          0.6061622 0.5464820 0.0000000 0.4629598 0.5070345 0.3182122 0.6350623 0.3347447 0.6008484 0.4159689 
D          0.5322700 0.5145352 0.4629598 0.0000000 0.4556379 0.2944489 0.6424159 0.3039228 0.5502085 0.3985978 
E          0.6248098 0.5265892 0.5070345 0.4556379 0.0000000 0.2569618 0.6711365 0.2804923 0.5576999 0.3656716 
F          0.4301585 0.3729098 0.3182122 0.2944489 0.2569618 0.0000000 0.4644120 0.1111913 0.3897300 0.2026193 
G          0.8070021 0.7225163 0.6350623 0.6424159 0.6711365 0.4644120 0.0000000 0.4539690 0.7372617 0.5888547 
H          0.4408642 0.3763408 0.3347447 0.3039228 0.2804923 0.1111913 0.4539690 0.0000000 0.3978332 0.2021317 
I          0.6434705 0.5604178 0.6008484 0.5502085 0.5576999 0.3897300 0.7372617 0.3978332 0.0000000 0.4719621 
J          0.5157272 0.4353580 0.4159689 0.3985978 0.3656716 0.2026193 0.5888547 0.2021317 0.4719621 0.0000000 
