10
A          0.0000000 0.9400884 0.6645768 0.7594459 0.6930096 0.7315748 1.2478601 0.6912891 0.7744770 0.8744827 
B          0.9400884 0.0000000 0.8508933 0.6344575 0.6936412 0.5238295 1.0545257 0.5882784 0.8345834 0.6617082 
C          0.6645768 0.8508933 0.0000000 0.6193164 0.6901152 0.5399314 1.0296506 0.5524420 0.7564551 0.6215201 
D          0.7594459 0.6344575 0.6193164 0.0000000 0.5840439 0.4145329 0.8783907 0.4411299 0.7776749 0.5911110 
E          0.6930096 0.6936412 0.6901152 0.5840439 0.0000000 0.3286300 0.9664889 0.3984519 0.7404570 0.5074047 
F          0.7315748 0.5238295 0.5399314 0.4145329 0.3286300 0.0000000 0.6885531 0.2491961 0.5933572 0.3246767 
G          1.2478601 1.0545257 1.0296506 0.8783907 0.9664889 0.6885531 0.0000000 0.6128748 1.0885544 0.7277291 
H          0.6912891 0.5882784 0.5524420 0.4411299 0.3984519 0.2491961 0.6128748 0.0000000 0.6080694 0.2215734 
I          0.7744770 0.8345834 0.7564551 0.7776749 0.7404570 0.5933572 1.0885544 0.6080694 0.0000000 0.7522491 
J          0.8744827 0.6617082 0.6215201 0.5911110 0.5074047 0.3246767 0.7277291 0.2215734 0.7522491 0.0000000 
