10
A          0.0000000 0.6798302 0.6974191 0.6199851 0.7087278 0.5274100 0.9131439 0.5549670 0.7990827 0.6125568 
B          0.6798302 0.0000000 0.5041064 0.4942762 0.4531241 0.3225923 0.6919434 0.3035403 0.5658695 0.3418145 
C          0.6974191 0.5041064 0.0000000 0.5275816 0.5144871 0.3526842 0.7429273 0.3446998 0.5878529 0.3950545 
D          0.6199851 0.4942762 0.5275816 0.0000000 0.3913748 0.3096907 0.6740976 0.2921490 0.5845267 0.3316988 
E          0.7087278 0.4531241 0.5144871 0.3913748 0.0000000 0.2848954 0.6567223 0.2618692 0.5486586 0.3255287 
F          0.5274100 0.3225923 0.3526842 0.3096907 0.2848954 0.0000000 0.5597625 0.1425099 0.4343993 0.1975630 
G          0.9131439 0.6919434 0.7429273 0.6740976 0.6567223 0.5597625 0.0000000 0.5089213 0.7505794 0.5416475 
H          0.5549670 0.3035403 0.3446998 0.2921490 0.2618692 0.1425099 0.5089213 0.0000000 0.4233077 0.1928312 
I          0.7990827 0.5658695 0.5878529 0.5845267 0.5486586 0.4343993 0.7505794 0.4233077 0.0000000 0.5097958 
J          0.6125568 0.3418145 0.3950545 0.3316988 0.3255287 0.1975630 0.5416475 0.1928312 0.5097958 0.0000000 
