10
A          0.0000000 0.6667551 0.6885334 0.6524531 0.6316272 0.5034695 0.8007246 0.4726443 0.7930448 0.5588015 
B          0.6667551 0.0000000 0.5266963 0.4657602 0.4264482 0.3401844 0.7199812 0.3217947 0.6169010 0.4006679 
C          0.6885334 0.5266963 0.0000000 0.4604333 0.4058589 0.3153842 0.7230082 0.2890037 0.6180849 0.3857101 
D          0.6524531 0.4657602 0.4604333 0.0000000 0.4037896 0.2721844 0.6759415 0.2669743 0.6264630 0.3105200 
E          0.6316272 0.4264482 0.4058589 0.4037896 0.0000000 0.2448105 0.6747505 0.2618781 0.5050370 0.3037042 
F          0.5034695 0.3401844 0.3153842 0.2721844 0.2448105 0.0000000 0.5385070 0.1441485 0.4108386 0.1866991 
G          0.8007246 0.7199812 0.7230082 0.6759415 0.6747505 0.5385070 0.0000000 0.5106291 0.8264984 0.5936602 
H          0.4726443 0.3217947 0.2890037 0.2669743 0.2618781 0.1441485 0.5106291 0.0000000 0.4055821 0.1879590 
I          0.7930448 0.6169010 0.6180849 0.6264630 0.5050370 0.4108386 0.8264984 0.4055821 0.0000000 0.4811380 
J          0.5588015 0.4006679 0.3857101 0.3105200 0.3037042 0.1866991 0.5936602 0.1879590 0.4811380 0.0000000 
