10
A          0.0000000 0.8501626 0.7065201 0.6882192 0.7191517 0.5734397 1.0792780 0.6360042 0.9077887 0.7063093 
B          0.8501626 0.0000000 0.6200537 0.5356452 0.5822788 0.4254693 0.8915068 0.3929090 0.6661952 0.5103812 
C          0.7065201 0.6200537 0.0000000 0.5855199 0.5278803 0.3735328 0.9237014 0.3082074 0.5629171 0.4384983 
D          0.6882192 0.5356452 0.5855199 0.0000000 0.4786825 0.3477510 0.9049096 0.3282930 0.6353646 0.4303398 
E          0.7191517 0.5822788 0.5278803 0.4786825 0.0000000 0.2807452 0.8882466 0.3067530 0.5983702 0.4207538 
F          0.5734397 0.4254693 0.3735328 0.3477510 0.2807452 0.0000000 0.7383302 0.1688772 0.4704813 0.2923514 
G          1.0792780 0.8915068 0.9237014 0.9049096 0.8882466 0.7383302 0.0000000 0.6562499 1.0918882 0.7278876 
H          0.6360042 0.3929090 0.3082074 0.3282930 0.3067530 0.1688772 0.6562499 0.0000000 0.4405299 0.2227991 
I          0.9077887 0.6661952 0.5629171 0.6353646 0.5983702 0.4704813 1.0918882 0.4405299 0.0000000 0.4945490 
J          0.7063093 0.5103812 0.4384983 0.4303398 0.4207538 0.2923514 0.7278876 0.2227991 0.4945490 0.0000000 
