10
A          0.0000000 0.3098349 0.4781169 0.3385361 0.3719407 0.5901199 0.5439157 0.2048907 0.2248350 0.5901002 
B          0.3098349 0.0000000 0.5728301 0.3523057 0.4124791 0.6728560 0.5659450 0.2039740 0.2426773 0.6448464 
C          0.4781169 0.5728301 0.0000000 0.5449771 0.6030714 0.8354023 0.8047244 0.4328098 0.4658280 0.8079875 
D          0.3385361 0.3523057 0.5449771 0.0000000 0.4266547 0.6715069 0.6174010 0.2246491 0.2782904 0.7085586 
E          0.3719407 0.4124791 0.6030714 0.4266547 0.0000000 0.7597365 0.6658144 0.2961659 0.3338951 0.7207250 
F          0.5901199 0.6728560 0.8354023 0.6715069 0.7597365 0.0000000 0.8888537 0.5096144 0.5213535 0.8785822 
G          0.5439157 0.5659450 0.8047244 0.6174010 0.6658144 0.8888537 0.0000000 0.4917068 0.4704174 0.9343976 
H          0.2048907 0.2039740 0.4328098 0.2246491 0.2961659 0.5096144 0.4917068 0.0000000 0.1539151 0.4869979 
I          0.2248350 0.2426773 0.4658280 0.2782904 0.3338951 0.5213535 0.4704174 0.1539151 0.0000000 0.5582240 
J          0.5901002 0.6448464 0.8079875 0.7085586 0.7207250 0.8785822 0.9343976 0.4869979 0.5582240 0.0000000 
