10
A          0.0000000 0.2755653 0.4037985 0.3157126 0.3836878 0.5456629 0.5159749 0.2184131 0.2289864 0.6259877 
B          0.2755653 0.0000000 0.4495484 0.3103930 0.3307693 0.5391700 0.4689564 0.1913169 0.2040808 0.5087485 
C          0.4037985 0.4495484 0.0000000 0.4812949 0.5144848 0.6484494 0.6230331 0.3786557 0.3678181 0.5964049 
D          0.3157126 0.3103930 0.4812949 0.0000000 0.3662198 0.5955039 0.5545759 0.2704434 0.2686206 0.5485972 
E          0.3836878 0.3307693 0.5144848 0.3662198 0.0000000 0.5852097 0.5837148 0.2966152 0.2843886 0.5786621 
F          0.5456629 0.5391700 0.6484494 0.5955039 0.5852097 0.0000000 0.7865375 0.4852361 0.5279696 0.8116640 
G          0.5159749 0.4689564 0.6230331 0.5545759 0.5837148 0.7865375 0.0000000 0.4473714 0.3890317 0.8071402 
H          0.2184131 0.1913169 0.3786557 0.2704434 0.2966152 0.4852361 0.4473714 0.0000000 0.1599035 0.5309244 
I          0.2289864 0.2040808 0.3678181 0.2686206 0.2843886 0.5279696 0.3890317 0.1599035 0.0000000 0.5264778 
J          0.6259877 0.5087485 0.5964049 0.5485972 0.5786621 0.8116640 0.8071402 0.5309244 0.5264778 0.0000000 
