10
A          0.0000000 0.2953508 0.5108050 0.3463341 0.4290517 0.5344842 0.5346604 0.2383069 0.2347763 0.5816536 
B          0.2953508 0.0000000 0.5215677 0.3486267 0.4384773 0.5422252 0.4785091 0.2429114 0.2431365 0.5662162 
C          0.5108050 0.5215677 0.0000000 0.5326645 0.6178186 0.8266918 0.6874184 0.4471969 0.4551953 0.8227488 
D          0.3463341 0.3486267 0.5326645 0.0000000 0.3921651 0.5479788 0.4591644 0.2777924 0.2481011 0.5955241 
E          0.4290517 0.4384773 0.6178186 0.3921651 0.0000000 0.6637868 0.5792553 0.3445478 0.3425391 0.7745096 
F          0.5344842 0.5422252 0.8266918 0.5479788 0.6637868 0.0000000 0.7610530 0.5076073 0.4788780 0.8777286 
G          0.5346604 0.4785091 0.6874184 0.4591644 0.5792553 0.7610530 0.0000000 0.4198798 0.4051880 0.6699115 
H          0.2383069 0.2429114 0.4471969 0.2777924 0.3445478 0.5076073 0.4198798 0.0000000 0.1622353 0.5376723 
I          0.2347763 0.2431365 0.4551953 0.2481011 0.3425391 0.4788780 0.4051880 0.1622353 0.0000000 0.5437978 
J          0.5816536 0.5662162 0.8227488 0.5955241 0.7745096 0.8777286 0.6699115 0.5376723 0.5437978 0.0000000 
