10
A          0.0000000 0.2459105 0.4985382 0.3214601 0.4235114 0.6694362 0.4351645 0.2072263 0.2322153 0.5670866 
B          0.2459105 0.0000000 0.4672639 0.2882117 0.3642065 0.6010041 0.4230419 0.1798824 0.2034026 0.5699119 
C          0.4985382 0.4672639 0.0000000 0.5693348 0.6104663 0.9581434 0.6359999 0.4247290 0.4486514 0.8346831 
D          0.3214601 0.2882117 0.5693348 0.0000000 0.4595024 0.6854858 0.4804809 0.2492207 0.2452693 0.6275274 
E          0.4235114 0.3642065 0.6104663 0.4595024 0.0000000 0.7279589 0.5178928 0.3137734 0.3472671 0.7276839 
F          0.6694362 0.6010041 0.9581434 0.6854858 0.7279589 0.0000000 0.8619516 0.5579190 0.5489460 0.9457857 
G          0.4351645 0.4230419 0.6359999 0.4804809 0.5178928 0.8619516 0.0000000 0.3662826 0.3891535 0.7911950 
H          0.2072263 0.1798824 0.4247290 0.2492207 0.3137734 0.5579190 0.3662826 0.0000000 0.1480792 0.5196096 
I          0.2322153 0.2034026 0.4486514 0.2452693 0.3472671 0.5489460 0.3891535 0.1480792 0.0000000 0.5462497 
J          0.5670866 0.5699119 0.8346831 0.6275274 0.7276839 0.9457857 0.7911950 0.5196096 0.5462497 0.0000000 
