10
A          0.0000000 0.2881626 0.4346055 0.2352415 0.3355181 0.5446465 0.4067827 0.2097052 0.1963542 0.5081336 
B          0.2881626 0.0000000 0.4704382 0.3187974 0.4124594 0.5524657 0.4727534 0.2359943 0.2527666 0.5445323 
C          0.4346055 0.4704382 0.0000000 0.4549120 0.5817604 0.6598906 0.5811265 0.4054787 0.4150798 0.6459699 
D          0.2352415 0.3187974 0.4549120 0.0000000 0.3992742 0.5692851 0.4131406 0.2322557 0.2217394 0.5218713 
E          0.3355181 0.4124594 0.5817604 0.3992742 0.0000000 0.6335171 0.5102895 0.3259276 0.3489164 0.6277071 
F          0.5446465 0.5524657 0.6598906 0.5692851 0.6335171 0.0000000 0.7168285 0.5210466 0.5427485 0.8362227 
G          0.4067827 0.4727534 0.5811265 0.4131406 0.5102895 0.7168285 0.0000000 0.3599724 0.3914764 0.6653174 
H          0.2097052 0.2359943 0.4054787 0.2322557 0.3259276 0.5210466 0.3599724 0.0000000 0.1742667 0.4428874 
I          0.1963542 0.2527666 0.4150798 0.2217394 0.3489164 0.5427485 0.3914764 0.1742667 0.0000000 0.4634980 
J          0.5081336 0.5445323 0.6459699 0.5218713 0.6277071 0.8362227 0.6653174 0.4428874 0.4634980 0.0000000 
