10
A          0.0000000 0.2998927 0.4851482 0.2968647 0.4197964 0.4886379 0.5332150 0.2312889 0.1984502 0.6043662 
B          0.2998927 0.0000000 0.5777613 0.3335062 0.4331222 0.5075067 0.5601380 0.2386586 0.2203325 0.6428664 
C          0.4851482 0.5777613 0.0000000 0.5025737 0.6559718 0.7556372 0.7453306 0.4632504 0.4626637 0.8126817 
D          0.2968647 0.3335062 0.5025737 0.0000000 0.4057775 0.5925823 0.5640841 0.2323857 0.2366373 0.6352920 
E          0.4197964 0.4331222 0.6559718 0.4057775 0.0000000 0.6191385 0.7418535 0.3554464 0.3446600 0.7202971 
F          0.4886379 0.5075067 0.7556372 0.5925823 0.6191385 0.0000000 0.7569736 0.5057468 0.5001963 0.8019839 
G          0.5332150 0.5601380 0.7453306 0.5640841 0.7418535 0.7569736 0.0000000 0.4716911 0.4584126 0.8159131 
H          0.2312889 0.2386586 0.4632504 0.2323857 0.3554464 0.5057468 0.4716911 0.0000000 0.1474309 0.5259991 
I          0.1984502 0.2203325 0.4626637 0.2366373 0.3446600 0.5001963 0.4584126 0.1474309 0.0000000 0.5714101 
J          0.6043662 0.6428664 0.8126817 0.6352920 0.7202971 0.8019839 0.8159131 0.5259991 0.5714101 0.0000000 
