10
A          0.0000000 0.2777948 0.3469224 0.5234945 0.3258344 0.2120733 0.4663433 0.2122835 0.4586638 0.4479702 
B          0.2777948 0.0000000 0.3638497 0.5207042 0.3536282 0.2408778 0.5224926 0.2422999 0.5066810 0.4672387 
C          0.3469224 0.3638497 0.0000000 0.6132466 0.4141286 0.2978665 0.5176131 0.2970032 0.5920390 0.5775474 
D          0.5234945 0.5207042 0.6132466 0.0000000 0.5845011 0.4937538 0.7527462 0.4918589 0.7289691 0.7645619 
E          0.3258344 0.3536282 0.4141286 0.5845011 0.0000000 0.2848579 0.5766842 0.2873095 0.4780083 0.4886848 
F          0.2120733 0.2408778 0.2978665 0.4937538 0.2848579 0.0000000 0.4550792 0.1640795 0.4202718 0.4031824 
G          0.4663433 0.5224926 0.5176131 0.7527462 0.5766842 0.4550792 0.0000000 0.4752180 0.6717473 0.6613735 
H          0.2122835 0.2422999 0.2970032 0.4918589 0.2873095 0.1640795 0.4752180 0.0000000 0.4528518 0.4299198 
I          0.4586638 0.5066810 0.5920390 0.7289691 0.4780083 0.4202718 0.6717473 0.4528518 0.0000000 0.6681183 
J          0.4479702 0.4672387 0.5775474 0.7645619 0.4886848 0.4031824 0.6613735 0.4299198 0.6681183 0.0000000 
