10
A          0.0000000 0.3446335 0.3593534 0.5432789 0.3242728 0.2311013 0.5035312 0.2732537 0.6639596 0.5190328 
B          0.3446335 0.0000000 0.4123597 0.6551517 0.3447948 0.2630167 0.5926049 0.3167696 0.6638465 0.4815566 
C          0.3593534 0.4123597 0.0000000 0.6854589 0.4161998 0.2893892 0.5945886 0.3089313 0.6745529 0.5809680 
D          0.5432789 0.6551517 0.6854589 0.0000000 0.5860843 0.4711812 0.8547502 0.4970339 0.8991980 0.7197726 
E          0.3242728 0.3447948 0.4161998 0.5860843 0.0000000 0.2449849 0.5398521 0.2987474 0.6775121 0.5203489 
F          0.2311013 0.2630167 0.2893892 0.4711812 0.2449849 0.0000000 0.4664948 0.2004096 0.5232692 0.4064419 
G          0.5035312 0.5926049 0.5945886 0.8547502 0.5398521 0.4664948 0.0000000 0.4495206 0.9690505 0.6247044 
H          0.2732537 0.3167696 0.3089313 0.4970339 0.2987474 0.2004096 0.4495206 0.0000000 0.5493871 0.4425571 
I          0.6639596 0.6638465 0.6745529 0.8991980 0.6775121 0.5232692 0.9690505 0.5493871 0.0000000 0.8223579 
J          0.5190328 0.4815566 0.5809680 0.7197726 0.5203489 0.4064419 0.6247044 0.4425571 0.8223579 0.0000000 
