10
A          0.0000000 0.3824382 0.4033940 0.5634491 0.2961857 0.2284569 0.5327827 0.2227052 0.7309562 0.4873800 
B          0.3824382 0.0000000 0.4785011 0.5725553 0.3983992 0.3274342 0.5517909 0.3058832 0.8333368 0.5661651 
C          0.4033940 0.4785011 0.0000000 0.7453582 0.4342617 0.4150816 0.6787518 0.3947377 0.8431320 0.6501415 
D          0.5634491 0.5725553 0.7453582 0.0000000 0.5535097 0.4888249 0.8227081 0.5020201 1.0193232 0.7381026 
E          0.2961857 0.3983992 0.4342617 0.5535097 0.0000000 0.2609244 0.5797850 0.2625318 0.6786721 0.4970199 
F          0.2284569 0.3274342 0.4150816 0.4888249 0.2609244 0.0000000 0.4935163 0.1840242 0.7210870 0.4731061 
G          0.5327827 0.5517909 0.6787518 0.8227081 0.5797850 0.4935163 0.0000000 0.4620895 0.9989101 0.6814853 
H          0.2227052 0.3058832 0.3947377 0.5020201 0.2625318 0.1840242 0.4620895 0.0000000 0.6365778 0.4260246 
I          0.7309562 0.8333368 0.8431320 1.0193232 0.6786721 0.7210870 0.9989101 0.6365778 0.0000000 0.8502877 
J          0.4873800 0.5661651 0.6501415 0.7381026 0.4970199 0.4731061 0.6814853 0.4260246 0.8502877 0.0000000 
