10
A          0.0000000 0.2711751 0.4165428 0.4444608 0.3207993 0.2190615 0.4875928 0.2350261 0.5249340 0.5513036 
B          0.2711751 0.0000000 0.4605159 0.4931496 0.3276798 0.2204144 0.5184121 0.2558012 0.5427186 0.6089342 
C          0.4165428 0.4605159 0.0000000 0.6706912 0.4031367 0.3762003 0.6282072 0.3761622 0.6334328 0.6884694 
D          0.4444608 0.4931496 0.6706912 0.0000000 0.5703513 0.4660050 0.7142494 0.4815829 0.7603613 0.7641713 
E          0.3207993 0.3276798 0.4031367 0.5703513 0.0000000 0.2353448 0.5053988 0.2334365 0.5557973 0.5488888 
F          0.2190615 0.2204144 0.3762003 0.4660050 0.2353448 0.0000000 0.4506543 0.1722081 0.4486253 0.5187866 
G          0.4875928 0.5184121 0.6282072 0.7142494 0.5053988 0.4506543 0.0000000 0.4409221 0.7575766 0.8357632 
H          0.2350261 0.2558012 0.3761622 0.4815829 0.2334365 0.1722081 0.4409221 0.0000000 0.4526840 0.5326834 
I          0.5249340 0.5427186 0.6334328 0.7603613 0.5557973 0.4486253 0.7575766 0.4526840 0.0000000 0.7983901 
J          0.5513036 0.6089342 0.6884694 0.7641713 0.5488888 0.5187866 0.8357632 0.5326834 0.7983901 0.0000000 
