10
A          0.0000000 0.3610203 0.4370836 0.6965725 0.4148908 0.2486264 0.5605300 0.3087068 0.6070374 0.5712611 
B          0.3610203 0.0000000 0.4748119 0.6804619 0.3993257 0.2498526 0.5628140 0.3052363 0.6107040 0.6003280 
C          0.4370836 0.4748119 0.0000000 0.7377094 0.4559319 0.3762284 0.6284375 0.3888909 0.7259281 0.6919926 
D          0.6965725 0.6804619 0.7377094 0.0000000 0.7084077 0.5488011 0.8888186 0.5714625 0.8347643 0.7996984 
E          0.4148908 0.3993257 0.4559319 0.7084077 0.0000000 0.3051795 0.5999306 0.3389023 0.5697803 0.5444422 
F          0.2486264 0.2498526 0.3762284 0.5488011 0.3051795 0.0000000 0.4644239 0.2211309 0.4886058 0.5051557 
G          0.5605300 0.5628140 0.6284375 0.8888186 0.5999306 0.4644239 0.0000000 0.4768006 0.7437955 0.7957767 
H          0.3087068 0.3052363 0.3888909 0.5714625 0.3389023 0.2211309 0.4768006 0.0000000 0.4853504 0.4798710 
I          0.6070374 0.6107040 0.7259281 0.8347643 0.5697803 0.4886058 0.7437955 0.4853504 0.0000000 0.7703543 
J          0.5712611 0.6003280 0.6919926 0.7996984 0.5444422 0.5051557 0.7957767 0.4798710 0.7703543 0.0000000 
