10
A          0.0000000 0.3688622 0.4043237 0.6021808 0.3308235 0.2575003 0.4969911 0.2534224 0.5522439 0.5299023 
B          0.3688622 0.0000000 0.4411407 0.6246416 0.3554477 0.3004578 0.5015173 0.2625866 0.5517540 0.5116507 
C          0.4043237 0.4411407 0.0000000 0.7045563 0.3983370 0.3461825 0.5877505 0.3107672 0.7016420 0.6052671 
D          0.6021808 0.6246416 0.7045563 0.0000000 0.5731450 0.4979409 0.7823180 0.5199932 0.8164061 0.7311026 
E          0.3308235 0.3554477 0.3983370 0.5731450 0.0000000 0.2509231 0.5312157 0.2312674 0.5431096 0.5067792 
F          0.2575003 0.3004578 0.3461825 0.4979409 0.2509231 0.0000000 0.4588429 0.1749272 0.4208441 0.4047212 
G          0.4969911 0.5015173 0.5877505 0.7823180 0.5312157 0.4588429 0.0000000 0.4353130 0.6752658 0.7210950 
H          0.2534224 0.2625866 0.3107672 0.5199932 0.2312674 0.1749272 0.4353130 0.0000000 0.4222967 0.4108075 
I          0.5522439 0.5517540 0.7016420 0.8164061 0.5431096 0.4208441 0.6752658 0.4222967 0.0000000 0.7092771 
J          0.5299023 0.5116507 0.6052671 0.7311026 0.5067792 0.4047212 0.7210950 0.4108075 0.7092771 0.0000000 
