10
A          0.0000000 0.2982355 0.3702640 0.4292930 0.2812516 0.2272902 0.5331381 0.2294707 0.5656608 0.4335975 
B          0.2982355 0.0000000 0.3937270 0.5350978 0.3563239 0.2667679 0.5439610 0.2916990 0.6223831 0.4636639 
C          0.3702640 0.3937270 0.0000000 0.5508389 0.4203179 0.3352978 0.6020220 0.3586527 0.6627075 0.5196552 
D          0.4292930 0.5350978 0.5508389 0.0000000 0.4566582 0.3984110 0.6960230 0.4524719 0.6932645 0.6402917 
E          0.2812516 0.3563239 0.4203179 0.4566582 0.0000000 0.2713078 0.5635354 0.2650397 0.5276158 0.4415092 
F          0.2272902 0.2667679 0.3352978 0.3984110 0.2713078 0.0000000 0.4420461 0.2141746 0.5186392 0.3728893 
G          0.5331381 0.5439610 0.6020220 0.6960230 0.5635354 0.4420461 0.0000000 0.4658225 0.7510688 0.6807460 
H          0.2294707 0.2916990 0.3586527 0.4524719 0.2650397 0.2141746 0.4658225 0.0000000 0.4839310 0.4070599 
I          0.5656608 0.6223831 0.6627075 0.6932645 0.5276158 0.5186392 0.7510688 0.4839310 0.0000000 0.7093867 
J          0.4335975 0.4636639 0.5196552 0.6402917 0.4415092 0.3728893 0.6807460 0.4070599 0.7093867 0.0000000 
