10
A          0.0000000 0.3151035 0.3946148 0.4296803 0.2689445 0.2197613 0.5690949 0.2309863 0.4919100 0.4397328 
B          0.3151035 0.0000000 0.4335720 0.4354795 0.2937666 0.2235866 0.6156446 0.2570385 0.5149622 0.4431850 
C          0.3946148 0.4335720 0.0000000 0.5322405 0.3753855 0.3295259 0.7438070 0.3496555 0.6394149 0.6186164 
D          0.4296803 0.4354795 0.5322405 0.0000000 0.4090734 0.3700748 0.7181553 0.4167438 0.7105830 0.6535745 
E          0.2689445 0.2937666 0.3753855 0.4090734 0.0000000 0.2120815 0.5610480 0.2517703 0.4911094 0.4787078 
F          0.2197613 0.2235866 0.3295259 0.3700748 0.2120815 0.0000000 0.5450218 0.1726586 0.4837044 0.4272982 
G          0.5690949 0.6156446 0.7438070 0.7181553 0.5610480 0.5450218 0.0000000 0.4983575 0.7186617 0.7496574 
H          0.2309863 0.2570385 0.3496555 0.4167438 0.2517703 0.1726586 0.4983575 0.0000000 0.5207935 0.4478726 
I          0.4919100 0.5149622 0.6394149 0.7105830 0.4911094 0.4837044 0.7186617 0.5207935 0.0000000 0.7613977 
J          0.4397328 0.4431850 0.6186164 0.6535745 0.4787078 0.4272982 0.7496574 0.4478726 0.7613977 0.0000000 
