10
A          0.0000000 0.3145526 0.4521036 0.5508008 0.3017229 0.2463787 0.4448072 0.2459081 0.5958632 0.5060708 
B          0.3145526 0.0000000 0.4650381 0.6376600 0.2960694 0.2447021 0.4959993 0.2569582 0.5645131 0.5456757 
C          0.4521036 0.4650381 0.0000000 0.7229632 0.4397675 0.3970530 0.6036177 0.3706805 0.7913235 0.6656743 
D          0.5508008 0.6376600 0.7229632 0.0000000 0.5597766 0.4887619 0.6999541 0.5573687 0.8015888 0.8088089 
E          0.3017229 0.2960694 0.4397675 0.5597766 0.0000000 0.2312641 0.4495142 0.2241651 0.5618723 0.4708867 
F          0.2463787 0.2447021 0.3970530 0.4887619 0.2312641 0.0000000 0.3882523 0.1828751 0.5177522 0.4155184 
G          0.4448072 0.4959993 0.6036177 0.6999541 0.4495142 0.3882523 0.0000000 0.4064743 0.7725081 0.6600898 
H          0.2459081 0.2569582 0.3706805 0.5573687 0.2241651 0.1828751 0.4064743 0.0000000 0.5198448 0.4141944 
I          0.5958632 0.5645131 0.7913235 0.8015888 0.5618723 0.5177522 0.7725081 0.5198448 0.0000000 0.7231336 
J          0.5060708 0.5456757 0.6656743 0.8088089 0.4708867 0.4155184 0.6600898 0.4141944 0.7231336 0.0000000 
