10
A          0.0000000 0.3972184 0.4733920 0.6374687 0.4055927 0.3115697 0.6118260 0.2911590 0.6269592 0.5455938 
B          0.3972184 0.0000000 0.5216527 0.6715625 0.4964258 0.2597325 0.6329068 0.4233689 0.7695038 0.5624273 
C          0.4733920 0.5216527 0.0000000 0.7320633 0.4876993 0.4331744 0.7551366 0.4395245 0.7363983 0.6373927 
D          0.6374687 0.6715625 0.7320633 0.0000000 0.7027537 0.5717902 0.9254062 0.6612891 1.0261471 0.8740079 
E          0.4055927 0.4964258 0.4876993 0.7027537 0.0000000 0.4083027 0.6469781 0.3535284 0.6461733 0.5560016 
F          0.3115697 0.2597325 0.4331744 0.5717902 0.4083027 0.0000000 0.5740348 0.3185788 0.6645091 0.5143367 
G          0.6118260 0.6329068 0.7551366 0.9254062 0.6469781 0.5740348 0.0000000 0.5197768 0.7614228 0.7285170 
H          0.2911590 0.4233689 0.4395245 0.6612891 0.3535284 0.3185788 0.5197768 0.0000000 0.5313491 0.5096163 
I          0.6269592 0.7695038 0.7363983 1.0261471 0.6461733 0.6645091 0.7614228 0.5313491 0.0000000 0.8239399 
J          0.5455938 0.5624273 0.6373927 0.8740079 0.5560016 0.5143367 0.7285170 0.5096163 0.8239399 0.0000000 
