10
A          0.0000000 0.3444828 0.3789122 0.5647502 0.3030057 0.2484045 0.5347892 0.2649339 0.5945532 0.4992192 
B          0.3444828 0.0000000 0.3776217 0.5406375 0.3567520 0.2898335 0.6066758 0.2971507 0.6583795 0.5086685 
C          0.3789122 0.3776217 0.0000000 0.6441359 0.3720095 0.3305226 0.6278103 0.3107068 0.6718740 0.5247161 
D          0.5647502 0.5406375 0.6441359 0.0000000 0.5256018 0.4863313 0.7472178 0.5179546 0.8379496 0.7210592 
E          0.3030057 0.3567520 0.3720095 0.5256018 0.0000000 0.2518035 0.5411232 0.2668961 0.6427618 0.4851541 
F          0.2484045 0.2898335 0.3305226 0.4863313 0.2518035 0.0000000 0.4840596 0.2266714 0.5515856 0.3972374 
G          0.5347892 0.6066758 0.6278103 0.7472178 0.5411232 0.4840596 0.0000000 0.4935194 0.8647168 0.7700516 
H          0.2649339 0.2971507 0.3107068 0.5179546 0.2668961 0.2266714 0.4935194 0.0000000 0.5802298 0.4786531 
I          0.5945532 0.6583795 0.6718740 0.8379496 0.6427618 0.5515856 0.8647168 0.5802298 0.0000000 0.7671281 
J          0.4992192 0.5086685 0.5247161 0.7210592 0.4851541 0.3972374 0.7700516 0.4786531 0.7671281 0.0000000 
