10
A          0.0000000 0.6819743 0.5170836 0.8480244 1.1441322 0.7488587 0.8039962 1.0272763 0.9905880 0.7344826 
B          0.6819743 0.0000000 0.2816523 0.5719150 0.8251501 0.3198150 0.5541208 0.4471605 0.6143002 0.4533557 
C          0.5170836 0.2816523 0.0000000 0.4770874 0.7931131 0.3421957 0.4142064 0.5528317 0.6301855 0.3707689 
D          0.8480244 0.5719150 0.4770874 0.0000000 1.0918391 0.5771509 0.7190012 0.7718874 1.0063113 0.6141517 
E          1.1441322 0.8251501 0.7931131 1.0918391 0.0000000 0.9076713 1.1034949 1.1131852 1.2436725 0.8189401 
F          0.7488587 0.3198150 0.3421957 0.5771509 0.9076713 0.0000000 0.5900319 0.5231836 0.7336461 0.4719083 
G          0.8039962 0.5541208 0.4142064 0.7190012 1.1034949 0.5900319 0.0000000 0.9141391 0.9350684 0.6509256 
H          1.0272763 0.4471605 0.5528317 0.7718874 1.1131852 0.5231836 0.9141391 0.0000000 0.8768445 0.6680350 
I          0.9905880 0.6143002 0.6301855 1.0063113 1.2436725 0.7336461 0.9350684 0.8768445 0.0000000 0.7455676 
J          0.7344826 0.4533557 0.3707689 0.6141517 0.8189401 0.4719083 0.6509256 0.6680350 0.7455676 0.0000000 
