10
A          0.0000000 0.6052750 0.5786125 0.9206133 0.8147247 0.5982409 0.8296607 0.8985963 0.8897189 0.7151580 
B          0.6052750 0.0000000 0.2002907 0.5029344 0.4986556 0.2525425 0.5231228 0.4943078 0.4930844 0.2940070 
C          0.5786125 0.2002907 0.0000000 0.5138497 0.5365391 0.2605727 0.4692006 0.5603426 0.4857968 0.2831100 
D          0.9206133 0.5029344 0.5138497 0.0000000 0.9086977 0.5849913 0.8983020 0.8454695 0.7972702 0.6333828 
E          0.8147247 0.4986556 0.5365391 0.9086977 0.0000000 0.5700168 0.8882098 0.8131922 0.7429699 0.6568387 
F          0.5982409 0.2525425 0.2605727 0.5849913 0.5700168 0.0000000 0.5819389 0.5928811 0.5706592 0.3734660 
G          0.8296607 0.5231228 0.4692006 0.8983020 0.8882098 0.5819389 0.0000000 0.8445780 0.7901885 0.5713047 
H          0.8985963 0.4943078 0.5603426 0.8454695 0.8131922 0.5928811 0.8445780 0.0000000 0.8024369 0.5650854 
I          0.8897189 0.4930844 0.4857968 0.7972702 0.7429699 0.5706592 0.7901885 0.8024369 0.0000000 0.6144818 
J          0.7151580 0.2940070 0.2831100 0.6333828 0.6568387 0.3734660 0.5713047 0.5650854 0.6144818 0.0000000 
