10
A          0.0000000 0.5140930 0.4770532 0.7364029 1.0758851 0.6048557 0.6997979 0.7617361 0.8964487 0.5653304 
B          0.5140930 0.0000000 0.1649140 0.4718170 0.7152273 0.2568156 0.4182091 0.4964234 0.5344013 0.3015763 
C          0.4770532 0.1649140 0.0000000 0.4262772 0.6966344 0.2173995 0.3433491 0.4646174 0.4906159 0.2457966 
D          0.7364029 0.4718170 0.4262772 0.0000000 1.0266225 0.5080538 0.6474548 0.8245649 0.8901116 0.5334506 
E          1.0758851 0.7152273 0.6966344 1.0266225 0.0000000 0.7461340 0.8757091 0.9735844 1.0160598 0.7333648 
F          0.6048557 0.2568156 0.2173995 0.5080538 0.7461340 0.0000000 0.4214718 0.5885285 0.5750931 0.3674013 
G          0.6997979 0.4182091 0.3433491 0.6474548 0.8757091 0.4214718 0.0000000 0.7664864 0.7014104 0.4406463 
H          0.7617361 0.4964234 0.4646174 0.8245649 0.9735844 0.5885285 0.7664864 0.0000000 0.8828077 0.5982448 
I          0.8964487 0.5344013 0.4906159 0.8901116 1.0160598 0.5750931 0.7014104 0.8828077 0.0000000 0.6160874 
J          0.5653304 0.3015763 0.2457966 0.5334506 0.7333648 0.3674013 0.4406463 0.5982448 0.6160874 0.0000000 
