10
A          0.0000000 0.4818770 0.4746667 0.6856064 0.9374432 0.6008884 0.7110236 0.7903827 0.7722915 0.5365741 
B          0.4818770 0.0000000 0.1544808 0.4112747 0.6365271 0.2768204 0.4494082 0.5072991 0.5134817 0.2634054 
C          0.4746667 0.1544808 0.0000000 0.3995296 0.5497829 0.2483655 0.3708219 0.4915015 0.4903251 0.2339664 
D          0.6856064 0.4112747 0.3995296 0.0000000 0.8484892 0.5348612 0.6983072 0.7950676 0.7342056 0.4680061 
E          0.9374432 0.6365271 0.5497829 0.8484892 0.0000000 0.7277401 0.8456453 0.9985315 0.8930201 0.7070010 
F          0.6008884 0.2768204 0.2483655 0.5348612 0.7277401 0.0000000 0.5007911 0.5782218 0.5561922 0.3724014 
G          0.7110236 0.4494082 0.3708219 0.6983072 0.8456453 0.5007911 0.0000000 0.7914851 0.7769492 0.5272325 
H          0.7903827 0.5072991 0.4915015 0.7950676 0.9985315 0.5782218 0.7914851 0.0000000 0.7925337 0.6025879 
I          0.7722915 0.5134817 0.4903251 0.7342056 0.8930201 0.5561922 0.7769492 0.7925337 0.0000000 0.5713305 
J          0.5365741 0.2634054 0.2339664 0.4680061 0.7070010 0.3724014 0.5272325 0.6025879 0.5713305 0.0000000 
