10
A          0.0000000 0.5923625 0.5039485 0.7076547 1.0306858 0.6533895 0.6818051 0.9618999 0.9365186 0.6005517 
B          0.5923625 0.0000000 0.2024850 0.4111126 0.5452588 0.2343504 0.3825234 0.4591178 0.5240736 0.2631541 
C          0.5039485 0.2024850 0.0000000 0.4217735 0.5801545 0.2698104 0.3433228 0.5121775 0.5557353 0.2486691 
D          0.7076547 0.4111126 0.4217735 0.0000000 0.7984866 0.4720392 0.5406743 0.6786941 0.6900332 0.4370799 
E          1.0306858 0.5452588 0.5801545 0.7984866 0.0000000 0.5800316 0.6875074 0.8686957 0.8786744 0.5488320 
F          0.6533895 0.2343504 0.2698104 0.4720392 0.5800316 0.0000000 0.4347994 0.5125388 0.5995403 0.3068309 
G          0.6818051 0.3825234 0.3433228 0.5406743 0.6875074 0.4347994 0.0000000 0.6845982 0.6684411 0.4073963 
H          0.9618999 0.4591178 0.5121775 0.6786941 0.8686957 0.5125388 0.6845982 0.0000000 0.9710918 0.5516195 
I          0.9365186 0.5240736 0.5557353 0.6900332 0.8786744 0.5995403 0.6684411 0.9710918 0.0000000 0.5759136 
J          0.6005517 0.2631541 0.2486691 0.4370799 0.5488320 0.3068309 0.4073963 0.5516195 0.5759136 0.0000000 
