10
A          0.0000000 0.4179557 0.4583020 0.6502949 0.7924147 0.4652135 0.6771011 0.6769592 0.6970829 0.5302435 
B          0.4179557 0.0000000 0.1818735 0.3611479 0.5380738 0.2482266 0.3698963 0.4188531 0.4083265 0.2244351 
C          0.4583020 0.1818735 0.0000000 0.3549661 0.5543247 0.2483245 0.3772832 0.4190720 0.4526094 0.2148186 
D          0.6502949 0.3611479 0.3549661 0.0000000 0.7511612 0.4469899 0.6625045 0.5652511 0.7231601 0.4139706 
E          0.7924147 0.5380738 0.5543247 0.7511612 0.0000000 0.6064113 0.8128709 0.7633572 0.9479481 0.6399098 
F          0.4652135 0.2482266 0.2483245 0.4469899 0.6064113 0.0000000 0.4421578 0.4956919 0.4977155 0.2699569 
G          0.6771011 0.3698963 0.3772832 0.6625045 0.8128709 0.4421578 0.0000000 0.6907720 0.6014522 0.4050766 
H          0.6769592 0.4188531 0.4190720 0.5652511 0.7633572 0.4956919 0.6907720 0.0000000 0.6405545 0.4926553 
I          0.6970829 0.4083265 0.4526094 0.7231601 0.9479481 0.4977155 0.6014522 0.6405545 0.0000000 0.4774884 
J          0.5302435 0.2244351 0.2148186 0.4139706 0.6399098 0.2699569 0.4050766 0.4926553 0.4774884 0.0000000 
