10
A          0.0000000 0.5860441 0.5271633 0.7628321 0.9468535 0.6062526 0.7459360 0.8663143 0.7594837 0.6917378 
B          0.5860441 0.0000000 0.1897900 0.4236934 0.5578018 0.2570217 0.4263143 0.4740639 0.4179898 0.3662493 
C          0.5271633 0.1897900 0.0000000 0.3846978 0.5852789 0.2386687 0.3891937 0.5147634 0.4034960 0.3273931 
D          0.7628321 0.4236934 0.3846978 0.0000000 0.8091744 0.4372173 0.6154600 0.7492495 0.6435345 0.5204686 
E          0.9468535 0.5578018 0.5852789 0.8091744 0.0000000 0.6776688 0.7795024 0.9618603 0.7827506 0.7108277 
F          0.6062526 0.2570217 0.2386687 0.4372173 0.6776688 0.0000000 0.4603398 0.6030513 0.4653721 0.4001095 
G          0.7459360 0.4263143 0.3891937 0.6154600 0.7795024 0.4603398 0.0000000 0.7749143 0.7348381 0.5483736 
H          0.8663143 0.4740639 0.5147634 0.7492495 0.9618603 0.6030513 0.7749143 0.0000000 0.6890878 0.6421637 
I          0.7594837 0.4179898 0.4034960 0.6435345 0.7827506 0.4653721 0.7348381 0.6890878 0.0000000 0.5626409 
J          0.6917378 0.3662493 0.3273931 0.5204686 0.7108277 0.4001095 0.5483736 0.6421637 0.5626409 0.0000000 
