10
A          0.0000000 0.4258431 0.4451083 0.6438536 0.8765234 0.5357930 0.7140018 0.6526182 0.7259413 0.5847152 
B          0.4258431 0.0000000 0.1362712 0.3500811 0.4874072 0.2294800 0.3728857 0.3408559 0.3993957 0.2599004 
C          0.4451083 0.1362712 0.0000000 0.3178613 0.4603065 0.2004382 0.3636796 0.3696769 0.4037112 0.2486222 
D          0.6438536 0.3500811 0.3178613 0.0000000 0.6289442 0.4395445 0.5890956 0.5687788 0.6217470 0.4107115 
E          0.8765234 0.4874072 0.4603065 0.6289442 0.0000000 0.5788830 0.7222042 0.6934040 0.8598631 0.6074185 
F          0.5357930 0.2294800 0.2004382 0.4395445 0.5788830 0.0000000 0.4528352 0.4218289 0.5155872 0.3325736 
G          0.7140018 0.3728857 0.3636796 0.5890956 0.7222042 0.4528352 0.0000000 0.5948227 0.6662791 0.4818959 
H          0.6526182 0.3408559 0.3696769 0.5687788 0.6934040 0.4218289 0.5948227 0.0000000 0.6050544 0.4979784 
I          0.7259413 0.3993957 0.4037112 0.6217470 0.8598631 0.5155872 0.6662791 0.6050544 0.0000000 0.4844904 
J          0.5847152 0.2599004 0.2486222 0.4107115 0.6074185 0.3325736 0.4818959 0.4979784 0.4844904 0.0000000 
