10
A          0.0000000 0.5792670 0.5606858 0.7248017 0.9694326 0.5688054 0.7876367 0.7598940 0.9942432 0.5839190 
B          0.5792670 0.0000000 0.1824142 0.4787937 0.6189997 0.2632543 0.4360838 0.4851972 0.5201940 0.2664981 
C          0.5606858 0.1824142 0.0000000 0.4738077 0.5682247 0.2196409 0.4269997 0.4462450 0.5357023 0.2341419 
D          0.7248017 0.4787937 0.4738077 0.0000000 0.8590990 0.5177328 0.7346950 0.6471054 0.7979082 0.4918537 
E          0.9694326 0.6189997 0.5682247 0.8590990 0.0000000 0.6124810 0.8830921 0.8375235 0.8906633 0.6628574 
F          0.5688054 0.2632543 0.2196409 0.5177328 0.6124810 0.0000000 0.4832494 0.4911741 0.5603304 0.3031638 
G          0.7876367 0.4360838 0.4269997 0.7346950 0.8830921 0.4832494 0.0000000 0.7588534 0.8597968 0.4584594 
H          0.7598940 0.4851972 0.4462450 0.6471054 0.8375235 0.4911741 0.7588534 0.0000000 0.8155308 0.4809181 
I          0.9942432 0.5201940 0.5357023 0.7979082 0.8906633 0.5603304 0.8597968 0.8155308 0.0000000 0.6652628 
J          0.5839190 0.2664981 0.2341419 0.4918537 0.6628574 0.3031638 0.4584594 0.4809181 0.6652628 0.0000000 
