10
A          0.0000000 0.5413137 0.4630324 0.6725169 0.9138316 0.5707086 0.7805120 0.7609316 0.7421804 0.6000706 
B          0.5413137 0.0000000 0.1942587 0.4883625 0.7135430 0.3053929 0.4797974 0.5725123 0.4874797 0.3205569 
C          0.4630324 0.1942587 0.0000000 0.4056101 0.6602867 0.2731071 0.4168927 0.5143206 0.4397286 0.2504956 
D          0.6725169 0.4883625 0.4056101 0.0000000 0.8652388 0.4838552 0.6575577 0.8170516 0.6486059 0.5162767 
E          0.9138316 0.7135430 0.6602867 0.8652388 0.0000000 0.7591516 0.9309026 0.9630615 0.9490386 0.7280596 
F          0.5707086 0.3053929 0.2731071 0.4838552 0.7591516 0.0000000 0.5145148 0.6311664 0.5710674 0.3440002 
G          0.7805120 0.4797974 0.4168927 0.6575577 0.9309026 0.5145148 0.0000000 0.7120480 0.6621725 0.4632878 
H          0.7609316 0.5725123 0.5143206 0.8170516 0.9630615 0.6311664 0.7120480 0.0000000 0.6950845 0.6291399 
I          0.7421804 0.4874797 0.4397286 0.6486059 0.9490386 0.5710674 0.6621725 0.6950845 0.0000000 0.4983704 
J          0.6000706 0.3205569 0.2504956 0.5162767 0.7280596 0.3440002 0.4632878 0.6291399 0.4983704 0.0000000 
