10
A          0.0000000 0.4833499 0.4766130 0.6469781 0.8751636 0.4503410 0.6555457 0.7037740 0.7478019 0.5822902 
B          0.4833499 0.0000000 0.1478941 0.3869229 0.5469841 0.2292739 0.3646875 0.4627313 0.5184571 0.2738194 
C          0.4766130 0.1478941 0.0000000 0.3597355 0.5241376 0.2183836 0.3340406 0.4280204 0.5062451 0.2575230 
D          0.6469781 0.3869229 0.3597355 0.0000000 0.7105032 0.4254447 0.5844484 0.6394835 0.7152458 0.4505804 
E          0.8751636 0.5469841 0.5241376 0.7105032 0.0000000 0.5669119 0.7247096 0.9030048 0.9260088 0.6641887 
F          0.4503410 0.2292739 0.2183836 0.4254447 0.5669119 0.0000000 0.4102798 0.4609631 0.5332496 0.3370780 
G          0.6555457 0.3646875 0.3340406 0.5844484 0.7247096 0.4102798 0.0000000 0.6886249 0.7221876 0.4289185 
H          0.7037740 0.4627313 0.4280204 0.6394835 0.9030048 0.4609631 0.6886249 0.0000000 0.7627503 0.5666822 
I          0.7478019 0.5184571 0.5062451 0.7152458 0.9260088 0.5332496 0.7221876 0.7627503 0.0000000 0.5897005 
J          0.5822902 0.2738194 0.2575230 0.4505804 0.6641887 0.3370780 0.4289185 0.5666822 0.5897005 0.0000000 
