10
A          0.0000000 0.5428036 0.5241333 0.7205279 0.8991018 0.6169962 0.6700064 0.8469601 0.8362235 0.6597436 
B          0.5428036 0.0000000 0.1978976 0.4698471 0.6205381 0.2563968 0.3924290 0.4740986 0.5484220 0.3179115 
C          0.5241333 0.1978976 0.0000000 0.4163495 0.5984990 0.2490913 0.3731427 0.5188884 0.4325272 0.3094468 
D          0.7205279 0.4698471 0.4163495 0.0000000 0.8372973 0.5177970 0.6217184 0.7214331 0.7048058 0.5280639 
E          0.8991018 0.6205381 0.5984990 0.8372973 0.0000000 0.6859225 0.6895372 1.0007217 0.9389798 0.6460329 
F          0.6169962 0.2563968 0.2490913 0.5177970 0.6859225 0.0000000 0.4753657 0.5771952 0.5114033 0.4114702 
G          0.6700064 0.3924290 0.3731427 0.6217184 0.6895372 0.4753657 0.0000000 0.6418544 0.6582930 0.4369928 
H          0.8469601 0.4740986 0.5188884 0.7214331 1.0007217 0.5771952 0.6418544 0.0000000 0.8104096 0.6377908 
I          0.8362235 0.5484220 0.4325272 0.7048058 0.9389798 0.5114033 0.6582930 0.8104096 0.0000000 0.5632743 
J          0.6597436 0.3179115 0.3094468 0.5280639 0.6460329 0.4114702 0.4369928 0.6377908 0.5632743 0.0000000 
