10
A          0.0000000 0.5552385 0.5164805 0.7780011 1.1266196 0.6105834 0.6641583 0.7931774 0.9112078 0.5915826 
B          0.5552385 0.0000000 0.1725636 0.4036716 0.6374317 0.2513646 0.3695772 0.4739607 0.5565104 0.2548099 
C          0.5164805 0.1725636 0.0000000 0.3724199 0.6367020 0.2395209 0.3379104 0.4570193 0.4952889 0.2773189 
D          0.7780011 0.4036716 0.3724199 0.0000000 0.8776727 0.4798880 0.5238386 0.6624015 0.7540797 0.4798320 
E          1.1266196 0.6374317 0.6367020 0.8776727 0.0000000 0.7013429 0.8412296 0.8663569 1.0333681 0.6341349 
F          0.6105834 0.2513646 0.2395209 0.4798880 0.7013429 0.0000000 0.4102295 0.5723723 0.6092328 0.3408679 
G          0.6641583 0.3695772 0.3379104 0.5238386 0.8412296 0.4102295 0.0000000 0.6538828 0.7361109 0.4478296 
H          0.7931774 0.4739607 0.4570193 0.6624015 0.8663569 0.5723723 0.6538828 0.0000000 0.7719066 0.5775627 
I          0.9112078 0.5565104 0.4952889 0.7540797 1.0333681 0.6092328 0.7361109 0.7719066 0.0000000 0.5890086 
J          0.5915826 0.2548099 0.2773189 0.4798320 0.6341349 0.3408679 0.4478296 0.5775627 0.5890086 0.0000000 
