10
A          0.0000000 0.4820877 0.2865024 0.6341105 0.5294629 0.3352835 0.2567869 0.4000097 0.5243632 0.3492212 
B          0.4820877 0.0000000 0.4329052 0.8186981 0.7033031 0.4568503 0.3763219 0.5421694 0.6461152 0.4877329 
C          0.2865024 0.4329052 0.0000000 0.5940862 0.4695193 0.2974991 0.2059885 0.3573033 0.4888718 0.3279428 
D          0.6341105 0.8186981 0.5940862 0.0000000 0.7113546 0.5625757 0.5085153 0.6622834 0.7509155 0.5437134 
E          0.5294629 0.7033031 0.4695193 0.7113546 0.0000000 0.5103238 0.4199355 0.5869169 0.6893634 0.4910572 
F          0.3352835 0.4568503 0.2974991 0.5625757 0.5103238 0.0000000 0.2242137 0.3543467 0.5030136 0.3609122 
G          0.2567869 0.3763219 0.2059885 0.5085153 0.4199355 0.2242137 0.0000000 0.2754360 0.4291512 0.2589678 
H          0.4000097 0.5421694 0.3573033 0.6622834 0.5869169 0.3543467 0.2754360 0.0000000 0.5582477 0.3907407 
I          0.5243632 0.6461152 0.4888718 0.7509155 0.6893634 0.5030136 0.4291512 0.5582477 0.0000000 0.5025419 
J          0.3492212 0.4877329 0.3279428 0.5437134 0.4910572 0.3609122 0.2589678 0.3907407 0.5025419 0.0000000 
