10
A          0.0000000 0.5523237 0.2757177 0.6284799 0.5023877 0.2545772 0.2227658 0.3347525 0.6098350 0.3830153 
B          0.5523237 0.0000000 0.4841425 0.8111709 0.7456645 0.4962190 0.4674667 0.6548030 0.8074942 0.6463041 
C          0.2757177 0.4841425 0.0000000 0.6825712 0.4879228 0.2313277 0.2113757 0.4016320 0.5876801 0.3702957 
D          0.6284799 0.8111709 0.6825712 0.0000000 0.7951087 0.5489565 0.5634107 0.7840930 1.0890317 0.7526361 
E          0.5023877 0.7456645 0.4879228 0.7951087 0.0000000 0.4990351 0.4704139 0.5843994 0.7681015 0.6591004 
F          0.2545772 0.4962190 0.2313277 0.5489565 0.4990351 0.0000000 0.2079653 0.3301519 0.5884948 0.3556595 
G          0.2227658 0.4674667 0.2113757 0.5634107 0.4704139 0.2079653 0.0000000 0.3292730 0.5458450 0.3102570 
H          0.3347525 0.6548030 0.4016320 0.7840930 0.5843994 0.3301519 0.3292730 0.0000000 0.7244713 0.4775527 
I          0.6098350 0.8074942 0.5876801 1.0890317 0.7681015 0.5884948 0.5458450 0.7244713 0.0000000 0.7473283 
J          0.3830153 0.6463041 0.3702957 0.7526361 0.6591004 0.3556595 0.3102570 0.4775527 0.7473283 0.0000000 
