10
A          0.0000000 0.5484977 0.2348519 0.5422350 0.5585391 0.2901578 0.2420017 0.3557970 0.5536223 0.4124593 
B          0.5484977 0.0000000 0.4848260 0.7745026 0.7801626 0.5506938 0.5082611 0.5442600 0.7519700 0.6472803 
C          0.2348519 0.4848260 0.0000000 0.5208005 0.5144151 0.2631867 0.1935889 0.3442228 0.5079262 0.3990458 
D          0.5422350 0.7745026 0.5208005 0.0000000 0.8649708 0.5259022 0.5536154 0.6511592 0.9263627 0.7403519 
E          0.5585391 0.7801626 0.5144151 0.8649708 0.0000000 0.5691929 0.5462124 0.6633129 0.8569087 0.6981887 
F          0.2901578 0.5506938 0.2631867 0.5259022 0.5691929 0.0000000 0.2456491 0.3834346 0.5627032 0.4346387 
G          0.2420017 0.5082611 0.1935889 0.5536154 0.5462124 0.2456491 0.0000000 0.3455366 0.5794044 0.3873483 
H          0.3557970 0.5442600 0.3442228 0.6511592 0.6633129 0.3834346 0.3455366 0.0000000 0.6227600 0.4824738 
I          0.5536223 0.7519700 0.5079262 0.9263627 0.8569087 0.5627032 0.5794044 0.6227600 0.0000000 0.7283205 
J          0.4124593 0.6472803 0.3990458 0.7403519 0.6981887 0.4346387 0.3873483 0.4824738 0.7283205 0.0000000 
