10
A          0.0000000 0.5684255 0.3126077 0.7046751 0.6148905 0.3286374 0.2617354 0.5248814 0.6523351 0.4265358 
B          0.5684255 0.0000000 0.4871822 0.9142850 0.7823870 0.4878781 0.4326124 0.7055267 0.8701843 0.6012251 
C          0.3126077 0.4871822 0.0000000 0.6735577 0.5176562 0.2816663 0.2108420 0.4815241 0.5915196 0.4042835 
D          0.7046751 0.9142850 0.6735577 0.0000000 0.9338417 0.6211599 0.5969094 0.9353619 0.9434153 0.8379260 
E          0.6148905 0.7823870 0.5176562 0.9338417 0.0000000 0.5545659 0.4757245 0.7531773 0.9312145 0.7327422 
F          0.3286374 0.4878781 0.2816663 0.6211599 0.5545659 0.0000000 0.2573237 0.4626485 0.6231091 0.4385399 
G          0.2617354 0.4326124 0.2108420 0.5969094 0.4757245 0.2573237 0.0000000 0.4200923 0.5255613 0.3551811 
H          0.5248814 0.7055267 0.4815241 0.9353619 0.7531773 0.4626485 0.4200923 0.0000000 0.7497882 0.5323604 
I          0.6523351 0.8701843 0.5915196 0.9434153 0.9312145 0.6231091 0.5255613 0.7497882 0.0000000 0.7046265 
J          0.4265358 0.6012251 0.4042835 0.8379260 0.7327422 0.4385399 0.3551811 0.5323604 0.7046265 0.0000000 
