10
A          0.0000000 0.5349232 0.2864335 0.7041588 0.5552730 0.2791399 0.2706389 0.4545590 0.5582404 0.4470292 
B          0.5349232 0.0000000 0.5214742 0.9003962 0.8149941 0.4676999 0.5128175 0.6267500 0.8408557 0.6006165 
C          0.2864335 0.5214742 0.0000000 0.6506641 0.5358061 0.2528940 0.2430064 0.4174133 0.4760462 0.3799459 
D          0.7041588 0.9003962 0.6506641 0.0000000 0.8895831 0.6355578 0.6423448 0.8414237 0.8733887 0.8022332 
E          0.5552730 0.8149941 0.5358061 0.8895831 0.0000000 0.4729117 0.5158806 0.5642007 0.8086741 0.6698753 
F          0.2791399 0.4676999 0.2528940 0.6355578 0.4729117 0.0000000 0.2253913 0.3808478 0.4937585 0.4189831 
G          0.2706389 0.5128175 0.2430064 0.6423448 0.5158806 0.2253913 0.0000000 0.3669280 0.4538216 0.3600092 
H          0.4545590 0.6267500 0.4174133 0.8414237 0.5642007 0.3808478 0.3669280 0.0000000 0.6298798 0.5367203 
I          0.5582404 0.8408557 0.4760462 0.8733887 0.8086741 0.4937585 0.4538216 0.6298798 0.0000000 0.6525802 
J          0.4470292 0.6006165 0.3799459 0.8022332 0.6698753 0.4189831 0.3600092 0.5367203 0.6525802 0.0000000 
