10
A          0.0000000 0.4554981 0.7305664 0.6668604 0.5290605 0.7983256 0.6816885 0.8259171 0.8422283 0.6112968 
B          0.4554981 0.0000000 0.5311555 0.3894161 0.2417514 0.5654783 0.4459484 0.5288697 0.5058012 0.3079444 
C          0.7305664 0.5311555 0.0000000 0.8289021 0.5885966 0.9322681 0.8565629 0.8966344 0.7945269 0.7798572 
D          0.6668604 0.3894161 0.8289021 0.0000000 0.4260088 0.7964288 0.7042416 0.7301172 0.7773329 0.5596124 
E          0.5290605 0.2417514 0.5885966 0.4260088 0.0000000 0.6312093 0.5068459 0.4952676 0.5335487 0.3558019 
F          0.7983256 0.5654783 0.9322681 0.7964288 0.6312093 0.0000000 0.8392020 0.8195968 1.0068519 0.6991568 
G          0.6816885 0.4459484 0.8565629 0.7042416 0.5068459 0.8392020 0.0000000 0.7667875 0.8085161 0.6065891 
H          0.8259171 0.5288697 0.8966344 0.7301172 0.4952676 0.8195968 0.7667875 0.0000000 0.7700303 0.6169690 
I          0.8422283 0.5058012 0.7945269 0.7773329 0.5335487 1.0068519 0.8085161 0.7700303 0.0000000 0.6952046 
J          0.6112968 0.3079444 0.7798572 0.5596124 0.3558019 0.6991568 0.6065891 0.6169690 0.6952046 0.0000000 
