10
A          0.0000000 0.4403237 0.8280266 0.6962776 0.4866738 0.9289832 0.7417770 0.6954929 0.8051577 0.6529830 
B          0.4403237 0.0000000 0.5366269 0.4317654 0.2117009 0.6140397 0.5171778 0.4672951 0.4703645 0.3499771 
C          0.8280266 0.5366269 0.0000000 0.7109478 0.5232003 0.8579691 0.8919952 0.8048864 0.8426208 0.6775570 
D          0.6962776 0.4317654 0.7109478 0.0000000 0.4241947 0.8749749 0.8579657 0.7456976 0.8049135 0.5886621 
E          0.4866738 0.2117009 0.5232003 0.4241947 0.0000000 0.6025337 0.5159840 0.5145255 0.5105591 0.3743508 
F          0.9289832 0.6140397 0.8579691 0.8749749 0.6025337 0.0000000 0.7485863 0.9241488 0.8780147 0.7807531 
G          0.7417770 0.5171778 0.8919952 0.8579657 0.5159840 0.7485863 0.0000000 0.8404586 0.8071854 0.6675229 
H          0.6954929 0.4672951 0.8048864 0.7456976 0.5145255 0.9241488 0.8404586 0.0000000 0.8016450 0.6435342 
I          0.8051577 0.4703645 0.8426208 0.8049135 0.5105591 0.8780147 0.8071854 0.8016450 0.0000000 0.6983568 
J          0.6529830 0.3499771 0.6775570 0.5886621 0.3743508 0.7807531 0.6675229 0.6435342 0.6983568 0.0000000 
