10
A          0.0000000 0.4635348 0.8876355 0.7229069 0.5934468 1.0056072 0.7410349 0.6928783 0.7776192 0.6540670 
B          0.4635348 0.0000000 0.5097435 0.3864182 0.2075193 0.5329485 0.3986352 0.4003654 0.3847193 0.3102668 
C          0.8876355 0.5097435 0.0000000 0.8517394 0.5892172 0.9391579 0.8657438 0.8032901 0.8052063 0.7524176 
D          0.7229069 0.3864182 0.8517394 0.0000000 0.5118527 0.8587991 0.6332415 0.6888608 0.7070048 0.5430726 
E          0.5934468 0.2075193 0.5892172 0.5118527 0.0000000 0.6001536 0.5323995 0.5087353 0.4867665 0.4046119 
F          1.0056072 0.5329485 0.9391579 0.8587991 0.6001536 0.0000000 0.9099286 0.8599426 0.7566260 0.7095006 
G          0.7410349 0.3986352 0.8657438 0.6332415 0.5323995 0.9099286 0.0000000 0.6489473 0.7088799 0.6754709 
H          0.6928783 0.4003654 0.8032901 0.6888608 0.5087353 0.8599426 0.6489473 0.0000000 0.6474585 0.5535049 
I          0.7776192 0.3847193 0.8052063 0.7070048 0.4867665 0.7566260 0.7088799 0.6474585 0.0000000 0.5224660 
J          0.6540670 0.3102668 0.7524176 0.5430726 0.4046119 0.7095006 0.6754709 0.5535049 0.5224660 0.0000000 
