10
A          0.0000000 0.3812775 0.8162908 0.6178040 0.4898189 0.8445196 0.6228834 0.7282549 0.7231222 0.5329319 
B          0.3812775 0.0000000 0.4685299 0.4304750 0.2137094 0.5152661 0.3651966 0.4962589 0.4449343 0.2909874 
C          0.8162908 0.4685299 0.0000000 0.7695240 0.5614933 0.8478682 0.7089742 0.8041249 0.7913781 0.6217265 
D          0.6178040 0.4304750 0.7695240 0.0000000 0.4586232 0.7900895 0.6382987 0.6452074 0.6973861 0.4850744 
E          0.4898189 0.2137094 0.5614933 0.4586232 0.0000000 0.5628851 0.4398890 0.5377484 0.5052172 0.3054544 
F          0.8445196 0.5152661 0.8478682 0.7900895 0.5628851 0.0000000 0.7226469 0.7824370 0.8428665 0.6352221 
G          0.6228834 0.3651966 0.7089742 0.6382987 0.4398890 0.7226469 0.0000000 0.6399278 0.6718796 0.5134010 
H          0.7282549 0.4962589 0.8041249 0.6452074 0.5377484 0.7824370 0.6399278 0.0000000 0.8315303 0.5472289 
I          0.7231222 0.4449343 0.7913781 0.6973861 0.5052172 0.8428665 0.6718796 0.8315303 0.0000000 0.5353230 
J          0.5329319 0.2909874 0.6217265 0.4850744 0.3054544 0.6352221 0.5134010 0.5472289 0.5353230 0.0000000 
