10
A          0.0000000 0.4661489 0.7584449 0.6591675 0.5215904 0.8865578 0.7719983 0.7471496 0.8215431 0.6994761 
B          0.4661489 0.0000000 0.4933082 0.3464286 0.2161545 0.5551518 0.3718005 0.5128834 0.5601765 0.3162192 
C          0.7584449 0.4933082 0.0000000 0.7116139 0.5512147 0.8897782 0.7588858 0.9036091 0.8431858 0.6702543 
D          0.6591675 0.3464286 0.7116139 0.0000000 0.4645777 0.8456566 0.6123110 0.6602038 0.7558121 0.5747984 
E          0.5215904 0.2161545 0.5512147 0.4645777 0.0000000 0.5927523 0.4469173 0.5299344 0.5935022 0.3612825 
F          0.8865578 0.5551518 0.8897782 0.8456566 0.5927523 0.0000000 0.7768340 0.8808683 0.9129612 0.7461425 
G          0.7719983 0.3718005 0.7588858 0.6123110 0.4469173 0.7768340 0.0000000 0.7562892 0.8513312 0.5683735 
H          0.7471496 0.5128834 0.9036091 0.6602038 0.5299344 0.8808683 0.7562892 0.0000000 0.8904004 0.6285516 
I          0.8215431 0.5601765 0.8431858 0.7558121 0.5935022 0.9129612 0.8513312 0.8904004 0.0000000 0.7698330 
J          0.6994761 0.3162192 0.6702543 0.5747984 0.3612825 0.7461425 0.5683735 0.6285516 0.7698330 0.0000000 
