10
A          0.0000000 0.4566877 0.8346355 0.6984976 0.5465125 0.9058174 0.6720072 0.7095430 0.8229339 0.6978415 
B          0.4566877 0.0000000 0.4991089 0.4212495 0.1845592 0.5642965 0.4271790 0.4299304 0.4423383 0.3028041 
C          0.8346355 0.4991089 0.0000000 0.8584346 0.5879736 0.8226954 0.7516743 0.8417409 0.7843524 0.6194301 
D          0.6984976 0.4212495 0.8584346 0.0000000 0.5157085 0.7163325 0.7694212 0.7447667 0.7451201 0.6410014 
E          0.5465125 0.1845592 0.5879736 0.5157085 0.0000000 0.5708515 0.4851624 0.4974582 0.5090419 0.3666731 
F          0.9058174 0.5642965 0.8226954 0.7163325 0.5708515 0.0000000 0.8358021 0.8616579 0.8377919 0.7267657 
G          0.6720072 0.4271790 0.7516743 0.7694212 0.4851624 0.8358021 0.0000000 0.6530230 0.8100050 0.6025609 
H          0.7095430 0.4299304 0.8417409 0.7447667 0.4974582 0.8616579 0.6530230 0.0000000 0.8370202 0.6295540 
I          0.8229339 0.4423383 0.7843524 0.7451201 0.5090419 0.8377919 0.8100050 0.8370202 0.0000000 0.6559511 
J          0.6978415 0.3028041 0.6194301 0.6410014 0.3666731 0.7267657 0.6025609 0.6295540 0.6559511 0.0000000 
