10
A          0.0000000 0.4226649 0.7941453 0.6286281 0.5976010 0.7838224 0.6969551 1.0045687 0.7887871 0.6312415 
B          0.4226649 0.0000000 0.5679556 0.3834549 0.3974058 0.5540734 0.4604776 0.7434665 0.5175031 0.4371052 
C          0.7941453 0.5679556 0.0000000 0.7500508 0.6940585 0.8617464 0.7958098 1.0164532 0.8888891 0.8126330 
D          0.6286281 0.3834549 0.7500508 0.0000000 0.5892471 0.8768558 0.6212164 1.0539902 0.6927540 0.6460725 
E          0.5976010 0.3974058 0.6940585 0.5892471 0.0000000 0.6207579 0.5786474 0.6049172 0.4908550 0.4062670 
F          0.7838224 0.5540734 0.8617464 0.8768558 0.6207579 0.0000000 0.8223863 1.0792690 0.8272866 0.7273729 
G          0.6969551 0.4604776 0.7958098 0.6212164 0.5786474 0.8223863 0.0000000 0.8386021 0.6058970 0.5958687 
H          1.0045687 0.7434665 1.0164532 1.0539902 0.6049172 1.0792690 0.8386021 0.0000000 0.8219435 0.8744041 
I          0.7887871 0.5175031 0.8888891 0.6927540 0.4908550 0.8272866 0.6058970 0.8219435 0.0000000 0.5653109 
J          0.6312415 0.4371052 0.8126330 0.6460725 0.4062670 0.7273729 0.5958687 0.8744041 0.5653109 0.0000000 
