10
A          0.0000000 0.5584394 1.0040983 0.8060017 0.6394649 1.0609265 0.8276949 1.1378344 0.8606563 0.8264570 
B          0.5584394 0.0000000 0.5051202 0.3961612 0.2398126 0.6628636 0.4543194 0.6024217 0.4535145 0.3346998 
C          1.0040983 0.5051202 0.0000000 0.8327321 0.6408798 1.0370635 0.8730291 1.0540049 0.7854438 0.7304428 
D          0.8060017 0.3961612 0.8327321 0.0000000 0.5227767 0.9222457 0.6751067 0.8450576 0.8220208 0.6242997 
E          0.6394649 0.2398126 0.6408798 0.5227767 0.0000000 0.6874775 0.5237944 0.6161923 0.5236134 0.4238437 
F          1.0609265 0.6628636 1.0370635 0.9222457 0.6874775 0.0000000 0.9579012 1.0323307 1.0414283 0.8351050 
G          0.8276949 0.4543194 0.8730291 0.6751067 0.5237944 0.9579012 0.0000000 0.8446939 0.7557916 0.6056435 
H          1.1378344 0.6024217 1.0540049 0.8450576 0.6161923 1.0323307 0.8446939 0.0000000 0.9872331 0.7717814 
I          0.8606563 0.4535145 0.7854438 0.8220208 0.5236134 1.0414283 0.7557916 0.9872331 0.0000000 0.6952092 
J          0.8264570 0.3346998 0.7304428 0.6242997 0.4238437 0.8351050 0.6056435 0.7717814 0.6952092 0.0000000 
