10
A          0.0000000 0.4763785 0.9795531 0.7961859 0.5171170 0.9938058 0.7404406 0.8583251 0.9826692 0.6656684 
B          0.4763785 0.0000000 0.5794964 0.4386729 0.2469239 0.6685197 0.4179156 0.6014245 0.7385499 0.3440881 
C          0.9795531 0.5794964 0.0000000 0.9754328 0.6510183 1.1776230 0.8430244 1.0119765 1.1138450 0.7093793 
D          0.7961859 0.4386729 0.9754328 0.0000000 0.5029790 0.8633565 0.7864396 0.8242873 0.9372497 0.5935708 
E          0.5171170 0.2469239 0.6510183 0.5029790 0.0000000 0.6952156 0.4820233 0.6551612 0.8182329 0.4363016 
F          0.9938058 0.6685197 1.1776230 0.8633565 0.6952156 0.0000000 0.9536046 1.0115944 1.1314640 0.7582068 
G          0.7404406 0.4179156 0.8430244 0.7864396 0.4820233 0.9536046 0.0000000 0.9844301 0.9595462 0.5647661 
H          0.8583251 0.6014245 1.0119765 0.8242873 0.6551612 1.0115944 0.9844301 0.0000000 1.1526233 0.8159333 
I          0.9826692 0.7385499 1.1138450 0.9372497 0.8182329 1.1314640 0.9595462 1.1526233 0.0000000 0.8795688 
J          0.6656684 0.3440881 0.7093793 0.5935708 0.4363016 0.7582068 0.5647661 0.8159333 0.8795688 0.0000000 
