10
A          0.0000000 0.4578286 0.8002637 0.6128954 0.5084937 0.7330119 0.8489634 0.7630106 0.7397685 0.6249047 
B          0.4578286 0.0000000 0.4970489 0.3510716 0.1984610 0.4686786 0.4624045 0.4435270 0.4670170 0.3231821 
C          0.8002637 0.4970489 0.0000000 0.7227144 0.5409464 0.7785904 0.8141831 0.7681088 0.7695648 0.6148715 
D          0.6128954 0.3510716 0.7227144 0.0000000 0.3932676 0.6844673 0.7295313 0.7281255 0.6260456 0.5149598 
E          0.5084937 0.1984610 0.5409464 0.3932676 0.0000000 0.5117298 0.4841479 0.5009481 0.4515260 0.3467897 
F          0.7330119 0.4686786 0.7785904 0.6844673 0.5117298 0.0000000 0.8226657 0.6903563 0.7747070 0.6378623 
G          0.8489634 0.4624045 0.8141831 0.7295313 0.4841479 0.8226657 0.0000000 0.7461005 0.8178269 0.7157502 
H          0.7630106 0.4435270 0.7681088 0.7281255 0.5009481 0.6903563 0.7461005 0.0000000 0.7420916 0.6515171 
I          0.7397685 0.4670170 0.7695648 0.6260456 0.4515260 0.7747070 0.8178269 0.7420916 0.0000000 0.5751394 
J          0.6249047 0.3231821 0.6148715 0.5149598 0.3467897 0.6378623 0.7157502 0.6515171 0.5751394 0.0000000 
