10
A          0.0000000 0.4428310 0.8588088 0.7357475 0.5349933 0.7997490 0.6856130 0.7380077 0.7365843 0.5962029 
B          0.4428310 0.0000000 0.5757248 0.4105294 0.2278964 0.6310421 0.3937726 0.5142410 0.5083774 0.2974903 
C          0.8588088 0.5757248 0.0000000 0.8545681 0.5942629 0.9745495 0.8061680 0.8086674 0.8737881 0.6810874 
D          0.7357475 0.4105294 0.8545681 0.0000000 0.5137074 0.8118683 0.5467140 0.6844953 0.7135874 0.5174441 
E          0.5349933 0.2278964 0.5942629 0.5137074 0.0000000 0.6580526 0.4625493 0.5338010 0.5276617 0.3683219 
F          0.7997490 0.6310421 0.9745495 0.8118683 0.6580526 0.0000000 0.8092459 0.9380726 0.8970097 0.6424292 
G          0.6856130 0.3937726 0.8061680 0.5467140 0.4625493 0.8092459 0.0000000 0.7663675 0.6728846 0.5152790 
H          0.7380077 0.5142410 0.8086674 0.6844953 0.5338010 0.9380726 0.7663675 0.0000000 0.6785195 0.5817339 
I          0.7365843 0.5083774 0.8737881 0.7135874 0.5276617 0.8970097 0.6728846 0.6785195 0.0000000 0.5814383 
J          0.5962029 0.2974903 0.6810874 0.5174441 0.3683219 0.6424292 0.5152790 0.5817339 0.5814383 0.0000000 
