10
A          0.0000000 0.4037790 0.8160709 0.5668011 0.4265349 0.7252533 0.6560405 0.6275473 0.6177504 0.5379357 
B          0.4037790 0.0000000 0.5159559 0.3439426 0.1674142 0.3955243 0.4006461 0.4130659 0.4070660 0.2859783 
C          0.8160709 0.5159559 0.0000000 0.5992155 0.5446208 0.7070050 0.7779173 0.7916734 0.8573766 0.6649907 
D          0.5668011 0.3439426 0.5992155 0.0000000 0.3696614 0.5774605 0.5404745 0.5737808 0.6732678 0.4733820 
E          0.4265349 0.1674142 0.5446208 0.3696614 0.0000000 0.4487732 0.4097893 0.4636306 0.5063486 0.3195470 
F          0.7252533 0.3955243 0.7070050 0.5774605 0.4487732 0.0000000 0.6244021 0.5894505 0.6781510 0.5290340 
G          0.6560405 0.4006461 0.7779173 0.5404745 0.4097893 0.6244021 0.0000000 0.6500307 0.6594638 0.5567350 
H          0.6275473 0.4130659 0.7916734 0.5737808 0.4636306 0.5894505 0.6500307 0.0000000 0.7369750 0.5429931 
I          0.6177504 0.4070660 0.8573766 0.6732678 0.5063486 0.6781510 0.6594638 0.7369750 0.0000000 0.5588846 
J          0.5379357 0.2859783 0.6649907 0.4733820 0.3195470 0.5290340 0.5567350 0.5429931 0.5588846 0.0000000 
