10
A          0.0000000 0.4615580 0.8276825 0.7257094 0.5166342 0.8435967 0.7228870 0.7088320 0.8528187 0.6016833 
B          0.4615580 0.0000000 0.4982134 0.4144994 0.2268053 0.5554344 0.3728152 0.3986164 0.5248095 0.3312138 
C          0.8276825 0.4982134 0.0000000 0.8704908 0.5401464 0.9699935 0.8034817 0.7214426 0.9365168 0.7263621 
D          0.7257094 0.4144994 0.8704908 0.0000000 0.4675252 0.8256025 0.6700622 0.7100747 0.8228110 0.6268342 
E          0.5166342 0.2268053 0.5401464 0.4675252 0.0000000 0.6003002 0.4614668 0.5008313 0.6261048 0.3821245 
F          0.8435967 0.5554344 0.9699935 0.8256025 0.6003002 0.0000000 0.7497253 0.7377184 0.9786592 0.5496423 
G          0.7228870 0.3728152 0.8034817 0.6700622 0.4614668 0.7497253 0.0000000 0.6127782 0.7879416 0.5978158 
H          0.7088320 0.3986164 0.7214426 0.7100747 0.5008313 0.7377184 0.6127782 0.0000000 0.7440705 0.5750465 
I          0.8528187 0.5248095 0.9365168 0.8228110 0.6261048 0.9786592 0.7879416 0.7440705 0.0000000 0.7275237 
J          0.6016833 0.3312138 0.7263621 0.6268342 0.3821245 0.5496423 0.5978158 0.5750465 0.7275237 0.0000000 
