10
A          0.0000000 0.2847160 0.6200458 0.5787640 0.3645525 0.6685419 0.3342738 0.1766339 0.6122830 0.3871415 
B          0.2847160 0.0000000 0.6990901 0.6293253 0.4726579 0.7789703 0.4183266 0.3090330 0.7021429 0.5078123 
C          0.6200458 0.6990901 0.0000000 1.0396247 0.7419457 1.0879680 0.7697630 0.5872642 0.9641901 0.8575337 
D          0.5787640 0.6293253 1.0396247 0.0000000 0.7091655 1.0560119 0.6090010 0.5987452 0.8674524 0.8967313 
E          0.3645525 0.4726579 0.7419457 0.7091655 0.0000000 0.8336518 0.4961182 0.3770082 0.7045486 0.6080869 
F          0.6685419 0.7789703 1.0879680 1.0560119 0.8336518 0.0000000 0.8424540 0.6518998 1.0390684 0.8366102 
G          0.3342738 0.4183266 0.7697630 0.6090010 0.4961182 0.8424540 0.0000000 0.3583137 0.6725053 0.5525749 
H          0.1766339 0.3090330 0.5872642 0.5987452 0.3770082 0.6518998 0.3583137 0.0000000 0.6193515 0.4514394 
I          0.6122830 0.7021429 0.9641901 0.8674524 0.7045486 1.0390684 0.6725053 0.6193515 0.0000000 0.9172973 
J          0.3871415 0.5078123 0.8575337 0.8967313 0.6080869 0.8366102 0.5525749 0.4514394 0.9172973 0.0000000 
