10
A          0.0000000 0.1950222 0.5456464 0.5341575 0.3470827 0.5653097 0.2802877 0.1475306 0.4509142 0.3936990 
B          0.1950222 0.0000000 0.5993996 0.5337746 0.4189713 0.6177044 0.3351647 0.1973738 0.4969736 0.4154105 
C          0.5456464 0.5993996 0.0000000 0.8593261 0.8142354 0.9604875 0.6334040 0.5590361 0.9227802 0.8727044 
D          0.5341575 0.5337746 0.8593261 0.0000000 0.7140631 0.9363645 0.6307974 0.5698393 0.6911628 0.7684598 
E          0.3470827 0.4189713 0.8142354 0.7140631 0.0000000 0.7210813 0.3875518 0.3346662 0.5841772 0.5600095 
F          0.5653097 0.6177044 0.9604875 0.9363645 0.7210813 0.0000000 0.7126370 0.5677372 0.8944054 0.9017959 
G          0.2802877 0.3351647 0.6334040 0.6307974 0.3875518 0.7126370 0.0000000 0.2569202 0.5912067 0.5647371 
H          0.1475306 0.1973738 0.5590361 0.5698393 0.3346662 0.5677372 0.2569202 0.0000000 0.4693429 0.3958808 
I          0.4509142 0.4969736 0.9227802 0.6911628 0.5841772 0.8944054 0.5912067 0.4693429 0.0000000 0.6785834 
J          0.3936990 0.4154105 0.8727044 0.7684598 0.5600095 0.9017959 0.5647371 0.3958808 0.6785834 0.0000000 
