10
A          0.0000000 0.2919529 0.4948354 0.7297660 0.4269276 0.6076919 0.3028921 0.1817701 0.5419700 0.5303860 
B          0.2919529 0.0000000 0.6066559 0.8372603 0.5324166 0.6477860 0.3739817 0.3134360 0.5848829 0.5869083 
C          0.4948354 0.6066559 0.0000000 1.0567831 0.7522407 0.8984026 0.6105041 0.5073185 0.8030046 0.7767761 
D          0.7297660 0.8372603 1.0567831 0.0000000 0.8601335 0.9723941 0.7599862 0.7291414 1.1144138 0.9672819 
E          0.4269276 0.5324166 0.7522407 0.8601335 0.0000000 0.6972048 0.4711852 0.4570965 0.7077211 0.7917890 
F          0.6076919 0.6477860 0.8984026 0.9723941 0.6972048 0.0000000 0.6919945 0.6703692 0.8887959 0.8935506 
G          0.3028921 0.3739817 0.6105041 0.7599862 0.4711852 0.6919945 0.0000000 0.2785584 0.6014413 0.5891664 
H          0.1817701 0.3134360 0.5073185 0.7291414 0.4570965 0.6703692 0.2785584 0.0000000 0.5771661 0.5359156 
I          0.5419700 0.5848829 0.8030046 1.1144138 0.7077211 0.8887959 0.6014413 0.5771661 0.0000000 0.8379985 
J          0.5303860 0.5869083 0.7767761 0.9672819 0.7917890 0.8935506 0.5891664 0.5359156 0.8379985 0.0000000 
