10
A          0.0000000 0.2419361 0.5275124 0.5654258 0.3018967 0.5186593 0.2623199 0.1636190 0.4480990 0.3733150 
B          0.2419361 0.0000000 0.5200571 0.6361014 0.3834577 0.5376725 0.3645853 0.2241499 0.4906818 0.4554338 
C          0.5275124 0.5200571 0.0000000 0.9706765 0.6834985 0.7790869 0.6861648 0.5368203 0.8532225 0.7421659 
D          0.5654258 0.6361014 0.9706765 0.0000000 0.6688226 0.8058294 0.7178354 0.5814115 0.9020450 0.8639394 
E          0.3018967 0.3834577 0.6834985 0.6688226 0.0000000 0.6852789 0.3945758 0.3363279 0.6748841 0.5776627 
F          0.5186593 0.5376725 0.7790869 0.8058294 0.6852789 0.0000000 0.6616263 0.5048778 0.8468060 0.6756016 
G          0.2623199 0.3645853 0.6861648 0.7178354 0.3945758 0.6616263 0.0000000 0.2809269 0.5568966 0.5095097 
H          0.1636190 0.2241499 0.5368203 0.5814115 0.3363279 0.5048778 0.2809269 0.0000000 0.5024955 0.3937561 
I          0.4480990 0.4906818 0.8532225 0.9020450 0.6748841 0.8468060 0.5568966 0.5024955 0.0000000 0.7452534 
J          0.3733150 0.4554338 0.7421659 0.8639394 0.5776627 0.6756016 0.5095097 0.3937561 0.7452534 0.0000000 
