10
A          0.0000000 0.2615860 0.4122591 0.5116513 0.3380899 0.5486293 0.2807966 0.1989771 0.5551607 0.4858992 
B          0.2615860 0.0000000 0.5780704 0.6016130 0.4359566 0.6155332 0.3776907 0.2824757 0.6827094 0.6199626 
C          0.4122591 0.5780704 0.0000000 0.8262708 0.6848524 0.8427782 0.5797212 0.5065437 0.9565655 0.7404010 
D          0.5116513 0.6016130 0.8262708 0.0000000 0.7545186 0.8751330 0.6113672 0.5227786 0.9404212 0.8210279 
E          0.3380899 0.4359566 0.6848524 0.7545186 0.0000000 0.6767695 0.4533032 0.3386173 0.7726631 0.6642550 
F          0.5486293 0.6155332 0.8427782 0.8751330 0.6767695 0.0000000 0.6450181 0.5641123 1.0197924 0.9120292 
G          0.2807966 0.3776907 0.5797212 0.6113672 0.4533032 0.6450181 0.0000000 0.3136641 0.7798678 0.5569799 
H          0.1989771 0.2824757 0.5065437 0.5227786 0.3386173 0.5641123 0.3136641 0.0000000 0.6818613 0.4961248 
I          0.5551607 0.6827094 0.9565655 0.9404212 0.7726631 1.0197924 0.7798678 0.6818613 0.0000000 0.8920966 
J          0.4858992 0.6199626 0.7404010 0.8210279 0.6642550 0.9120292 0.5569799 0.4961248 0.8920966 0.0000000 
