10
A          0.0000000 0.2513208 0.5339505 0.5938888 0.3688446 0.5143904 0.2779113 0.1951472 0.4479910 0.5052357 
B          0.2513208 0.0000000 0.5905737 0.5897148 0.4105773 0.6414886 0.3457948 0.2531860 0.5115605 0.6247724 
C          0.5339505 0.5905737 0.0000000 0.9602912 0.8152297 0.9585190 0.6688905 0.5842278 0.7807249 0.9035544 
D          0.5938888 0.5897148 0.9602912 0.0000000 0.7739660 0.9958609 0.7659841 0.5974096 0.7713951 0.8117515 
E          0.3688446 0.4105773 0.8152297 0.7739660 0.0000000 0.7806225 0.4513570 0.3473973 0.6816979 0.7062356 
F          0.5143904 0.6414886 0.9585190 0.9958609 0.7806225 0.0000000 0.6401782 0.5562279 0.8458095 0.8261374 
G          0.2779113 0.3457948 0.6688905 0.7659841 0.4513570 0.6401782 0.0000000 0.2857608 0.5813429 0.5584733 
H          0.1951472 0.2531860 0.5842278 0.5974096 0.3473973 0.5562279 0.2857608 0.0000000 0.5060146 0.5319175 
I          0.4479910 0.5115605 0.7807249 0.7713951 0.6816979 0.8458095 0.5813429 0.5060146 0.0000000 0.7824976 
J          0.5052357 0.6247724 0.9035544 0.8117515 0.7062356 0.8261374 0.5584733 0.5319175 0.7824976 0.0000000 
