10
A          0.0000000 0.2909645 0.5286367 0.4003839 0.2534400 0.3251221 0.5834294 0.3041283 0.6028860 0.5602041 
B          0.2909645 0.0000000 0.5119294 0.4416304 0.2141890 0.2923501 0.5352431 0.3299218 0.5404667 0.5641560 
C          0.5286367 0.5119294 0.0000000 0.6854219 0.4572631 0.4759661 0.8243823 0.5087517 0.6880525 0.8448392 
D          0.4003839 0.4416304 0.6854219 0.0000000 0.3716200 0.4525496 0.6822702 0.4107823 0.7814856 0.6708094 
E          0.2534400 0.2141890 0.4572631 0.3716200 0.0000000 0.2661492 0.4817226 0.3051948 0.5112568 0.4819335 
F          0.3251221 0.2923501 0.4759661 0.4525496 0.2661492 0.0000000 0.5873236 0.3826467 0.5711815 0.5835001 
G          0.5834294 0.5352431 0.8243823 0.6822702 0.4817226 0.5873236 0.0000000 0.5925480 0.8145818 0.7651242 
H          0.3041283 0.3299218 0.5087517 0.4107823 0.3051948 0.3826467 0.5925480 0.0000000 0.6091627 0.6298715 
I          0.6028860 0.5404667 0.6880525 0.7814856 0.5112568 0.5711815 0.8145818 0.6091627 0.0000000 0.8725188 
J          0.5602041 0.5641560 0.8448392 0.6708094 0.4819335 0.5835001 0.7651242 0.6298715 0.8725188 0.0000000 
