10
A          0.0000000 0.4313093 0.4982598 0.3972488 0.3241081 0.3911858 0.5222767 0.3135695 0.7714403 0.6388385 
B          0.4313093 0.0000000 0.4832564 0.5952096 0.3019283 0.3775023 0.6274841 0.4306491 0.5779156 0.5849299 
C          0.4982598 0.4832564 0.0000000 0.6372853 0.3936860 0.3686629 0.6215197 0.5517613 0.7263753 0.7684102 
D          0.3972488 0.5952096 0.6372853 0.0000000 0.4910542 0.5427435 0.5825121 0.4498946 0.8333235 0.7366194 
E          0.3241081 0.3019283 0.3936860 0.4910542 0.0000000 0.2556488 0.5426951 0.3491784 0.6310915 0.5475218 
F          0.3911858 0.3775023 0.3686629 0.5427435 0.2556488 0.0000000 0.6378623 0.3940173 0.6317093 0.5987129 
G          0.5222767 0.6274841 0.6215197 0.5825121 0.5426951 0.6378623 0.0000000 0.6298785 0.8572170 0.9722019 
H          0.3135695 0.4306491 0.5517613 0.4498946 0.3491784 0.3940173 0.6298785 0.0000000 0.7759034 0.6903578 
I          0.7714403 0.5779156 0.7263753 0.8333235 0.6310915 0.6317093 0.8572170 0.7759034 0.0000000 0.8075956 
J          0.6388385 0.5849299 0.7684102 0.7366194 0.5475218 0.5987129 0.9722019 0.6903578 0.8075956 0.0000000 
