10
A          0.0000000 0.2912294 0.4439172 0.3517079 0.2874484 0.3510521 0.4996558 0.2981247 0.6092987 0.5708451 
B          0.2912294 0.0000000 0.4148217 0.4469523 0.2601025 0.3508543 0.5430796 0.3342619 0.5084426 0.5416669 
C          0.4439172 0.4148217 0.0000000 0.6072423 0.3964780 0.3807073 0.6065765 0.4555077 0.6578738 0.6279970 
D          0.3517079 0.4469523 0.6072423 0.0000000 0.3918773 0.4790739 0.6168937 0.4140685 0.6721691 0.6759204 
E          0.2874484 0.2601025 0.3964780 0.3918773 0.0000000 0.2595422 0.5221649 0.3131839 0.5267066 0.4916798 
F          0.3510521 0.3508543 0.3807073 0.4790739 0.2595422 0.0000000 0.5412666 0.3330520 0.5741417 0.5201659 
G          0.4996558 0.5430796 0.6065765 0.6168937 0.5221649 0.5412666 0.0000000 0.5770502 0.8906163 0.7426417 
H          0.2981247 0.3342619 0.4555077 0.4140685 0.3131839 0.3330520 0.5770502 0.0000000 0.6748679 0.5791874 
I          0.6092987 0.5084426 0.6578738 0.6721691 0.5267066 0.5741417 0.8906163 0.6748679 0.0000000 0.7715039 
J          0.5708451 0.5416669 0.6279970 0.6759204 0.4916798 0.5201659 0.7426417 0.5791874 0.7715039 0.0000000 
