10
A          0.0000000 0.2771354 0.4452300 0.4413924 0.2527136 0.2611559 0.5315325 0.2983682 0.5362512 0.4527528 
B          0.2771354 0.0000000 0.4096375 0.3953056 0.2198310 0.2640616 0.5114950 0.2768058 0.4477238 0.4838340 
C          0.4452300 0.4096375 0.0000000 0.5696570 0.4068803 0.4000178 0.6721344 0.4205764 0.6560570 0.5177877 
D          0.4413924 0.3953056 0.5696570 0.0000000 0.3823918 0.4241230 0.7122578 0.4533604 0.7147684 0.6440120 
E          0.2527136 0.2198310 0.4068803 0.3823918 0.0000000 0.2329229 0.4807819 0.2773880 0.4941638 0.4342549 
F          0.2611559 0.2640616 0.4000178 0.4241230 0.2329229 0.0000000 0.4939512 0.3005488 0.4849878 0.4457022 
G          0.5315325 0.5114950 0.6721344 0.7122578 0.4807819 0.4939512 0.0000000 0.5720673 0.7678749 0.7031696 
H          0.2983682 0.2768058 0.4205764 0.4533604 0.2773880 0.3005488 0.5720673 0.0000000 0.5712401 0.4731969 
I          0.5362512 0.4477238 0.6560570 0.7147684 0.4941638 0.4849878 0.7678749 0.5712401 0.0000000 0.7702016 
J          0.4527528 0.4838340 0.5177877 0.6440120 0.4342549 0.4457022 0.7031696 0.4731969 0.7702016 0.0000000 
