10
A          0.0000000 0.2912688 0.4478809 0.4563533 0.2530356 0.3138388 0.6290206 0.3193552 0.6098592 0.5532093 
B          0.2912688 0.0000000 0.4193234 0.4294258 0.1972912 0.2612911 0.5969387 0.2782276 0.5756910 0.5206798 
C          0.4478809 0.4193234 0.0000000 0.5359834 0.3620548 0.4287691 0.6895658 0.4365599 0.7536071 0.7071799 
D          0.4563533 0.4294258 0.5359834 0.0000000 0.3672221 0.4363334 0.6928629 0.4455093 0.8166418 0.7258155 
E          0.2530356 0.1972912 0.3620548 0.3672221 0.0000000 0.2364158 0.4555293 0.2446083 0.5004881 0.4725641 
F          0.3138388 0.2612911 0.4287691 0.4363334 0.2364158 0.0000000 0.5696007 0.2987034 0.6077144 0.5729619 
G          0.6290206 0.5969387 0.6895658 0.6928629 0.4555293 0.5696007 0.0000000 0.5842726 0.7568885 0.8932762 
H          0.3193552 0.2782276 0.4365599 0.4455093 0.2446083 0.2987034 0.5842726 0.0000000 0.6005940 0.5359640 
I          0.6098592 0.5756910 0.7536071 0.8166418 0.5004881 0.6077144 0.7568885 0.6005940 0.0000000 0.8305238 
J          0.5532093 0.5206798 0.7071799 0.7258155 0.4725641 0.5729619 0.8932762 0.5359640 0.8305238 0.0000000 
