10
A          0.0000000 0.2901886 0.4763181 0.4679593 0.2706393 0.3159177 0.4987048 0.3234934 0.6151424 0.5454529 
B          0.2901886 0.0000000 0.4201239 0.4133753 0.2011163 0.2770090 0.4569393 0.2725341 0.5399189 0.5190498 
C          0.4763181 0.4201239 0.0000000 0.6711600 0.4275261 0.4623719 0.7101196 0.4801729 0.7034999 0.7636852 
D          0.4679593 0.4133753 0.6711600 0.0000000 0.4454501 0.5050153 0.7427958 0.4628879 0.7244071 0.7284950 
E          0.2706393 0.2011163 0.4275261 0.4454501 0.0000000 0.2586351 0.4481853 0.2656646 0.5043878 0.5532853 
F          0.3159177 0.2770090 0.4623719 0.5050153 0.2586351 0.0000000 0.5314974 0.3252671 0.6423023 0.5298490 
G          0.4987048 0.4569393 0.7101196 0.7427958 0.4481853 0.5314974 0.0000000 0.4809310 0.8344224 0.8955562 
H          0.3234934 0.2725341 0.4801729 0.4628879 0.2656646 0.3252671 0.4809310 0.0000000 0.5365975 0.5656280 
I          0.6151424 0.5399189 0.7034999 0.7244071 0.5043878 0.6423023 0.8344224 0.5365975 0.0000000 0.8172809 
J          0.5454529 0.5190498 0.7636852 0.7284950 0.5532853 0.5298490 0.8955562 0.5656280 0.8172809 0.0000000 
