10
A          0.0000000 0.2302546 0.4268510 0.3536931 0.2220891 0.2460189 0.4727143 0.2743372 0.5668592 0.4792351 
B          0.2302546 0.0000000 0.4245610 0.3337669 0.2100371 0.2298427 0.4462162 0.2733603 0.5507627 0.4333914 
C          0.4268510 0.4245610 0.0000000 0.5650459 0.4338543 0.4215562 0.6934992 0.4568514 0.7435817 0.6438605 
D          0.3536931 0.3337669 0.5650459 0.0000000 0.3010214 0.3417364 0.5758059 0.3864332 0.5823867 0.5922298 
E          0.2220891 0.2100371 0.4338543 0.3010214 0.0000000 0.2386476 0.4508613 0.2529058 0.5072050 0.4455266 
F          0.2460189 0.2298427 0.4215562 0.3417364 0.2386476 0.0000000 0.4946209 0.3029657 0.5378679 0.4796514 
G          0.4727143 0.4462162 0.6934992 0.5758059 0.4508613 0.4946209 0.0000000 0.4808531 0.7806216 0.7469130 
H          0.2743372 0.2733603 0.4568514 0.3864332 0.2529058 0.3029657 0.4808531 0.0000000 0.6070558 0.5530607 
I          0.5668592 0.5507627 0.7435817 0.5823867 0.5072050 0.5378679 0.7806216 0.6070558 0.0000000 0.8610897 
J          0.4792351 0.4333914 0.6438605 0.5922298 0.4455266 0.4796514 0.7469130 0.5530607 0.8610897 0.0000000 
