10
A          0.0000000 0.3185597 0.5304690 0.3732802 0.2681729 0.2859292 0.5068513 0.2989286 0.5558318 0.5706320 
B          0.3185597 0.0000000 0.5256876 0.4013509 0.2359006 0.2833428 0.5220496 0.2950762 0.4867634 0.5756243 
C          0.5304690 0.5256876 0.0000000 0.6626760 0.4414575 0.4624112 0.7572629 0.4727314 0.7456496 0.7843610 
D          0.3732802 0.4013509 0.6626760 0.0000000 0.3658913 0.4392986 0.6858293 0.3855211 0.6386844 0.6501245 
E          0.2681729 0.2359006 0.4414575 0.3658913 0.0000000 0.2087213 0.4635818 0.2277946 0.4488119 0.4705004 
F          0.2859292 0.2833428 0.4624112 0.4392986 0.2087213 0.0000000 0.4818878 0.2849451 0.5362314 0.5258633 
G          0.5068513 0.5220496 0.7572629 0.6858293 0.4635818 0.4818878 0.0000000 0.5325630 0.7964539 0.7326641 
H          0.2989286 0.2950762 0.4727314 0.3855211 0.2277946 0.2849451 0.5325630 0.0000000 0.5180882 0.5387898 
I          0.5558318 0.4867634 0.7456496 0.6386844 0.4488119 0.5362314 0.7964539 0.5180882 0.0000000 0.7817305 
J          0.5706320 0.5756243 0.7843610 0.6501245 0.4705004 0.5258633 0.7326641 0.5387898 0.7817305 0.0000000 
