10
A          0.0000000 0.2864871 0.4949054 0.4809881 0.2563238 0.3217656 0.5052310 0.3345314 0.5782723 0.5525947 
B          0.2864871 0.0000000 0.4551849 0.4550521 0.2043788 0.2681061 0.4666951 0.2609154 0.5740841 0.4647826 
C          0.4949054 0.4551849 0.0000000 0.6710607 0.4488070 0.4930406 0.7017761 0.5171915 0.8572442 0.7607406 
D          0.4809881 0.4550521 0.6710607 0.0000000 0.4066591 0.4625501 0.6609846 0.4835599 0.7736220 0.7539879 
E          0.2563238 0.2043788 0.4488070 0.4066591 0.0000000 0.2329020 0.4662250 0.2684564 0.5243020 0.5007280 
F          0.3217656 0.2681061 0.4930406 0.4625501 0.2329020 0.0000000 0.4907632 0.3193409 0.5952808 0.5514572 
G          0.5052310 0.4666951 0.7017761 0.6609846 0.4662250 0.4907632 0.0000000 0.5309076 0.7534985 0.8183728 
H          0.3345314 0.2609154 0.5171915 0.4835599 0.2684564 0.3193409 0.5309076 0.0000000 0.6574105 0.5614062 
I          0.5782723 0.5740841 0.8572442 0.7736220 0.5243020 0.5952808 0.7534985 0.6574105 0.0000000 0.8459155 
J          0.5525947 0.4647826 0.7607406 0.7539879 0.5007280 0.5514572 0.8183728 0.5614062 0.8459155 0.0000000 
