10
A          0.0000000 0.2874421 0.4487084 0.4505575 0.2251786 0.2567829 0.5412656 0.2569030 0.6434615 0.4581099 
B          0.2874421 0.0000000 0.3920042 0.4149466 0.2336989 0.2636849 0.5076523 0.2380247 0.5746695 0.4931154 
C          0.4487084 0.3920042 0.0000000 0.5926931 0.3632440 0.4371102 0.6072883 0.4180535 0.7107785 0.6466498 
D          0.4505575 0.4149466 0.5926931 0.0000000 0.3457000 0.3884340 0.6521408 0.4095902 0.6835592 0.6440165 
E          0.2251786 0.2336989 0.3632440 0.3457000 0.0000000 0.2338986 0.4625567 0.2029729 0.5420332 0.4342349 
F          0.2567829 0.2636849 0.4371102 0.3884340 0.2338986 0.0000000 0.4930275 0.2545043 0.5358998 0.4823890 
G          0.5412656 0.5076523 0.6072883 0.6521408 0.4625567 0.4930275 0.0000000 0.5208135 0.8007196 0.7781555 
H          0.2569030 0.2380247 0.4180535 0.4095902 0.2029729 0.2545043 0.5208135 0.0000000 0.5523825 0.4914537 
I          0.6434615 0.5746695 0.7107785 0.6835592 0.5420332 0.5358998 0.8007196 0.5523825 0.0000000 0.8198803 
J          0.4581099 0.4931154 0.6466498 0.6440165 0.4342349 0.4823890 0.7781555 0.4914537 0.8198803 0.0000000 
