10
A          0.0000000 0.2226714 0.3866661 0.3642231 0.1878069 0.2341544 0.4905422 0.2385066 0.5360705 0.4931458 
B          0.2226714 0.0000000 0.3660566 0.3542931 0.2020156 0.2501323 0.5514150 0.2697352 0.5433535 0.4796984 
C          0.3866661 0.3660566 0.0000000 0.4604131 0.3187211 0.3952259 0.7227417 0.4190678 0.6845132 0.6524085 
D          0.3642231 0.3542931 0.4604131 0.0000000 0.3098656 0.3649217 0.6100799 0.4301852 0.6441826 0.5408490 
E          0.1878069 0.2020156 0.3187211 0.3098656 0.0000000 0.2115912 0.4911422 0.2260172 0.4566633 0.4081346 
F          0.2341544 0.2501323 0.3952259 0.3649217 0.2115912 0.0000000 0.5008291 0.2782016 0.5740123 0.4862046 
G          0.4905422 0.5514150 0.7227417 0.6100799 0.4911422 0.5008291 0.0000000 0.5350128 0.8649811 0.7078462 
H          0.2385066 0.2697352 0.4190678 0.4301852 0.2260172 0.2782016 0.5350128 0.0000000 0.5555046 0.5403093 
I          0.5360705 0.5433535 0.6845132 0.6441826 0.4566633 0.5740123 0.8649811 0.5555046 0.0000000 0.8009851 
J          0.4931458 0.4796984 0.6524085 0.5408490 0.4081346 0.4862046 0.7078462 0.5403093 0.8009851 0.0000000 
