10
A          0.0000000 0.2506297 0.4319462 0.3776557 0.2139249 0.2006414 0.4911452 0.2718023 0.5027221 0.4475132 
B          0.2506297 0.0000000 0.4007288 0.3565961 0.2093089 0.2100638 0.4581202 0.2745916 0.4709451 0.4380418 
C          0.4319462 0.4007288 0.0000000 0.5520610 0.4017177 0.3893036 0.6216230 0.4402898 0.6926066 0.6959715 
D          0.3776557 0.3565961 0.5520610 0.0000000 0.3497941 0.3097881 0.6051583 0.4450207 0.6468630 0.6590664 
E          0.2139249 0.2093089 0.4017177 0.3497941 0.0000000 0.1845463 0.4538652 0.2720342 0.4524472 0.4323998 
F          0.2006414 0.2100638 0.3893036 0.3097881 0.1845463 0.0000000 0.4595457 0.2513640 0.4206613 0.4381123 
G          0.4911452 0.4581202 0.6216230 0.6051583 0.4538652 0.4595457 0.0000000 0.6121677 0.7453139 0.7313047 
H          0.2718023 0.2745916 0.4402898 0.4450207 0.2720342 0.2513640 0.6121677 0.0000000 0.5636707 0.5234627 
I          0.5027221 0.4709451 0.6926066 0.6468630 0.4524472 0.4206613 0.7453139 0.5636707 0.0000000 0.7484674 
J          0.4475132 0.4380418 0.6959715 0.6590664 0.4323998 0.4381123 0.7313047 0.5234627 0.7484674 0.0000000 
