10
A          0.0000000 0.4924578 0.6220894 0.3950123 0.3543775 0.4287717 0.5262396 0.2789075 0.7464781 0.6650120 
B          0.4924578 0.0000000 0.5465057 0.6320383 0.3033654 0.3528030 0.5769561 0.4316489 0.5292380 0.4413561 
C          0.6220894 0.5465057 0.0000000 0.6380449 0.4227978 0.4454429 0.6773483 0.5666520 0.8611671 0.7329926 
D          0.3950123 0.6320383 0.6380449 0.0000000 0.5145769 0.5774094 0.6726144 0.4014644 0.9200565 0.7292660 
E          0.3543775 0.3033654 0.4227978 0.5145769 0.0000000 0.2547151 0.4773432 0.3668730 0.6853904 0.5504218 
F          0.4287717 0.3528030 0.4454429 0.5774094 0.2547151 0.0000000 0.5252813 0.4053218 0.6782224 0.5491806 
G          0.5262396 0.5769561 0.6773483 0.6726144 0.4773432 0.5252813 0.0000000 0.5358992 0.8345240 0.7606722 
H          0.2789075 0.4316489 0.5666520 0.4014644 0.3668730 0.4053218 0.5358992 0.0000000 0.7419295 0.5937676 
I          0.7464781 0.5292380 0.8611671 0.9200565 0.6853904 0.6782224 0.8345240 0.7419295 0.0000000 0.8399472 
J          0.6650120 0.4413561 0.7329926 0.7292660 0.5504218 0.5491806 0.7606722 0.5937676 0.8399472 0.0000000 
