10
A          0.0000000 0.5698426 0.4591205 0.3810360 0.3743710 0.2849195 0.5424741 0.5546365 0.4872451 0.4091541 
B          0.5698426 0.0000000 0.8681218 0.7378480 0.7198510 0.5889796 0.8246987 1.0026421 0.8294753 0.7685737 
C          0.4591205 0.8681218 0.0000000 0.5987251 0.6394092 0.5295501 0.7625761 0.8602731 0.7646549 0.6939107 
D          0.3810360 0.7378480 0.5987251 0.0000000 0.5964307 0.4666611 0.6598493 0.6976212 0.5894803 0.5716508 
E          0.3743710 0.7198510 0.6394092 0.5964307 0.0000000 0.4975132 0.6275072 0.7984793 0.7969738 0.5913256 
F          0.2849195 0.5889796 0.5295501 0.4666611 0.4975132 0.0000000 0.5825521 0.6394902 0.4786966 0.4412796 
G          0.5424741 0.8246987 0.7625761 0.6598493 0.6275072 0.5825521 0.0000000 0.9362291 0.8553092 0.6845724 
H          0.5546365 1.0026421 0.8602731 0.6976212 0.7984793 0.6394902 0.9362291 0.0000000 0.7960717 0.8280396 
I          0.4872451 0.8294753 0.7646549 0.5894803 0.7969738 0.4786966 0.8553092 0.7960717 0.0000000 0.6639483 
J          0.4091541 0.7685737 0.6939107 0.5716508 0.5913256 0.4412796 0.6845724 0.8280396 0.6639483 0.0000000 
