10
A          0.0000000 0.6506418 0.4723266 0.3906827 0.4278295 0.2873390 0.4957945 0.6303192 0.4423175 0.4505197 
B          0.6506418 0.0000000 0.8246827 0.7862287 0.8367382 0.6552328 0.8455594 1.0150110 0.8888108 0.7988255 
C          0.4723266 0.8246827 0.0000000 0.4999531 0.6532017 0.4458161 0.6440335 0.7841424 0.6138693 0.6773556 
D          0.3906827 0.7862287 0.4999531 0.0000000 0.5973349 0.4185188 0.6028174 0.6965701 0.5145944 0.6293280 
E          0.4278295 0.8367382 0.6532017 0.5973349 0.0000000 0.4765273 0.7155073 0.8307100 0.5473867 0.6428391 
F          0.2873390 0.6552328 0.4458161 0.4185188 0.4765273 0.0000000 0.5523381 0.5965619 0.4910667 0.4584214 
G          0.4957945 0.8455594 0.6440335 0.6028174 0.7155073 0.5523381 0.0000000 0.8263985 0.6243168 0.6694515 
H          0.6303192 1.0150110 0.7841424 0.6965701 0.8307100 0.5965619 0.8263985 0.0000000 0.7322913 0.7539475 
I          0.4423175 0.8888108 0.6138693 0.5145944 0.5473867 0.4910667 0.6243168 0.7322913 0.0000000 0.6558988 
J          0.4505197 0.7988255 0.6773556 0.6293280 0.6428391 0.4584214 0.6694515 0.7539475 0.6558988 0.0000000 
