10
A          0.0000000 0.5917963 0.3926369 0.3859942 0.3223747 0.2429911 0.4989257 0.5691744 0.3896609 0.4030840 
B          0.5917963 0.0000000 0.9055879 0.7963131 0.7642790 0.6410249 0.8604979 0.8984691 0.8659556 0.7830362 
C          0.3926369 0.9055879 0.0000000 0.6533691 0.5562458 0.5191607 0.7379040 0.8279484 0.6156708 0.6354007 
D          0.3859942 0.7963131 0.6533691 0.0000000 0.5620866 0.4451467 0.6453872 0.8492325 0.5650520 0.6780009 
E          0.3223747 0.7642790 0.5562458 0.5620866 0.0000000 0.4818085 0.6588909 0.7370539 0.5406811 0.5534437 
F          0.2429911 0.6410249 0.5191607 0.4451467 0.4818085 0.0000000 0.5458653 0.7304579 0.5120377 0.5264895 
G          0.4989257 0.8604979 0.7379040 0.6453872 0.6588909 0.5458653 0.0000000 0.8195903 0.7697122 0.7856134 
H          0.5691744 0.8984691 0.8279484 0.8492325 0.7370539 0.7304579 0.8195903 0.0000000 0.8291037 0.8153286 
I          0.3896609 0.8659556 0.6156708 0.5650520 0.5406811 0.5120377 0.7697122 0.8291037 0.0000000 0.6162613 
J          0.4030840 0.7830362 0.6354007 0.6780009 0.5534437 0.5264895 0.7856134 0.8153286 0.6162613 0.0000000 
