10
A          0.0000000 0.5142770 0.4274476 0.3360285 0.3987629 0.2419402 0.5721745 0.5657354 0.5038270 0.4406380 
B          0.5142770 0.0000000 0.7603267 0.7084097 0.7114366 0.5823124 0.9152020 0.8947771 0.8945521 0.7336668 
C          0.4274476 0.7603267 0.0000000 0.6249550 0.6124601 0.5149719 0.7460621 0.7625990 0.6892700 0.7061894 
D          0.3360285 0.7084097 0.6249550 0.0000000 0.5561393 0.4196455 0.6673451 0.6954806 0.5696082 0.5546639 
E          0.3987629 0.7114366 0.6124601 0.5561393 0.0000000 0.4528220 0.6710308 0.7463643 0.6333098 0.6619455 
F          0.2419402 0.5823124 0.5149719 0.4196455 0.4528220 0.0000000 0.5644356 0.6066148 0.5006073 0.4341861 
G          0.5721745 0.9152020 0.7460621 0.6673451 0.6710308 0.5644356 0.0000000 0.7450268 0.8265948 0.7748327 
H          0.5657354 0.8947771 0.7625990 0.6954806 0.7463643 0.6066148 0.7450268 0.0000000 0.8560937 0.7396262 
I          0.5038270 0.8945521 0.6892700 0.5696082 0.6333098 0.5006073 0.8265948 0.8560937 0.0000000 0.7289048 
J          0.4406380 0.7336668 0.7061894 0.5546639 0.6619455 0.4341861 0.7748327 0.7396262 0.7289048 0.0000000 
