10
A          0.0000000 0.6210974 0.4272532 0.3204496 0.3901303 0.2594858 0.4614201 0.5428917 0.4291084 0.3739406 
B          0.6210974 0.0000000 0.9130656 0.8640535 0.8269303 0.6885120 0.8911344 1.0578332 0.9060202 0.7854084 
C          0.4272532 0.9130656 0.0000000 0.5416777 0.6868837 0.4984182 0.6457818 0.8027533 0.6610327 0.6524484 
D          0.3204496 0.8640535 0.5416777 0.0000000 0.5855356 0.4237952 0.6138363 0.7231057 0.5476751 0.5594759 
E          0.3901303 0.8269303 0.6868837 0.5855356 0.0000000 0.4662878 0.6947779 0.8323243 0.6556146 0.6026493 
F          0.2594858 0.6885120 0.4984182 0.4237952 0.4662878 0.0000000 0.5816029 0.6018861 0.4921692 0.4664309 
G          0.4614201 0.8911344 0.6457818 0.6138363 0.6947779 0.5816029 0.0000000 0.8623885 0.7337788 0.6803060 
H          0.5428917 1.0578332 0.8027533 0.7231057 0.8323243 0.6018861 0.8623885 0.0000000 0.8294970 0.7805767 
I          0.4291084 0.9060202 0.6610327 0.5476751 0.6556146 0.4921692 0.7337788 0.8294970 0.0000000 0.6617793 
J          0.3739406 0.7854084 0.6524484 0.5594759 0.6026493 0.4664309 0.6803060 0.7805767 0.6617793 0.0000000 
