10
A          0.0000000 0.7222235 0.4695850 0.3611567 0.3900889 0.2733899 0.5035351 0.6552332 0.5275203 0.4055043 
B          0.7222235 0.0000000 0.8861889 0.7316838 0.9173912 0.7721926 1.0446072 1.0261300 1.0344506 0.8506810 
C          0.4695850 0.8861889 0.0000000 0.6760405 0.7136216 0.5412144 0.8285267 0.8778886 0.7701890 0.6353004 
D          0.3611567 0.7316838 0.6760405 0.0000000 0.5094759 0.4105925 0.6940471 0.8163255 0.6365150 0.5498433 
E          0.3900889 0.9173912 0.7136216 0.5094759 0.0000000 0.4602726 0.6658071 0.7560133 0.6596525 0.5788881 
F          0.2733899 0.7721926 0.5412144 0.4105925 0.4602726 0.0000000 0.5923779 0.7007403 0.5600161 0.4586499 
G          0.5035351 1.0446072 0.8285267 0.6940471 0.6658071 0.5923779 0.0000000 1.0295434 0.8033232 0.6937860 
H          0.6552332 1.0261300 0.8778886 0.8163255 0.7560133 0.7007403 1.0295434 0.0000000 0.9601013 0.6978388 
I          0.5275203 1.0344506 0.7701890 0.6365150 0.6596525 0.5600161 0.8033232 0.9601013 0.0000000 0.7125381 
J          0.4055043 0.8506810 0.6353004 0.5498433 0.5788881 0.4586499 0.6937860 0.6978388 0.7125381 0.0000000 
