10
A          0.0000000 0.5308675 0.4002495 0.3819198 0.3543517 0.2719692 0.5036838 0.5825228 0.3995361 0.3818879 
B          0.5308675 0.0000000 0.7914230 0.7409153 0.7543517 0.6454869 0.9185728 0.8676180 0.8131790 0.7234643 
C          0.4002495 0.7914230 0.0000000 0.6017882 0.5797551 0.4294054 0.6718356 0.7373597 0.6214016 0.5895159 
D          0.3819198 0.7409153 0.6017882 0.0000000 0.5579660 0.4148010 0.6838080 0.7617186 0.5899700 0.5791105 
E          0.3543517 0.7543517 0.5797551 0.5579660 0.0000000 0.4388928 0.6690417 0.6529165 0.6167015 0.5372991 
F          0.2719692 0.6454869 0.4294054 0.4148010 0.4388928 0.0000000 0.5944121 0.6405479 0.4903081 0.4531372 
G          0.5036838 0.9185728 0.6718356 0.6838080 0.6690417 0.5944121 0.0000000 0.7865150 0.7360358 0.7062020 
H          0.5825228 0.8676180 0.7373597 0.7617186 0.6529165 0.6405479 0.7865150 0.0000000 0.7110786 0.7383935 
I          0.3995361 0.8131790 0.6214016 0.5899700 0.6167015 0.4903081 0.7360358 0.7110786 0.0000000 0.5848317 
J          0.3818879 0.7234643 0.5895159 0.5791105 0.5372991 0.4531372 0.7062020 0.7383935 0.5848317 0.0000000 
