10
A          0.0000000 0.8152450 0.7128215 0.3532534 0.3613482 0.5767256 0.3699242 0.5939778 0.6098213 0.3844422 
B          0.8152450 0.0000000 0.9310234 0.6261274 0.6720146 0.8142927 0.6717998 0.7973172 0.9487168 0.7063376 
C          0.7128215 0.9310234 0.0000000 0.4798877 0.5297349 0.6548814 0.4970366 0.6783236 0.7468583 0.5223382 
D          0.3532534 0.6261274 0.4798877 0.0000000 0.2314837 0.3435980 0.2130133 0.4035998 0.4598831 0.2116463 
E          0.3613482 0.6720146 0.5297349 0.2314837 0.0000000 0.4140116 0.2413943 0.4416517 0.5001011 0.2466948 
F          0.5767256 0.8142927 0.6548814 0.3435980 0.4140116 0.0000000 0.3983970 0.6054733 0.6406750 0.3854156 
G          0.3699242 0.6717998 0.4970366 0.2130133 0.2413943 0.3983970 0.0000000 0.4446045 0.4630245 0.2293542 
H          0.5939778 0.7973172 0.6783236 0.4035998 0.4416517 0.6054733 0.4446045 0.0000000 0.6643896 0.4488078 
I          0.6098213 0.9487168 0.7468583 0.4598831 0.5001011 0.6406750 0.4630245 0.6643896 0.0000000 0.4680666 
J          0.3844422 0.7063376 0.5223382 0.2116463 0.2466948 0.3854156 0.2293542 0.4488078 0.4680666 0.0000000 
