10
A          0.0000000 0.6135510 0.6064381 0.3150582 0.3328924 0.3911320 0.2684861 0.5138460 0.5059416 0.3375445 
B          0.6135510 0.0000000 0.8193401 0.4992033 0.5533975 0.6124143 0.4455931 0.6598528 0.7688034 0.4684383 
C          0.6064381 0.8193401 0.0000000 0.5134831 0.5105028 0.5727006 0.4349063 0.6498199 0.7128767 0.5558898 
D          0.3150582 0.4992033 0.5134831 0.0000000 0.2431654 0.3004712 0.1980350 0.4211719 0.4708173 0.2645763 
E          0.3328924 0.5533975 0.5105028 0.2431654 0.0000000 0.3284256 0.2025929 0.4391025 0.4699237 0.2699229 
F          0.3911320 0.6124143 0.5727006 0.3004712 0.3284256 0.0000000 0.2869444 0.5448765 0.5538420 0.3219466 
G          0.2684861 0.4455931 0.4349063 0.1980350 0.2025929 0.2869444 0.0000000 0.3527947 0.3836134 0.2006464 
H          0.5138460 0.6598528 0.6498199 0.4211719 0.4391025 0.5448765 0.3527947 0.0000000 0.5478562 0.4361944 
I          0.5059416 0.7688034 0.7128767 0.4708173 0.4699237 0.5538420 0.3836134 0.5478562 0.0000000 0.4419132 
J          0.3375445 0.4684383 0.5558898 0.2645763 0.2699229 0.3219466 0.2006464 0.4361944 0.4419132 0.0000000 
