10
A          0.0000000 0.7704898 0.8316601 0.4376880 0.4447934 0.5951192 0.3960302 0.5556913 0.6580306 0.4232791 
B          0.7704898 0.0000000 0.9032861 0.6812663 0.5755590 0.7377638 0.6074193 0.8387981 0.8465762 0.6369978 
C          0.8316601 0.9032861 0.0000000 0.6599635 0.5942017 0.7760698 0.6236295 0.8866372 0.7451711 0.6368101 
D          0.4376880 0.6812663 0.6599635 0.0000000 0.2255159 0.3565163 0.2136209 0.4681978 0.4738567 0.2599771 
E          0.4447934 0.5755590 0.5942017 0.2255159 0.0000000 0.3565659 0.2014764 0.4324765 0.4578288 0.2488067 
F          0.5951192 0.7377638 0.7760698 0.3565163 0.3565659 0.0000000 0.3457298 0.5448864 0.5914471 0.3480362 
G          0.3960302 0.6074193 0.6236295 0.2136209 0.2014764 0.3457298 0.0000000 0.4793434 0.4793987 0.2632113 
H          0.5556913 0.8387981 0.8866372 0.4681978 0.4324765 0.5448864 0.4793434 0.0000000 0.7117244 0.4672418 
I          0.6580306 0.8465762 0.7451711 0.4738567 0.4578288 0.5914471 0.4793987 0.7117244 0.0000000 0.4693295 
J          0.4232791 0.6369978 0.6368101 0.2599771 0.2488067 0.3480362 0.2632113 0.4672418 0.4693295 0.0000000 
