10
A          0.0000000 0.7698926 0.5990682 0.3389455 0.3282746 0.4684947 0.3444735 0.6664655 0.6380494 0.4083871 
B          0.7698926 0.0000000 0.8218205 0.6117860 0.6211286 0.6929596 0.5603273 0.8142191 0.8975102 0.6013345 
C          0.5990682 0.8218205 0.0000000 0.4289022 0.4284933 0.5157522 0.4189433 0.6885683 0.7605808 0.4792754 
D          0.3389455 0.6117860 0.4289022 0.0000000 0.2368031 0.2997252 0.2135015 0.4857661 0.5366963 0.2880455 
E          0.3282746 0.6211286 0.4284933 0.2368031 0.0000000 0.3043136 0.2308408 0.5365966 0.5309653 0.3167633 
F          0.4684947 0.6929596 0.5157522 0.2997252 0.3043136 0.0000000 0.2705260 0.5856385 0.5630756 0.3741072 
G          0.3444735 0.5603273 0.4189433 0.2135015 0.2308408 0.2705260 0.0000000 0.4479674 0.4524894 0.2462613 
H          0.6664655 0.8142191 0.6885683 0.4857661 0.5365966 0.5856385 0.4479674 0.0000000 0.6066648 0.4486961 
I          0.6380494 0.8975102 0.7605808 0.5366963 0.5309653 0.5630756 0.4524894 0.6066648 0.0000000 0.4610608 
J          0.4083871 0.6013345 0.4792754 0.2880455 0.3167633 0.3741072 0.2462613 0.4486961 0.4610608 0.0000000 
