10
A          0.0000000 0.8175772 0.6267007 0.3774954 0.3691818 0.5246554 0.3382928 0.6614834 0.7295858 0.3945261 
B          0.8175772 0.0000000 0.9723509 0.7187037 0.6680137 0.7890229 0.6418058 1.0090472 1.1040888 0.7169811 
C          0.6267007 0.9723509 0.0000000 0.4806180 0.4743018 0.6488012 0.5379186 0.8388090 0.7669046 0.5659272 
D          0.3774954 0.7187037 0.4806180 0.0000000 0.2103694 0.3857031 0.2259124 0.4828205 0.4982759 0.2368619 
E          0.3691818 0.6680137 0.4743018 0.2103694 0.0000000 0.3484971 0.2196160 0.5032571 0.5183971 0.2439144 
F          0.5246554 0.7890229 0.6488012 0.3857031 0.3484971 0.0000000 0.3435013 0.5792976 0.6849247 0.3607326 
G          0.3382928 0.6418058 0.5379186 0.2259124 0.2196160 0.3435013 0.0000000 0.4962658 0.5407992 0.2335995 
H          0.6614834 1.0090472 0.8388090 0.4828205 0.5032571 0.5792976 0.4962658 0.0000000 0.7873330 0.4833039 
I          0.7295858 1.1040888 0.7669046 0.4982759 0.5183971 0.6849247 0.5407992 0.7873330 0.0000000 0.5162886 
J          0.3945261 0.7169811 0.5659272 0.2368619 0.2439144 0.3607326 0.2335995 0.4833039 0.5162886 0.0000000 
