10
A          0.0000000 0.6553681 0.5182158 0.2838703 0.3166339 0.4024608 0.2978507 0.5853799 0.5732786 0.3247253 
B          0.6553681 0.0000000 0.8645977 0.6392179 0.6517847 0.6851001 0.5961699 0.7806345 0.8325907 0.5786232 
C          0.5182158 0.8645977 0.0000000 0.4886569 0.5624905 0.5935647 0.4969791 0.7796992 0.7534094 0.5422023 
D          0.2838703 0.6392179 0.4886569 0.0000000 0.2450826 0.3214620 0.2273746 0.4841811 0.4657912 0.2810464 
E          0.3166339 0.6517847 0.5624905 0.2450826 0.0000000 0.3689613 0.2496194 0.5445666 0.4868237 0.2899829 
F          0.4024608 0.6851001 0.5935647 0.3214620 0.3689613 0.0000000 0.2844780 0.5430655 0.5558275 0.3407056 
G          0.2978507 0.5961699 0.4969791 0.2273746 0.2496194 0.2844780 0.0000000 0.4580885 0.4633951 0.2365956 
H          0.5853799 0.7806345 0.7796992 0.4841811 0.5445666 0.5430655 0.4580885 0.0000000 0.7586474 0.4817607 
I          0.5732786 0.8325907 0.7534094 0.4657912 0.4868237 0.5558275 0.4633951 0.7586474 0.0000000 0.4744144 
J          0.3247253 0.5786232 0.5422023 0.2810464 0.2899829 0.3407056 0.2365956 0.4817607 0.4744144 0.0000000 
