10
A          0.0000000 0.6403913 0.5675764 0.3100106 0.3405757 0.4059268 0.2942963 0.5670134 0.5801479 0.3251269 
B          0.6403913 0.0000000 0.7087385 0.5614963 0.5455917 0.6153989 0.5878967 0.7682577 0.8661749 0.5232176 
C          0.5675764 0.7087385 0.0000000 0.4631959 0.4972592 0.5684669 0.4630678 0.6612803 0.6620144 0.4427389 
D          0.3100106 0.5614963 0.4631959 0.0000000 0.2619196 0.2657264 0.2272793 0.4015157 0.4458054 0.2179503 
E          0.3405757 0.5455917 0.4972592 0.2619196 0.0000000 0.3263152 0.2386796 0.4282088 0.4728725 0.2353919 
F          0.4059268 0.6153989 0.5684669 0.2657264 0.3263152 0.0000000 0.2884446 0.5122361 0.5039378 0.2972733 
G          0.2942963 0.5878967 0.4630678 0.2272793 0.2386796 0.2884446 0.0000000 0.4305406 0.4323735 0.1918196 
H          0.5670134 0.7682577 0.6612803 0.4015157 0.4282088 0.5122361 0.4305406 0.0000000 0.6441087 0.4199671 
I          0.5801479 0.8661749 0.6620144 0.4458054 0.4728725 0.5039378 0.4323735 0.6441087 0.0000000 0.4823887 
J          0.3251269 0.5232176 0.4427389 0.2179503 0.2353919 0.2972733 0.1918196 0.4199671 0.4823887 0.0000000 
