10
A          0.0000000 0.6747999 0.5538074 0.3913707 0.3385942 0.4191693 0.3417561 0.5984061 0.6553921 0.4081927 
B          0.6747999 0.0000000 0.8311897 0.6891811 0.6180709 0.6831838 0.5525182 0.7568595 0.8801220 0.6551023 
C          0.5538074 0.8311897 0.0000000 0.4432666 0.4787257 0.5279827 0.4848297 0.7379435 0.8562897 0.5189954 
D          0.3913707 0.6891811 0.4432666 0.0000000 0.2366609 0.3378323 0.2231311 0.5044308 0.5522198 0.2940748 
E          0.3385942 0.6180709 0.4787257 0.2366609 0.0000000 0.3163101 0.2298059 0.4928835 0.5874525 0.3035413 
F          0.4191693 0.6831838 0.5279827 0.3378323 0.3163101 0.0000000 0.3345413 0.5566398 0.6455020 0.3628935 
G          0.3417561 0.5525182 0.4848297 0.2231311 0.2298059 0.3345413 0.0000000 0.4084119 0.5029834 0.2298319 
H          0.5984061 0.7568595 0.7379435 0.5044308 0.4928835 0.5566398 0.4084119 0.0000000 0.7005640 0.4368682 
I          0.6553921 0.8801220 0.8562897 0.5522198 0.5874525 0.6455020 0.5029834 0.7005640 0.0000000 0.4976087 
J          0.4081927 0.6551023 0.5189954 0.2940748 0.3035413 0.3628935 0.2298319 0.4368682 0.4976087 0.0000000 
