10
A          0.0000000 0.7117776 0.5790727 0.3422182 0.3351829 0.4304302 0.3237526 0.4512320 0.4799243 0.3677984 
B          0.7117776 0.0000000 0.7767239 0.6042284 0.5922381 0.6481288 0.5757760 0.6866913 0.8208524 0.6107800 
C          0.5790727 0.7767239 0.0000000 0.4783396 0.4748008 0.5079460 0.4433281 0.6792077 0.7472810 0.5003288 
D          0.3422182 0.6042284 0.4783396 0.0000000 0.2474994 0.2932349 0.2087965 0.4103553 0.4260118 0.2330326 
E          0.3351829 0.5922381 0.4748008 0.2474994 0.0000000 0.3306668 0.2044129 0.4194087 0.4537624 0.2533592 
F          0.4304302 0.6481288 0.5079460 0.2932349 0.3306668 0.0000000 0.2801449 0.5184349 0.5345615 0.3099048 
G          0.3237526 0.5757760 0.4433281 0.2087965 0.2044129 0.2801449 0.0000000 0.3415805 0.3728290 0.2369653 
H          0.4512320 0.6866913 0.6792077 0.4103553 0.4194087 0.5184349 0.3415805 0.0000000 0.5281294 0.4041168 
I          0.4799243 0.8208524 0.7472810 0.4260118 0.4537624 0.5345615 0.3728290 0.5281294 0.0000000 0.4057189 
J          0.3677984 0.6107800 0.5003288 0.2330326 0.2533592 0.3099048 0.2369653 0.4041168 0.4057189 0.0000000 
