10
A          0.0000000 0.4026023 0.5950602 0.8081374 0.6804412 0.2917576 0.6469104 0.5982203 0.3251774 0.4286656 
B          0.4026023 0.0000000 0.3233848 0.5682924 0.5009713 0.2978091 0.6160342 0.5937644 0.4367453 0.2557164 
C          0.5950602 0.3233848 0.0000000 0.8490728 0.6629833 0.4706388 0.7836296 0.7925856 0.6215936 0.3870228 
D          0.8081374 0.5682924 0.8490728 0.0000000 0.6518437 0.5411346 1.0246752 0.9857377 0.7723622 0.6280791 
E          0.6804412 0.5009713 0.6629833 0.6518437 0.0000000 0.4797355 0.8108142 0.9275015 0.6570088 0.4856342 
F          0.2917576 0.2978091 0.4706388 0.5411346 0.4797355 0.0000000 0.5145279 0.4714351 0.2834538 0.2793665 
G          0.6469104 0.6160342 0.7836296 1.0246752 0.8108142 0.5145279 0.0000000 0.9117557 0.6495775 0.6024509 
H          0.5982203 0.5937644 0.7925856 0.9857377 0.9275015 0.4714351 0.9117557 0.0000000 0.5750279 0.6390445 
I          0.3251774 0.4367453 0.6215936 0.7723622 0.6570088 0.2834538 0.6495775 0.5750279 0.0000000 0.4500121 
J          0.4286656 0.2557164 0.3870228 0.6280791 0.4856342 0.2793665 0.6024509 0.6390445 0.4500121 0.0000000 
