10
A          0.0000000 0.3479276 0.4842276 0.7264038 0.5069519 0.2649482 0.6318607 0.6170123 0.3514564 0.4084867 
B          0.3479276 0.0000000 0.3961054 0.6121390 0.4128420 0.1980084 0.5266246 0.5729977 0.2764721 0.3232192 
C          0.4842276 0.3961054 0.0000000 0.7273324 0.5865148 0.3447274 0.6136467 0.7577640 0.4591559 0.4552649 
D          0.7264038 0.6121390 0.7273324 0.0000000 0.8474534 0.5809862 0.8652766 0.9619934 0.7381349 0.7152202 
E          0.5069519 0.4128420 0.5865148 0.8474534 0.0000000 0.3998359 0.7300605 0.7484935 0.5014982 0.5446548 
F          0.2649482 0.1980084 0.3447274 0.5809862 0.3998359 0.0000000 0.4902833 0.4873930 0.2321025 0.2830407 
G          0.6318607 0.5266246 0.6136467 0.8652766 0.7300605 0.4902833 0.0000000 0.8425903 0.5842179 0.5649902 
H          0.6170123 0.5729977 0.7577640 0.9619934 0.7484935 0.4873930 0.8425903 0.0000000 0.5493282 0.6069611 
I          0.3514564 0.2764721 0.4591559 0.7381349 0.5014982 0.2321025 0.5842179 0.5493282 0.0000000 0.3622425 
J          0.4084867 0.3232192 0.4552649 0.7152202 0.5446548 0.2830407 0.5649902 0.6069611 0.3622425 0.0000000 
