10
A          0.0000000 0.4273451 0.5477005 0.8370485 0.7123923 0.3397612 0.6378880 0.6140945 0.3695123 0.3825434 
B          0.4273451 0.0000000 0.3883972 0.7436428 0.5688212 0.2420560 0.5226197 0.6739501 0.3536893 0.2668028 
C          0.5477005 0.3883972 0.0000000 0.8191123 0.7621315 0.3681520 0.6803252 0.7604553 0.4443436 0.4122797 
D          0.8370485 0.7436428 0.8191123 0.0000000 0.8764799 0.6592513 0.9593207 1.1628402 0.7275290 0.7120082 
E          0.7123923 0.5688212 0.7621315 0.8764799 0.0000000 0.4966381 0.9266707 0.9732036 0.6354791 0.5577975 
F          0.3397612 0.2420560 0.3681520 0.6592513 0.4966381 0.0000000 0.4884180 0.5831745 0.2530643 0.2397354 
G          0.6378880 0.5226197 0.6803252 0.9593207 0.9266707 0.4884180 0.0000000 0.8852330 0.6046225 0.5489202 
H          0.6140945 0.6739501 0.7604553 1.1628402 0.9732036 0.5831745 0.8852330 0.0000000 0.5556969 0.7096350 
I          0.3695123 0.3536893 0.4443436 0.7275290 0.6354791 0.2530643 0.6046225 0.5556969 0.0000000 0.3642224 
J          0.3825434 0.2668028 0.4122797 0.7120082 0.5577975 0.2397354 0.5489202 0.7096350 0.3642224 0.0000000 
