10
A          0.0000000 0.5575365 0.7109469 1.0027211 0.8317156 0.3980661 0.7460546 0.7994036 0.4197951 0.5972931 
B          0.5575365 0.0000000 0.4016109 0.7331074 0.6399896 0.3505247 0.6797985 0.8141463 0.4968843 0.3390662 
C          0.7109469 0.4016109 0.0000000 0.9722145 0.7330088 0.5019140 0.8097458 0.9546222 0.5874452 0.4639784 
D          1.0027211 0.7331074 0.9722145 0.0000000 0.8967612 0.7351697 1.0162748 1.1997434 0.8592063 0.7992250 
E          0.8317156 0.6399896 0.7330088 0.8967612 0.0000000 0.5933363 0.8231638 1.0419269 0.7475341 0.5979209 
F          0.3980661 0.3505247 0.5019140 0.7351697 0.5933363 0.0000000 0.5081942 0.6400279 0.3306646 0.3706004 
G          0.7460546 0.6797985 0.8097458 1.0162748 0.8231638 0.5081942 0.0000000 0.9221897 0.6805205 0.6123929 
H          0.7994036 0.8141463 0.9546222 1.1997434 1.0419269 0.6400279 0.9221897 0.0000000 0.7109521 0.8790983 
I          0.4197951 0.4968843 0.5874452 0.8592063 0.7475341 0.3306646 0.6805205 0.7109521 0.0000000 0.4976581 
J          0.5972931 0.3390662 0.4639784 0.7992250 0.5979209 0.3706004 0.6123929 0.8790983 0.4976581 0.0000000 
