10
A          0.0000000 0.3925046 0.5142198 0.8256333 0.6237243 0.3045750 0.6095315 0.7172351 0.3390081 0.3932371 
B          0.3925046 0.0000000 0.4157908 0.6861336 0.5002587 0.2392138 0.5119269 0.6994406 0.3012441 0.2869156 
C          0.5142198 0.4157908 0.0000000 0.8006223 0.6952538 0.3727227 0.6242134 0.8181268 0.4199237 0.4232411 
D          0.8256333 0.6861336 0.8006223 0.0000000 0.9950990 0.6382845 1.0356168 0.9881282 0.6618270 0.5947009 
E          0.6237243 0.5002587 0.6952538 0.9950990 0.0000000 0.4676905 0.7232899 0.9474385 0.5386824 0.5576559 
F          0.3045750 0.2392138 0.3727227 0.6382845 0.4676905 0.0000000 0.4278776 0.6224653 0.2059977 0.2589586 
G          0.6095315 0.5119269 0.6242134 1.0356168 0.7232899 0.4278776 0.0000000 0.8952306 0.5165658 0.5027345 
H          0.7172351 0.6994406 0.8181268 0.9881282 0.9474385 0.6224653 0.8952306 0.0000000 0.6313314 0.6485727 
I          0.3390081 0.3012441 0.4199237 0.6618270 0.5386824 0.2059977 0.5165658 0.6313314 0.0000000 0.3239868 
J          0.3932371 0.2869156 0.4232411 0.5947009 0.5576559 0.2589586 0.5027345 0.6485727 0.3239868 0.0000000 
