10
A          0.0000000 0.3845246 0.5366764 0.8000603 0.6172456 0.3020733 0.6834399 0.7407924 0.3538282 0.4045234 
B          0.3845246 0.0000000 0.4314551 0.7574030 0.5432647 0.2267178 0.5634728 0.7235583 0.3071251 0.2869609 
C          0.5366764 0.4314551 0.0000000 0.8172568 0.7273838 0.3818050 0.6959445 0.8045714 0.5373201 0.4357765 
D          0.8000603 0.7574030 0.8172568 0.0000000 1.0186321 0.6167780 1.0250037 1.0178099 0.7833243 0.7495890 
E          0.6172456 0.5432647 0.7273838 1.0186321 0.0000000 0.4826730 0.8557360 0.9588322 0.5882960 0.5609023 
F          0.3020733 0.2267178 0.3818050 0.6167780 0.4826730 0.0000000 0.5359287 0.6114500 0.2558507 0.2602635 
G          0.6834399 0.5634728 0.6959445 1.0250037 0.8557360 0.5359287 0.0000000 0.9667355 0.5671112 0.6143656 
H          0.7407924 0.7235583 0.8045714 1.0178099 0.9588322 0.6114500 0.9667355 0.0000000 0.5889056 0.6390971 
I          0.3538282 0.3071251 0.5373201 0.7833243 0.5882960 0.2558507 0.5671112 0.5889056 0.0000000 0.3637046 
J          0.4045234 0.2869609 0.4357765 0.7495890 0.5609023 0.2602635 0.6143656 0.6390971 0.3637046 0.0000000 
