10
A          0.0000000 0.4267980 0.5816741 0.8221388 0.7094949 0.3012938 0.7113029 0.6374000 0.3472745 0.4473450 
B          0.4267980 0.0000000 0.3807748 0.6985498 0.5240192 0.2508279 0.5883632 0.6554984 0.3955771 0.2775995 
C          0.5816741 0.3807748 0.0000000 0.8003878 0.6464172 0.4161508 0.7271357 0.8280009 0.4932119 0.4288114 
D          0.8221388 0.6985498 0.8003878 0.0000000 0.8552167 0.6038463 0.9630054 0.9604813 0.7273493 0.6933708 
E          0.7094949 0.5240192 0.6464172 0.8552167 0.0000000 0.4655074 0.7585475 0.8860505 0.5926068 0.5092594 
F          0.3012938 0.2508279 0.4161508 0.6038463 0.4655074 0.0000000 0.5442690 0.5338348 0.2460471 0.2658204 
G          0.7113029 0.5883632 0.7271357 0.9630054 0.7585475 0.5442690 0.0000000 0.9601587 0.6076048 0.5947546 
H          0.6374000 0.6554984 0.8280009 0.9604813 0.8860505 0.5338348 0.9601587 0.0000000 0.6454474 0.6687936 
I          0.3472745 0.3955771 0.4932119 0.7273493 0.5926068 0.2460471 0.6076048 0.6454474 0.0000000 0.3600861 
J          0.4473450 0.2775995 0.4288114 0.6933708 0.5092594 0.2658204 0.5947546 0.6687936 0.3600861 0.0000000 
