10
A          0.0000000 0.3056569 0.3769396 0.6119390 0.5503336 0.2747914 0.5438655 0.6333171 0.3153734 0.3563681 
B          0.3056569 0.0000000 0.3560554 0.5559055 0.4690331 0.1792680 0.5072385 0.5431158 0.2388973 0.2847944 
C          0.3769396 0.3560554 0.0000000 0.7231604 0.5344541 0.2687498 0.5571760 0.6912344 0.3789073 0.3998123 
D          0.6119390 0.5559055 0.7231604 0.0000000 0.7254645 0.5195574 0.8138597 0.8605925 0.5783287 0.6165929 
E          0.5503336 0.4690331 0.5344541 0.7254645 0.0000000 0.3936926 0.7379834 0.7190081 0.4887149 0.5301554 
F          0.2747914 0.1792680 0.2687498 0.5195574 0.3936926 0.0000000 0.4355711 0.4849125 0.2028115 0.2375686 
G          0.5438655 0.5072385 0.5571760 0.8138597 0.7379834 0.4355711 0.0000000 0.7733074 0.4651492 0.4933437 
H          0.6333171 0.5431158 0.6912344 0.8605925 0.7190081 0.4849125 0.7733074 0.0000000 0.5438165 0.6252711 
I          0.3153734 0.2388973 0.3789073 0.5783287 0.4887149 0.2028115 0.4651492 0.5438165 0.0000000 0.2856082 
J          0.3563681 0.2847944 0.3998123 0.6165929 0.5301554 0.2375686 0.4933437 0.6252711 0.2856082 0.0000000 
