10
A          0.0000000 0.3266233 0.4731977 0.6370322 0.6190889 0.2691286 0.6206088 0.7448858 0.3554897 0.3451123 
B          0.3266233 0.0000000 0.4160991 0.6434803 0.5339945 0.1797598 0.5478968 0.6463061 0.2774550 0.2768560 
C          0.4731977 0.4160991 0.0000000 0.7446210 0.6761727 0.3195515 0.6400149 0.6911469 0.3971537 0.3842304 
D          0.6370322 0.6434803 0.7446210 0.0000000 0.9637792 0.5550834 0.8345983 0.9691185 0.6645995 0.6238523 
E          0.6190889 0.5339945 0.6761727 0.9637792 0.0000000 0.4542748 0.8368393 0.9634315 0.5176951 0.4907761 
F          0.2691286 0.1797598 0.3195515 0.5550834 0.4542748 0.0000000 0.4713384 0.5814843 0.1996322 0.1938084 
G          0.6206088 0.5478968 0.6400149 0.8345983 0.8368393 0.4713384 0.0000000 0.8404663 0.5716172 0.5355534 
H          0.7448858 0.6463061 0.6911469 0.9691185 0.9634315 0.5814843 0.8404663 0.0000000 0.6993627 0.6502582 
I          0.3554897 0.2774550 0.3971537 0.6645995 0.5176951 0.1996322 0.5716172 0.6993627 0.0000000 0.2782893 
J          0.3451123 0.2768560 0.3842304 0.6238523 0.4907761 0.1938084 0.5355534 0.6502582 0.2782893 0.0000000 
