10
A          0.0000000 0.3308303 0.4525121 0.5716126 0.4817192 0.2501461 0.5240342 0.6440173 0.3171285 0.3606191 
B          0.3308303 0.0000000 0.3904360 0.5917769 0.4340512 0.2198015 0.4488580 0.6199972 0.2841956 0.3240050 
C          0.4525121 0.3904360 0.0000000 0.7250751 0.5719402 0.3456322 0.5923197 0.7296814 0.3684919 0.4502326 
D          0.5716126 0.5917769 0.7250751 0.0000000 0.8237125 0.5029283 0.7410283 0.8906643 0.6077785 0.6098744 
E          0.4817192 0.4340512 0.5719402 0.8237125 0.0000000 0.4074400 0.6298769 0.7954004 0.4261090 0.4878294 
F          0.2501461 0.2198015 0.3456322 0.5029283 0.4074400 0.0000000 0.4322148 0.5010526 0.2168251 0.2635549 
G          0.5240342 0.4488580 0.5923197 0.7410283 0.6298769 0.4322148 0.0000000 0.7489986 0.4238065 0.5015659 
H          0.6440173 0.6199972 0.7296814 0.8906643 0.7954004 0.5010526 0.7489986 0.0000000 0.6219182 0.6349271 
I          0.3171285 0.2841956 0.3684919 0.6077785 0.4261090 0.2168251 0.4238065 0.6219182 0.0000000 0.3096310 
J          0.3606191 0.3240050 0.4502326 0.6098744 0.4878294 0.2635549 0.5015659 0.6349271 0.3096310 0.0000000 
