10
A          0.0000000 0.7579529 0.7390003 0.3779780 0.6893693 0.5079221 0.6620995 0.5899452 0.4356223 0.7355702 
B          0.7579529 0.0000000 1.0337560 0.5343007 0.8100386 0.5905866 0.8740105 0.7781435 0.5716832 0.8352603 
C          0.7390003 1.0337560 0.0000000 0.5628034 0.8048670 0.6592143 0.9552172 0.8077694 0.6608053 0.8891565 
D          0.3779780 0.5343007 0.5628034 0.0000000 0.4342006 0.3251581 0.5267520 0.4635777 0.2408709 0.5801270 
E          0.6893693 0.8100386 0.8048670 0.4342006 0.0000000 0.6023330 0.8030067 0.7683734 0.4701161 0.7757482 
F          0.5079221 0.5905866 0.6592143 0.3251581 0.6023330 0.0000000 0.6266627 0.5030671 0.3518547 0.6766164 
G          0.6620995 0.8740105 0.9552172 0.5267520 0.8030067 0.6266627 0.0000000 0.7110422 0.5864979 0.9701912 
H          0.5899452 0.7781435 0.8077694 0.4635777 0.7683734 0.5030671 0.7110422 0.0000000 0.5188082 0.7715596 
I          0.4356223 0.5716832 0.6608053 0.2408709 0.4701161 0.3518547 0.5864979 0.5188082 0.0000000 0.6245379 
J          0.7355702 0.8352603 0.8891565 0.5801270 0.7757482 0.6766164 0.9701912 0.7715596 0.6245379 0.0000000 
