10
A          0.0000000 0.6355017 0.6916883 0.3649728 0.6017837 0.4543092 0.7134014 0.6250683 0.3950533 0.6972726 
B          0.6355017 0.0000000 0.7606136 0.4484835 0.6502377 0.5355806 0.6910661 0.8145955 0.4873120 0.8220593 
C          0.6916883 0.7606136 0.0000000 0.5028689 0.6621791 0.5914003 0.7814869 0.7042920 0.4848280 0.8366032 
D          0.3649728 0.4484835 0.5028689 0.0000000 0.3974669 0.2530124 0.4896121 0.4097069 0.1951664 0.4845025 
E          0.6017837 0.6502377 0.6621791 0.3974669 0.0000000 0.5175523 0.6974140 0.6357473 0.3929458 0.7180451 
F          0.4543092 0.5355806 0.5914003 0.2530124 0.5175523 0.0000000 0.5743069 0.4670878 0.2967167 0.5814654 
G          0.7134014 0.6910661 0.7814869 0.4896121 0.6974140 0.5743069 0.0000000 0.6697832 0.4807079 0.8294008 
H          0.6250683 0.8145955 0.7042920 0.4097069 0.6357473 0.4670878 0.6697832 0.0000000 0.4395243 0.7177983 
I          0.3950533 0.4873120 0.4848280 0.1951664 0.3929458 0.2967167 0.4807079 0.4395243 0.0000000 0.5162099 
J          0.6972726 0.8220593 0.8366032 0.4845025 0.7180451 0.5814654 0.8294008 0.7177983 0.5162099 0.0000000 
