10
A          0.0000000 0.7428654 0.8979451 0.4689099 0.6773316 0.5425352 0.8360353 0.7561386 0.4822548 0.9048714 
B          0.7428654 0.0000000 0.9260315 0.4358609 0.8757216 0.6550785 0.9871052 0.8088356 0.5396499 0.8503065 
C          0.8979451 0.9260315 0.0000000 0.6059265 0.9544180 0.7384164 1.0890622 0.9744406 0.6862567 1.0716832 
D          0.4689099 0.4358609 0.6059265 0.0000000 0.5433989 0.2926703 0.6350132 0.4926199 0.2389038 0.5974605 
E          0.6773316 0.8757216 0.9544180 0.5433989 0.0000000 0.6876236 0.9054192 0.8461215 0.5506574 0.9929678 
F          0.5425352 0.6550785 0.7384164 0.2926703 0.6876236 0.0000000 0.7408890 0.6628220 0.3842808 0.7587922 
G          0.8360353 0.9871052 1.0890622 0.6350132 0.9054192 0.7408890 0.0000000 0.9127170 0.7079673 1.2375263 
H          0.7561386 0.8088356 0.9744406 0.4926199 0.8461215 0.6628220 0.9127170 0.0000000 0.6011556 1.0523265 
I          0.4822548 0.5396499 0.6862567 0.2389038 0.5506574 0.3842808 0.7079673 0.6011556 0.0000000 0.6800790 
J          0.9048714 0.8503065 1.0716832 0.5974605 0.9929678 0.7587922 1.2375263 1.0523265 0.6800790 0.0000000 
