10
A          0.0000000 0.6298677 0.6799926 0.3468996 0.5719951 0.4430915 0.6583901 0.6640600 0.4281429 0.7137730 
B          0.6298677 0.0000000 0.7610771 0.4322516 0.7198125 0.5457726 0.8495838 0.6596751 0.5257619 0.7591574 
C          0.6799926 0.7610771 0.0000000 0.5029121 0.7268837 0.5444981 0.8441269 0.7467357 0.5579501 0.8991414 
D          0.3468996 0.4322516 0.5029121 0.0000000 0.4277990 0.2809486 0.5010142 0.4311243 0.2344260 0.5215889 
E          0.5719951 0.7198125 0.7268837 0.4277990 0.0000000 0.5874979 0.7285515 0.7290437 0.5304300 0.7582980 
F          0.4430915 0.5457726 0.5444981 0.2809486 0.5874979 0.0000000 0.5369446 0.5450117 0.3272511 0.6153437 
G          0.6583901 0.8495838 0.8441269 0.5010142 0.7285515 0.5369446 0.0000000 0.7686363 0.5790981 0.8802797 
H          0.6640600 0.6596751 0.7467357 0.4311243 0.7290437 0.5450117 0.7686363 0.0000000 0.4922846 0.8093853 
I          0.4281429 0.5257619 0.5579501 0.2344260 0.5304300 0.3272511 0.5790981 0.4922846 0.0000000 0.5437254 
J          0.7137730 0.7591574 0.8991414 0.5215889 0.7582980 0.6153437 0.8802797 0.8093853 0.5437254 0.0000000 
