10
A          0.0000000 0.7531297 0.6610782 0.3831585 0.6912548 0.4486250 0.6899940 0.5633816 0.4270033 0.7305747 
B          0.7531297 0.0000000 0.9236145 0.4536182 0.8311368 0.5888078 0.8934284 0.7453416 0.5307474 1.0171900 
C          0.6610782 0.9236145 0.0000000 0.5778142 0.8004725 0.6724361 0.7967205 0.8509189 0.6601985 0.7595463 
D          0.3831585 0.4536182 0.5778142 0.0000000 0.5397867 0.3149936 0.5952314 0.4133098 0.2381975 0.6004011 
E          0.6912548 0.8311368 0.8004725 0.5397867 0.0000000 0.6255387 0.8513668 0.8051323 0.6164120 0.8227078 
F          0.4486250 0.5888078 0.6724361 0.3149936 0.6255387 0.0000000 0.6682992 0.5111879 0.3759736 0.6692763 
G          0.6899940 0.8934284 0.7967205 0.5952314 0.8513668 0.6682992 0.0000000 0.7717387 0.6700047 0.7964143 
H          0.5633816 0.7453416 0.8509189 0.4133098 0.8051323 0.5111879 0.7717387 0.0000000 0.4798787 0.7956078 
I          0.4270033 0.5307474 0.6601985 0.2381975 0.6164120 0.3759736 0.6700047 0.4798787 0.0000000 0.7037580 
J          0.7305747 1.0171900 0.7595463 0.6004011 0.8227078 0.6692763 0.7964143 0.7956078 0.7037580 0.0000000 
