10
A          0.0000000 0.7376647 0.7385188 0.4566167 0.6618908 0.4558320 0.6699700 0.7059051 0.4748480 0.8257629 
B          0.7376647 0.0000000 0.8630151 0.5994311 0.8993160 0.5850522 0.8769615 0.7547333 0.5780320 1.0260007 
C          0.7385188 0.8630151 0.0000000 0.5503132 0.8559274 0.6954817 0.8901242 0.8514647 0.6367766 0.9594383 
D          0.4566167 0.5994311 0.5503132 0.0000000 0.5356808 0.3171887 0.5464560 0.5278995 0.2776237 0.6425325 
E          0.6618908 0.8993160 0.8559274 0.5356808 0.0000000 0.6411794 0.9015931 0.7916775 0.5666137 0.9745145 
F          0.4558320 0.5850522 0.6954817 0.3171887 0.6411794 0.0000000 0.6895628 0.5615320 0.3812209 0.6821736 
G          0.6699700 0.8769615 0.8901242 0.5464560 0.9015931 0.6895628 0.0000000 0.7649308 0.5749820 0.9934102 
H          0.7059051 0.7547333 0.8514647 0.5278995 0.7916775 0.5615320 0.7649308 0.0000000 0.5912567 0.9760158 
I          0.4748480 0.5780320 0.6367766 0.2776237 0.5666137 0.3812209 0.5749820 0.5912567 0.0000000 0.7123051 
J          0.8257629 1.0260007 0.9594383 0.6425325 0.9745145 0.6821736 0.9934102 0.9760158 0.7123051 0.0000000 
