10
A          0.0000000 0.7840818 0.7587665 0.4222982 0.7284211 0.4764089 0.8478706 0.7397995 0.4540950 0.7723976 
B          0.7840818 0.0000000 0.7871479 0.4592700 0.7846548 0.6379852 0.8725130 0.8792326 0.5423956 0.8376567 
C          0.7587665 0.7871479 0.0000000 0.4923568 0.7776054 0.5909858 0.8096584 0.7175275 0.5188503 0.6892502 
D          0.4222982 0.4592700 0.4923568 0.0000000 0.4878455 0.3205474 0.5701881 0.4893814 0.2204820 0.5325628 
E          0.7284211 0.7846548 0.7776054 0.4878455 0.0000000 0.6034014 0.8520769 0.7716911 0.4951055 0.8793287 
F          0.4764089 0.6379852 0.5909858 0.3205474 0.6034014 0.0000000 0.6621873 0.5208195 0.3297184 0.6369947 
G          0.8478706 0.8725130 0.8096584 0.5701881 0.8520769 0.6621873 0.0000000 0.7756009 0.5607156 0.9881027 
H          0.7397995 0.8792326 0.7175275 0.4893814 0.7716911 0.5208195 0.7756009 0.0000000 0.4826524 0.7849029 
I          0.4540950 0.5423956 0.5188503 0.2204820 0.4951055 0.3297184 0.5607156 0.4826524 0.0000000 0.5848542 
J          0.7723976 0.8376567 0.6892502 0.5325628 0.8793287 0.6369947 0.9881027 0.7849029 0.5848542 0.0000000 
