10
A          0.0000000 0.7318458 0.8244936 0.3724756 0.6358984 0.5126971 0.7656115 0.6985715 0.4555994 0.7000983 
B          0.7318458 0.0000000 0.9253190 0.4737853 0.8449736 0.6170059 0.9119385 0.8479036 0.5633819 0.9125556 
C          0.8244936 0.9253190 0.0000000 0.6384266 0.9212118 0.8640743 0.9460111 0.9810973 0.7354465 1.0338099 
D          0.3724756 0.4737853 0.6384266 0.0000000 0.5634022 0.3543154 0.5972286 0.5237179 0.2712096 0.5880956 
E          0.6358984 0.8449736 0.9212118 0.5634022 0.0000000 0.6507154 0.8790312 0.8778146 0.6619376 0.8414971 
F          0.5126971 0.6170059 0.8640743 0.3543154 0.6507154 0.0000000 0.6165113 0.5606130 0.3795698 0.7338589 
G          0.7656115 0.9119385 0.9460111 0.5972286 0.8790312 0.6165113 0.0000000 0.8831398 0.7190579 0.9069138 
H          0.6985715 0.8479036 0.9810973 0.5237179 0.8778146 0.5606130 0.8831398 0.0000000 0.5119727 0.8751357 
I          0.4555994 0.5633819 0.7354465 0.2712096 0.6619376 0.3795698 0.7190579 0.5119727 0.0000000 0.7093982 
J          0.7000983 0.9125556 1.0338099 0.5880956 0.8414971 0.7338589 0.9069138 0.8751357 0.7093982 0.0000000 
