10
A          0.0000000 0.6862971 0.6830955 0.3987038 0.5949990 0.5331799 0.7419923 0.7298075 0.4324928 0.7523386 
B          0.6862971 0.0000000 0.8112243 0.4110295 0.7631490 0.5708714 0.8441464 0.7411004 0.4910917 0.9307694 
C          0.6830955 0.8112243 0.0000000 0.5328712 0.8227542 0.6745490 0.8949464 0.8521435 0.5977373 0.8154544 
D          0.3987038 0.4110295 0.5328712 0.0000000 0.5085592 0.3226384 0.6203429 0.5181986 0.2597412 0.6211264 
E          0.5949990 0.7631490 0.8227542 0.5085592 0.0000000 0.6245760 0.8461157 0.8849251 0.5566987 0.8714665 
F          0.5331799 0.5708714 0.6745490 0.3226384 0.6245760 0.0000000 0.7928932 0.4734353 0.3684348 0.7072018 
G          0.7419923 0.8441464 0.8949464 0.6203429 0.8461157 0.7928932 0.0000000 0.9272256 0.6128715 0.9246513 
H          0.7298075 0.7411004 0.8521435 0.5181986 0.8849251 0.4734353 0.9272256 0.0000000 0.5283530 0.9224920 
I          0.4324928 0.4910917 0.5977373 0.2597412 0.5566987 0.3684348 0.6128715 0.5283530 0.0000000 0.6184917 
J          0.7523386 0.9307694 0.8154544 0.6211264 0.8714665 0.7072018 0.9246513 0.9224920 0.6184917 0.0000000 
