10
A          0.0000000 0.6037799 0.6439212 0.3586196 0.6127628 0.4902904 0.6721262 0.5185519 0.4209483 0.8091011 
B          0.6037799 0.0000000 0.7559598 0.4103738 0.6753586 0.6240676 0.7706043 0.6137712 0.5212872 0.7748613 
C          0.6439212 0.7559598 0.0000000 0.4527702 0.6780374 0.5920904 0.7736059 0.6895632 0.5337465 0.8108036 
D          0.3586196 0.4103738 0.4527702 0.0000000 0.4454236 0.2985303 0.4349286 0.3620546 0.2474757 0.5752145 
E          0.6127628 0.6753586 0.6780374 0.4454236 0.0000000 0.5400783 0.6874648 0.6409696 0.4980218 0.7079277 
F          0.4902904 0.6240676 0.5920904 0.2985303 0.5400783 0.0000000 0.6167454 0.5221948 0.3734245 0.6267984 
G          0.6721262 0.7706043 0.7736059 0.4349286 0.6874648 0.6167454 0.0000000 0.6069646 0.5271402 0.7513586 
H          0.5185519 0.6137712 0.6895632 0.3620546 0.6409696 0.5221948 0.6069646 0.0000000 0.4120508 0.7972319 
I          0.4209483 0.5212872 0.5337465 0.2474757 0.4980218 0.3734245 0.5271402 0.4120508 0.0000000 0.6318137 
J          0.8091011 0.7748613 0.8108036 0.5752145 0.7079277 0.6267984 0.7513586 0.7972319 0.6318137 0.0000000 
