10
A          0.0000000 0.9880611 0.7884115 0.7336415 0.7345835 0.6498830 0.8987425 0.7264840 0.8641717 0.7757936 
B          0.9880611 0.0000000 1.0537888 0.8759451 0.7878443 0.8165106 1.0351431 0.7903945 0.7791577 0.8177246 
C          0.7884115 1.0537888 0.0000000 0.6516452 0.6912783 0.6014443 0.9016832 0.6413706 0.7405509 0.8430095 
D          0.7336415 0.8759451 0.6516452 0.0000000 0.5903425 0.5368103 0.7677942 0.5914605 0.6546970 0.6339493 
E          0.7345835 0.7878443 0.6912783 0.5903425 0.0000000 0.5180469 0.7549699 0.5740251 0.6380151 0.6646635 
F          0.6498830 0.8165106 0.6014443 0.5368103 0.5180469 0.0000000 0.7455967 0.4952935 0.5253031 0.6086059 
G          0.8987425 1.0351431 0.9016832 0.7677942 0.7549699 0.7455967 0.0000000 0.8141475 0.7157620 0.7680743 
H          0.7264840 0.7903945 0.6413706 0.5914605 0.5740251 0.4952935 0.8141475 0.0000000 0.6041478 0.5821408 
I          0.8641717 0.7791577 0.7405509 0.6546970 0.6380151 0.5253031 0.7157620 0.6041478 0.0000000 0.6372382 
J          0.7757936 0.8177246 0.8430095 0.6339493 0.6646635 0.6086059 0.7680743 0.5821408 0.6372382 0.0000000 
