10
A          0.0000000 1.1690224 0.8357617 0.8425226 0.6858520 0.7830753 0.9135281 0.7858902 0.8131363 0.7251205 
B          1.1690224 0.0000000 1.0473401 0.9364095 0.7375380 0.9170054 1.1410221 0.8615360 0.8277392 0.8786350 
C          0.8357617 1.0473401 0.0000000 0.6925038 0.6239463 0.6814652 0.8360076 0.7627365 0.6920189 0.6914814 
D          0.8425226 0.9364095 0.6925038 0.0000000 0.5602876 0.6533781 0.8034885 0.6858578 0.5884308 0.6142750 
E          0.6858520 0.7375380 0.6239463 0.5602876 0.0000000 0.5233005 0.7052968 0.5591562 0.5678813 0.5061993 
F          0.7830753 0.9170054 0.6814652 0.6533781 0.5233005 0.0000000 0.7580723 0.5478071 0.5905925 0.6256201 
G          0.9135281 1.1410221 0.8360076 0.8034885 0.7052968 0.7580723 0.0000000 0.7470953 0.7549435 0.7492073 
H          0.7858902 0.8615360 0.7627365 0.6858578 0.5591562 0.5478071 0.7470953 0.0000000 0.6300126 0.6319204 
I          0.8131363 0.8277392 0.6920189 0.5884308 0.5678813 0.5905925 0.7549435 0.6300126 0.0000000 0.5919910 
J          0.7251205 0.8786350 0.6914814 0.6142750 0.5061993 0.6256201 0.7492073 0.6319204 0.5919910 0.0000000 
