10
A          0.0000000 0.9319274 0.7662427 0.7604909 0.6857443 0.7531671 0.7495011 0.6695793 0.7520091 0.6895787 
B          0.9319274 0.0000000 1.0421029 0.8218579 0.7846710 0.8347223 0.9505521 0.8170422 0.8345153 0.9023155 
C          0.7662427 1.0421029 0.0000000 0.6853341 0.7210972 0.8676363 0.9018081 0.7341575 0.7998947 0.7381358 
D          0.7604909 0.8218579 0.6853341 0.0000000 0.6392641 0.6807135 0.8466222 0.6013132 0.6726892 0.6901454 
E          0.6857443 0.7846710 0.7210972 0.6392641 0.0000000 0.6596075 0.7722461 0.6337127 0.6957457 0.6585299 
F          0.7531671 0.8347223 0.8676363 0.6807135 0.6596075 0.0000000 0.7312390 0.6273445 0.7168752 0.6466954 
G          0.7495011 0.9505521 0.9018081 0.8466222 0.7722461 0.7312390 0.0000000 0.7444617 0.7431561 0.7196969 
H          0.6695793 0.8170422 0.7341575 0.6013132 0.6337127 0.6273445 0.7444617 0.0000000 0.6487274 0.6652438 
I          0.7520091 0.8345153 0.7998947 0.6726892 0.6957457 0.7168752 0.7431561 0.6487274 0.0000000 0.6481935 
J          0.6895787 0.9023155 0.7381358 0.6901454 0.6585299 0.6466954 0.7196969 0.6652438 0.6481935 0.0000000 
