10
A          0.0000000 0.8939205 0.7046123 0.7654168 0.6851705 0.7173877 0.8487749 0.6524247 0.6613852 0.7208428 
B          0.8939205 0.0000000 0.9466393 0.8872270 0.8162385 0.7966626 0.9557445 0.8854616 0.7922824 0.8027509 
C          0.7046123 0.9466393 0.0000000 0.7905732 0.6630226 0.6507608 0.7744803 0.6997336 0.6693779 0.6598769 
D          0.7654168 0.8872270 0.7905732 0.0000000 0.6023424 0.6134396 0.7758446 0.6704936 0.6490559 0.6652729 
E          0.6851705 0.8162385 0.6630226 0.6023424 0.0000000 0.5757458 0.6452363 0.5849322 0.5687522 0.5555158 
F          0.7173877 0.7966626 0.6507608 0.6134396 0.5757458 0.0000000 0.7854168 0.5595430 0.5543792 0.6063344 
G          0.8487749 0.9557445 0.7744803 0.7758446 0.6452363 0.7854168 0.0000000 0.7059243 0.7304564 0.6838237 
H          0.6524247 0.8854616 0.6997336 0.6704936 0.5849322 0.5595430 0.7059243 0.0000000 0.6217064 0.6604906 
I          0.6613852 0.7922824 0.6693779 0.6490559 0.5687522 0.5543792 0.7304564 0.6217064 0.0000000 0.6624582 
J          0.7208428 0.8027509 0.6598769 0.6652729 0.5555158 0.6063344 0.6838237 0.6604906 0.6624582 0.0000000 
