10
A          0.0000000 0.7418871 0.6172942 0.5692148 0.6413237 0.5896680 0.7864419 0.6208728 0.6152856 0.6029251 
B          0.7418871 0.0000000 0.7741746 0.6763423 0.6751726 0.6206254 0.8208924 0.6135608 0.6699809 0.6812500 
C          0.6172942 0.7741746 0.0000000 0.5621352 0.5855748 0.5605987 0.6766000 0.5369818 0.6284511 0.6100622 
D          0.5692148 0.6763423 0.5621352 0.0000000 0.4577545 0.4914566 0.6288102 0.4467768 0.5576223 0.4865450 
E          0.6413237 0.6751726 0.5855748 0.4577545 0.0000000 0.5253123 0.6492189 0.4634905 0.4818454 0.4958626 
F          0.5896680 0.6206254 0.5605987 0.4914566 0.5253123 0.0000000 0.6722244 0.4493540 0.5520094 0.5263834 
G          0.7864419 0.8208924 0.6766000 0.6288102 0.6492189 0.6722244 0.0000000 0.6136176 0.6631668 0.6216119 
H          0.6208728 0.6135608 0.5369818 0.4467768 0.4634905 0.4493540 0.6136176 0.0000000 0.4804542 0.4896275 
I          0.6152856 0.6699809 0.6284511 0.5576223 0.4818454 0.5520094 0.6631668 0.4804542 0.0000000 0.5156118 
J          0.6029251 0.6812500 0.6100622 0.4865450 0.4958626 0.5263834 0.6216119 0.4896275 0.5156118 0.0000000 
