10
A          0.0000000 0.9512587 0.8519817 0.8060120 0.6671128 0.7603001 0.8003459 0.7030539 0.7602411 0.6900636 
B          0.9512587 0.0000000 0.9139144 0.9419673 0.8758249 0.8087926 0.9662230 0.7078965 0.8341138 0.8405284 
C          0.8519817 0.9139144 0.0000000 0.8312996 0.7912828 0.7550543 0.9720513 0.7569473 0.8285373 0.7500977 
D          0.8060120 0.9419673 0.8312996 0.0000000 0.6426009 0.7580037 0.7632141 0.6803459 0.7779730 0.6999091 
E          0.6671128 0.8758249 0.7912828 0.6426009 0.0000000 0.5425354 0.7281797 0.5081849 0.5982585 0.6178662 
F          0.7603001 0.8087926 0.7550543 0.7580037 0.5425354 0.0000000 0.8127342 0.4806016 0.6520801 0.6407439 
G          0.8003459 0.9662230 0.9720513 0.7632141 0.7281797 0.8127342 0.0000000 0.7354749 0.8411969 0.7385657 
H          0.7030539 0.7078965 0.7569473 0.6803459 0.5081849 0.4806016 0.7354749 0.0000000 0.6146865 0.5559432 
I          0.7602411 0.8341138 0.8285373 0.7779730 0.5982585 0.6520801 0.8411969 0.6146865 0.0000000 0.7082298 
J          0.6900636 0.8405284 0.7500977 0.6999091 0.6178662 0.6407439 0.7385657 0.5559432 0.7082298 0.0000000 
