10
A          0.0000000 1.3175139 1.0976292 1.1215268 0.9435093 1.0032592 1.1190490 0.9781227 1.0745901 0.9674915 
B          1.3175139 0.0000000 1.2344120 1.1498021 0.8532180 1.0425950 1.3270595 0.8866292 0.9710099 0.9391477 
C          1.0976292 1.2344120 0.0000000 0.9403324 0.8354121 0.8985492 1.0334975 0.9290988 0.9997288 0.8523229 
D          1.1215268 1.1498021 0.9403324 0.0000000 0.6790414 0.7661329 0.8751361 0.7357482 0.9557225 0.8066120 
E          0.9435093 0.8532180 0.8354121 0.6790414 0.0000000 0.5780820 0.9459157 0.5305713 0.6283924 0.5913162 
F          1.0032592 1.0425950 0.8985492 0.7661329 0.5780820 0.0000000 0.9546213 0.5526022 0.7893839 0.6428583 
G          1.1190490 1.3270595 1.0334975 0.8751361 0.9459157 0.9546213 0.0000000 0.9153167 1.0555909 0.9952581 
H          0.9781227 0.8866292 0.9290988 0.7357482 0.5305713 0.5526022 0.9153167 0.0000000 0.7480828 0.6276973 
I          1.0745901 0.9710099 0.9997288 0.9557225 0.6283924 0.7893839 1.0555909 0.7480828 0.0000000 0.7515411 
J          0.9674915 0.9391477 0.8523229 0.8066120 0.5913162 0.6428583 0.9952581 0.6276973 0.7515411 0.0000000 
