10
A          0.0000000 0.9927932 0.9016529 0.7522927 0.7734902 0.6724666 0.8545832 0.7012882 0.8538935 0.7220069 
B          0.9927932 0.0000000 0.9852245 0.8813930 0.7259315 0.7840947 1.0889720 0.7395189 0.9251906 0.9935093 
C          0.9016529 0.9852245 0.0000000 0.7392865 0.7134150 0.7858203 0.9108493 0.7405045 0.8565039 0.8123604 
D          0.7522927 0.8813930 0.7392865 0.0000000 0.6253970 0.7251445 0.7693442 0.5588897 0.8156297 0.7238958 
E          0.7734902 0.7259315 0.7134150 0.6253970 0.0000000 0.5381243 0.8014103 0.4955897 0.6135254 0.6443916 
F          0.6724666 0.7840947 0.7858203 0.7251445 0.5381243 0.0000000 0.8305994 0.4983837 0.6257904 0.7515319 
G          0.8545832 1.0889720 0.9108493 0.7693442 0.8014103 0.8305994 0.0000000 0.7684258 0.9098611 0.8182587 
H          0.7012882 0.7395189 0.7405045 0.5588897 0.4955897 0.4983837 0.7684258 0.0000000 0.6684564 0.6365093 
I          0.8538935 0.9251906 0.8565039 0.8156297 0.6135254 0.6257904 0.9098611 0.6684564 0.0000000 0.7611995 
J          0.7220069 0.9935093 0.8123604 0.7238958 0.6443916 0.7515319 0.8182587 0.6365093 0.7611995 0.0000000 
