10
A          0.0000000 0.9098759 0.7060832 0.6704171 0.5220854 0.6389461 0.7024310 0.6274809 0.6329963 0.7003698 
B          0.9098759 0.0000000 0.7773467 0.8578220 0.7815159 0.8924872 0.8365967 0.8537459 0.8347010 0.8621880 
C          0.7060832 0.7773467 0.0000000 0.6977497 0.5370087 0.6028326 0.7376977 0.6291829 0.6267201 0.6514820 
D          0.6704171 0.8578220 0.6977497 0.0000000 0.5092822 0.6004161 0.6584075 0.6219405 0.6239531 0.5723410 
E          0.5220854 0.7815159 0.5370087 0.5092822 0.0000000 0.4986039 0.5578549 0.5050355 0.4683155 0.5007790 
F          0.6389461 0.8924872 0.6028326 0.6004161 0.4986039 0.0000000 0.6510533 0.5862205 0.6087020 0.5837820 
G          0.7024310 0.8365967 0.7376977 0.6584075 0.5578549 0.6510533 0.0000000 0.6639574 0.6991172 0.7013466 
H          0.6274809 0.8537459 0.6291829 0.6219405 0.5050355 0.5862205 0.6639574 0.0000000 0.6219550 0.6344981 
I          0.6329963 0.8347010 0.6267201 0.6239531 0.4683155 0.6087020 0.6991172 0.6219550 0.0000000 0.5876851 
J          0.7003698 0.8621880 0.6514820 0.5723410 0.5007790 0.5837820 0.7013466 0.6344981 0.5876851 0.0000000 
