10
A          0.0000000 1.0551626 1.0240157 0.7958680 0.8803261 0.7653929 1.0723197 0.9209030 1.0123328 0.9149443 
B          1.0551626 0.0000000 1.1124443 0.8063458 0.8518805 0.8315461 1.1370113 0.9073783 0.9070660 0.9010720 
C          1.0240157 1.1124443 0.0000000 0.7628193 0.7225079 0.7582741 0.9729207 0.9345822 0.9251656 0.8172305 
D          0.7958680 0.8063458 0.7628193 0.0000000 0.5672347 0.6018286 0.7651289 0.6595495 0.6644276 0.6268802 
E          0.8803261 0.8518805 0.7225079 0.5672347 0.0000000 0.5786262 0.8439630 0.6315108 0.6652515 0.6509841 
F          0.7653929 0.8315461 0.7582741 0.6018286 0.5786262 0.0000000 0.8553732 0.6332596 0.6623059 0.6317003 
G          1.0723197 1.1370113 0.9729207 0.7651289 0.8439630 0.8553732 0.0000000 0.8389487 0.9350602 0.7950841 
H          0.9209030 0.9073783 0.9345822 0.6595495 0.6315108 0.6332596 0.8389487 0.0000000 0.7458302 0.7130371 
I          1.0123328 0.9070660 0.9251656 0.6644276 0.6652515 0.6623059 0.9350602 0.7458302 0.0000000 0.7288169 
J          0.9149443 0.9010720 0.8172305 0.6268802 0.6509841 0.6317003 0.7950841 0.7130371 0.7288169 0.0000000 
