10
A          0.0000000 0.9767090 0.7107660 0.7723498 0.5885194 0.6745904 0.8445922 0.7226963 0.7585940 0.7051069 
B          0.9767090 0.0000000 0.9798411 0.8323491 0.7486747 0.7412481 0.8819935 0.8098354 0.8946933 0.7168980 
C          0.7107660 0.9798411 0.0000000 0.6701929 0.5410834 0.6168678 0.8392751 0.6693181 0.6123183 0.6537554 
D          0.7723498 0.8323491 0.6701929 0.0000000 0.4925219 0.6474977 0.6937321 0.5278680 0.5876253 0.5026323 
E          0.5885194 0.7486747 0.5410834 0.4925219 0.0000000 0.4894404 0.6543846 0.4673408 0.4947660 0.4473474 
F          0.6745904 0.7412481 0.6168678 0.6474977 0.4894404 0.0000000 0.7355937 0.5529517 0.5738805 0.4904830 
G          0.8445922 0.8819935 0.8392751 0.6937321 0.6543846 0.7355937 0.0000000 0.6804986 0.7249383 0.6207035 
H          0.7226963 0.8098354 0.6693181 0.5278680 0.4673408 0.5529517 0.6804986 0.0000000 0.5858483 0.5328581 
I          0.7585940 0.8946933 0.6123183 0.5876253 0.4947660 0.5738805 0.7249383 0.5858483 0.0000000 0.5462884 
J          0.7051069 0.7168980 0.6537554 0.5026323 0.4473474 0.4904830 0.6207035 0.5328581 0.5462884 0.0000000 
