10
A          0.0000000 0.1811097 0.3549145 0.4277684 0.4965377 0.6778391 0.1480680 0.3422711 0.5816354 0.2767653 
B          0.1811097 0.0000000 0.4038493 0.4654180 0.5623776 0.6524371 0.1797381 0.3492924 0.5596266 0.3219722 
C          0.3549145 0.4038493 0.0000000 0.7754392 0.7904865 0.8447709 0.3528790 0.6217922 0.8615180 0.4915652 
D          0.4277684 0.4654180 0.7754392 0.0000000 0.8004091 0.9123869 0.4557585 0.6289516 0.9434519 0.6305166 
E          0.4965377 0.5623776 0.7904865 0.8004091 0.0000000 1.0438789 0.5090485 0.6756777 0.9329124 0.6521107 
F          0.6778391 0.6524371 0.8447709 0.9123869 1.0438789 0.0000000 0.5864448 0.7785302 1.0636414 0.7074718 
G          0.1480680 0.1797381 0.3528790 0.4557585 0.5090485 0.5864448 0.0000000 0.3192959 0.5601899 0.2593103 
H          0.3422711 0.3492924 0.6217922 0.6289516 0.6756777 0.7785302 0.3192959 0.0000000 0.7963009 0.4777526 
I          0.5816354 0.5596266 0.8615180 0.9434519 0.9329124 1.0636414 0.5601899 0.7963009 0.0000000 0.6681107 
J          0.2767653 0.3219722 0.4915652 0.6305166 0.6521107 0.7074718 0.2593103 0.4777526 0.6681107 0.0000000 
