10
A          0.0000000 0.1726811 0.3916003 0.4117450 0.5695748 0.5286430 0.1430829 0.3498143 0.5700059 0.2553657 
B          0.1726811 0.0000000 0.4116513 0.4591885 0.6390140 0.5602563 0.1735943 0.4018090 0.6135097 0.2989993 
C          0.3916003 0.4116513 0.0000000 0.6363380 0.8286913 0.7569495 0.3818150 0.6470768 0.7622084 0.4908834 
D          0.4117450 0.4591885 0.6363380 0.0000000 0.8447635 0.7864743 0.3880471 0.6057325 0.8606198 0.4647611 
E          0.5695748 0.6390140 0.8286913 0.8447635 0.0000000 0.9202931 0.5627187 0.8308793 1.0715656 0.7023217 
F          0.5286430 0.5602563 0.7569495 0.7864743 0.9202931 0.0000000 0.5131974 0.7235770 0.9047319 0.5981368 
G          0.1430829 0.1735943 0.3818150 0.3880471 0.5627187 0.5131974 0.0000000 0.3497933 0.5571512 0.2557982 
H          0.3498143 0.4018090 0.6470768 0.6057325 0.8308793 0.7235770 0.3497933 0.0000000 0.8481608 0.5015783 
I          0.5700059 0.6135097 0.7622084 0.8606198 1.0715656 0.9047319 0.5571512 0.8481608 0.0000000 0.7016428 
J          0.2553657 0.2989993 0.4908834 0.4647611 0.7023217 0.5981368 0.2557982 0.5015783 0.7016428 0.0000000 
