10
A          0.0000000 0.1467865 0.3322901 0.4772073 0.5393339 0.5460573 0.1522558 0.3298958 0.5655385 0.2763453 
B          0.1467865 0.0000000 0.3840682 0.5194351 0.5303019 0.6031363 0.1687645 0.3503272 0.5999905 0.3155085 
C          0.3322901 0.3840682 0.0000000 0.7074453 0.6938800 0.8107121 0.3482543 0.5516115 0.7659767 0.4974368 
D          0.4772073 0.5194351 0.7074453 0.0000000 0.9358553 0.8525677 0.4832620 0.7251632 0.9328669 0.6442735 
E          0.5393339 0.5303019 0.6938800 0.9358553 0.0000000 0.8729687 0.5779608 0.7994679 0.9719728 0.6274776 
F          0.5460573 0.6031363 0.8107121 0.8525677 0.8729687 0.0000000 0.6098808 0.6997139 0.9328525 0.6305974 
G          0.1522558 0.1687645 0.3482543 0.4832620 0.5779608 0.6098808 0.0000000 0.3322252 0.6090603 0.3056782 
H          0.3298958 0.3503272 0.5516115 0.7251632 0.7994679 0.6997139 0.3322252 0.0000000 0.8491910 0.4976502 
I          0.5655385 0.5999905 0.7659767 0.9328669 0.9719728 0.9328525 0.6090603 0.8491910 0.0000000 0.7125490 
J          0.2763453 0.3155085 0.4974368 0.6442735 0.6274776 0.6305974 0.3056782 0.4976502 0.7125490 0.0000000 
