10
A          0.0000000 0.1598050 0.2987487 0.4467410 0.4510351 0.4284272 0.1287896 0.3425709 0.4836379 0.2668876 
B          0.1598050 0.0000000 0.3114216 0.4533773 0.4394286 0.4679225 0.1535703 0.3321786 0.5249293 0.2630085 
C          0.2987487 0.3114216 0.0000000 0.5447552 0.5919129 0.5801491 0.2683145 0.4797406 0.6538617 0.3939788 
D          0.4467410 0.4533773 0.5447552 0.0000000 0.6678118 0.7151871 0.4417537 0.6050421 0.7939473 0.5128846 
E          0.4510351 0.4394286 0.5919129 0.6678118 0.0000000 0.6769914 0.4402519 0.6414844 0.8292460 0.5396212 
F          0.4284272 0.4679225 0.5801491 0.7151871 0.6769914 0.0000000 0.4062042 0.6953086 0.7644946 0.5149284 
G          0.1287896 0.1535703 0.2683145 0.4417537 0.4402519 0.4062042 0.0000000 0.3458376 0.4677851 0.2284937 
H          0.3425709 0.3321786 0.4797406 0.6050421 0.6414844 0.6953086 0.3458376 0.0000000 0.7479276 0.4878586 
I          0.4836379 0.5249293 0.6538617 0.7939473 0.8292460 0.7644946 0.4677851 0.7479276 0.0000000 0.5979811 
J          0.2668876 0.2630085 0.3939788 0.5128846 0.5396212 0.5149284 0.2284937 0.4878586 0.5979811 0.0000000 
