10
A          0.0000000 0.2097515 0.3705759 0.4994699 0.4994456 0.5658238 0.1730316 0.3310414 0.5190578 0.2787288 
B          0.2097515 0.0000000 0.3905125 0.4842399 0.5368946 0.6011549 0.1831482 0.3331862 0.5494237 0.2679407 
C          0.3705759 0.3905125 0.0000000 0.6336705 0.6638852 0.7564338 0.3497105 0.5302552 0.7553244 0.4398754 
D          0.4994699 0.4842399 0.6336705 0.0000000 0.7548021 0.8707242 0.4855382 0.6136268 0.8824778 0.5865299 
E          0.4994456 0.5368946 0.6638852 0.7548021 0.0000000 0.9547049 0.5048696 0.6779676 0.8082459 0.6943215 
F          0.5658238 0.6011549 0.7564338 0.8707242 0.9547049 0.0000000 0.5801651 0.7577565 0.9545349 0.6848175 
G          0.1730316 0.1831482 0.3497105 0.4855382 0.5048696 0.5801651 0.0000000 0.3027969 0.5070427 0.2598514 
H          0.3310414 0.3331862 0.5302552 0.6136268 0.6779676 0.7577565 0.3027969 0.0000000 0.6843031 0.4218030 
I          0.5190578 0.5494237 0.7553244 0.8824778 0.8082459 0.9545349 0.5070427 0.6843031 0.0000000 0.6996872 
J          0.2787288 0.2679407 0.4398754 0.5865299 0.6943215 0.6848175 0.2598514 0.4218030 0.6996872 0.0000000 
