10
A          0.0000000 0.1585415 0.3328891 0.4341314 0.6793920 0.4493119 0.1238948 0.3240720 0.5048903 0.2758632 
B          0.1585415 0.0000000 0.4308937 0.4763980 0.7038943 0.4850371 0.1425459 0.3494475 0.5859401 0.3108454 
C          0.3328891 0.4308937 0.0000000 0.6417003 0.9590284 0.6476017 0.3266328 0.5647525 0.6449340 0.5272787 
D          0.4341314 0.4763980 0.6417003 0.0000000 1.0184415 0.7583985 0.4226233 0.6602993 0.8535969 0.5849983 
E          0.6793920 0.7038943 0.9590284 1.0184415 0.0000000 1.0659376 0.6472177 0.8781746 1.1539476 0.8301039 
F          0.4493119 0.4850371 0.6476017 0.7583985 1.0659376 0.0000000 0.4392263 0.6994524 0.9353192 0.6217222 
G          0.1238948 0.1425459 0.3266328 0.4226233 0.6472177 0.4392263 0.0000000 0.3131856 0.4981477 0.2560503 
H          0.3240720 0.3494475 0.5647525 0.6602993 0.8781746 0.6994524 0.3131856 0.0000000 0.8288130 0.4785871 
I          0.5048903 0.5859401 0.6449340 0.8535969 1.1539476 0.9353192 0.4981477 0.8288130 0.0000000 0.6337124 
J          0.2758632 0.3108454 0.5272787 0.5849983 0.8301039 0.6217222 0.2560503 0.4785871 0.6337124 0.0000000 
