10
A          0.0000000 0.1705207 0.3152451 0.4103985 0.5400542 0.5678827 0.1364427 0.3347262 0.6277976 0.2630248 
B          0.1705207 0.0000000 0.3438250 0.4354252 0.5640319 0.5667586 0.1588456 0.3427949 0.6699326 0.3235978 
C          0.3152451 0.3438250 0.0000000 0.5707253 0.6890703 0.7273561 0.3256662 0.4938053 0.8148332 0.4173618 
D          0.4103985 0.4354252 0.5707253 0.0000000 0.7300155 0.9082347 0.3986684 0.5902973 0.9996526 0.5529377 
E          0.5400542 0.5640319 0.6890703 0.7300155 0.0000000 0.9622321 0.4964492 0.6927409 1.0418460 0.5903805 
F          0.5678827 0.5667586 0.7273561 0.9082347 0.9622321 0.0000000 0.5521256 0.7034707 1.0936420 0.6358560 
G          0.1364427 0.1588456 0.3256662 0.3986684 0.4964492 0.5521256 0.0000000 0.3036893 0.6336443 0.2681489 
H          0.3347262 0.3427949 0.4938053 0.5902973 0.6927409 0.7034707 0.3036893 0.0000000 0.7521147 0.3991039 
I          0.6277976 0.6699326 0.8148332 0.9996526 1.0418460 1.0936420 0.6336443 0.7521147 0.0000000 0.7248366 
J          0.2630248 0.3235978 0.4173618 0.5529377 0.5903805 0.6358560 0.2681489 0.3991039 0.7248366 0.0000000 
