10
A          0.0000000 0.2150484 0.4269275 0.4626715 0.6138737 0.5809450 0.1691267 0.3857147 0.8200800 0.3583089 
B          0.2150484 0.0000000 0.3505810 0.5663653 0.6472659 0.5333976 0.1619631 0.4661193 0.6355963 0.3593429 
C          0.4269275 0.3505810 0.0000000 0.7511780 0.8211042 0.7720697 0.3527618 0.5856433 0.8309227 0.4930680 
D          0.4626715 0.5663653 0.7511780 0.0000000 0.8702671 0.9702265 0.5387725 0.6607514 1.2462963 0.7121012 
E          0.6138737 0.6472659 0.8211042 0.8702671 0.0000000 1.0873847 0.6944638 0.8048140 1.3776575 0.8173586 
F          0.5809450 0.5333976 0.7720697 0.9702265 1.0873847 0.0000000 0.5250129 0.7661182 0.9345261 0.6915995 
G          0.1691267 0.1619631 0.3527618 0.5387725 0.6944638 0.5250129 0.0000000 0.4208830 0.6612536 0.3048121 
H          0.3857147 0.4661193 0.5856433 0.6607514 0.8048140 0.7661182 0.4208830 0.0000000 0.9653941 0.5451902 
I          0.8200800 0.6355963 0.8309227 1.2462963 1.3776575 0.9345261 0.6612536 0.9653941 0.0000000 0.6968531 
J          0.3583089 0.3593429 0.4930680 0.7121012 0.8173586 0.6915995 0.3048121 0.5451902 0.6968531 0.0000000 
