10
A          0.0000000 0.2009125 0.3176972 0.3867614 0.5536227 0.4949141 0.1428853 0.3119296 0.5202799 0.3047263 
B          0.2009125 0.0000000 0.3646462 0.4243717 0.6325040 0.4748582 0.1584282 0.3601969 0.5948338 0.2974577 
C          0.3176972 0.3646462 0.0000000 0.5359221 0.7947679 0.6754221 0.3096317 0.5421923 0.6531818 0.4884359 
D          0.3867614 0.4243717 0.5359221 0.0000000 0.7360149 0.7086976 0.3557698 0.5376639 0.7181896 0.5118703 
E          0.5536227 0.6325040 0.7947679 0.7360149 0.0000000 0.8560840 0.4683370 0.7626565 0.9676225 0.5901174 
F          0.4949141 0.4748582 0.6754221 0.7086976 0.8560840 0.0000000 0.4251732 0.5387275 0.7302862 0.5585412 
G          0.1428853 0.1584282 0.3096317 0.3557698 0.4683370 0.4251732 0.0000000 0.2963577 0.5242238 0.2708071 
H          0.3119296 0.3601969 0.5421923 0.5376639 0.7626565 0.5387275 0.2963577 0.0000000 0.6340006 0.5036094 
I          0.5202799 0.5948338 0.6531818 0.7181896 0.9676225 0.7302862 0.5242238 0.6340006 0.0000000 0.5899620 
J          0.3047263 0.2974577 0.4884359 0.5118703 0.5901174 0.5585412 0.2708071 0.5036094 0.5899620 0.0000000 
