10
A          0.0000000 0.1627592 0.3506468 0.4525446 0.5533933 0.4652599 0.1374634 0.2995457 0.5149832 0.2637380 
B          0.1627592 0.0000000 0.3379612 0.4438812 0.5471314 0.4879362 0.1534726 0.3546926 0.5284908 0.2888347 
C          0.3506468 0.3379612 0.0000000 0.7077572 0.7028716 0.6247315 0.3164231 0.4849880 0.7013810 0.4542059 
D          0.4525446 0.4438812 0.7077572 0.0000000 0.9801532 0.6777507 0.4590063 0.6102759 0.7734820 0.5449779 
E          0.5533933 0.5471314 0.7028716 0.9801532 0.0000000 0.9180995 0.5114543 0.7297519 1.0309670 0.7603670 
F          0.4652599 0.4879362 0.6247315 0.6777507 0.9180995 0.0000000 0.4516514 0.6449954 0.7750692 0.5566810 
G          0.1374634 0.1534726 0.3164231 0.4590063 0.5114543 0.4516514 0.0000000 0.2862495 0.4813951 0.2652117 
H          0.2995457 0.3546926 0.4849880 0.6102759 0.7297519 0.6449954 0.2862495 0.0000000 0.6655828 0.4298241 
I          0.5149832 0.5284908 0.7013810 0.7734820 1.0309670 0.7750692 0.4813951 0.6655828 0.0000000 0.6271002 
J          0.2637380 0.2888347 0.4542059 0.5449779 0.7603670 0.5566810 0.2652117 0.4298241 0.6271002 0.0000000 
