10
A          0.0000000 0.1865463 0.4357529 0.4583631 0.6133640 0.5169865 0.1552234 0.3515251 0.6915833 0.3239523 
B          0.1865463 0.0000000 0.4634551 0.4765661 0.5822816 0.5190725 0.1660069 0.3831627 0.6673010 0.3423226 
C          0.4357529 0.4634551 0.0000000 0.7824494 0.8782657 0.7880165 0.4269679 0.6729247 0.9611899 0.5611805 
D          0.4583631 0.4765661 0.7824494 0.0000000 0.8700025 0.8117442 0.4824558 0.6538507 0.9553360 0.6524822 
E          0.6133640 0.5822816 0.8782657 0.8700025 0.0000000 0.8163805 0.6108437 0.7659104 1.0311890 0.8168569 
F          0.5169865 0.5190725 0.7880165 0.8117442 0.8163805 0.0000000 0.4939358 0.6969945 0.9280702 0.7915511 
G          0.1552234 0.1660069 0.4269679 0.4824558 0.6108437 0.4939358 0.0000000 0.3676835 0.6480599 0.3163761 
H          0.3515251 0.3831627 0.6729247 0.6538507 0.7659104 0.6969945 0.3676835 0.0000000 0.8546369 0.5474524 
I          0.6915833 0.6673010 0.9611899 0.9553360 1.0311890 0.9280702 0.6480599 0.8546369 0.0000000 0.7935423 
J          0.3239523 0.3423226 0.5611805 0.6524822 0.8168569 0.7915511 0.3163761 0.5474524 0.7935423 0.0000000 
