10
A          0.0000000 0.2228107 0.4795833 0.5561404 0.6046665 0.5925582 0.2001461 0.4496925 0.7049648 0.3687686 
B          0.2228107 0.0000000 0.3751584 0.5337659 0.6273394 0.5195599 0.1659890 0.4303615 0.6278437 0.3449840 
C          0.4795833 0.3751584 0.0000000 0.7159952 0.8451873 0.7635801 0.3919013 0.6738066 0.7963662 0.5885837 
D          0.5561404 0.5337659 0.7159952 0.0000000 0.8816438 0.8885949 0.5495205 0.6994803 0.9223505 0.6914209 
E          0.6046665 0.6273394 0.8451873 0.8816438 0.0000000 1.0596298 0.5947626 0.7414731 1.0815060 0.8171197 
F          0.5925582 0.5195599 0.7635801 0.8885949 1.0596298 0.0000000 0.5328699 0.7546518 0.9438169 0.7058229 
G          0.2001461 0.1659890 0.3919013 0.5495205 0.5947626 0.5328699 0.0000000 0.4126206 0.6462399 0.3666354 
H          0.4496925 0.4303615 0.6738066 0.6994803 0.7414731 0.7546518 0.4126206 0.0000000 0.8050874 0.6155616 
I          0.7049648 0.6278437 0.7963662 0.9223505 1.0815060 0.9438169 0.6462399 0.8050874 0.0000000 0.8156300 
J          0.3687686 0.3449840 0.5885837 0.6914209 0.8171197 0.7058229 0.3666354 0.6155616 0.8156300 0.0000000 
