10
A          0.0000000 0.3571994 0.5288407 0.5227818 0.3572422 0.4038600 0.3026852 0.4706675 0.2714723 0.4003935 
B          0.3571994 0.0000000 0.6137259 0.6652677 0.4236969 0.4480268 0.3871174 0.5518236 0.3431574 0.4462607 
C          0.5288407 0.6137259 0.0000000 0.7272443 0.5689110 0.6188226 0.5622839 0.8008064 0.5580509 0.5749284 
D          0.5227818 0.6652677 0.7272443 0.0000000 0.5735197 0.6871260 0.5763232 0.6655712 0.5523261 0.7216364 
E          0.3572422 0.4236969 0.5689110 0.5735197 0.0000000 0.4863695 0.3907887 0.5605382 0.3515455 0.4490381 
F          0.4038600 0.4480268 0.6188226 0.6871260 0.4863695 0.0000000 0.4325841 0.6125046 0.3890546 0.5018716 
G          0.3026852 0.3871174 0.5622839 0.5763232 0.3907887 0.4325841 0.0000000 0.5474321 0.3577611 0.4325262 
H          0.4706675 0.5518236 0.8008064 0.6655712 0.5605382 0.6125046 0.5474321 0.0000000 0.5026639 0.6286363 
I          0.2714723 0.3431574 0.5580509 0.5523261 0.3515455 0.3890546 0.3577611 0.5026639 0.0000000 0.4124636 
J          0.4003935 0.4462607 0.5749284 0.7216364 0.4490381 0.5018716 0.4325262 0.6286363 0.4124636 0.0000000 
