10
A          0.0000000 0.4129292 0.5971631 0.6389891 0.4995404 0.5269578 0.4449501 0.5794749 0.3476402 0.4518396 
B          0.4129292 0.0000000 0.6813630 0.7593726 0.4765003 0.6237744 0.4338117 0.7197698 0.4406180 0.5315425 
C          0.5971631 0.6813630 0.0000000 0.8789491 0.6965022 0.6449469 0.6882141 0.8751905 0.5808114 0.6919187 
D          0.6389891 0.7593726 0.8789491 0.0000000 0.8521257 0.8355307 0.7991348 0.9340488 0.7271502 0.7684975 
E          0.4995404 0.4765003 0.6965022 0.8521257 0.0000000 0.5936268 0.5422120 0.7924183 0.5172756 0.6097211 
F          0.5269578 0.6237744 0.6449469 0.8355307 0.5936268 0.0000000 0.6225920 0.7116462 0.5175791 0.5589481 
G          0.4449501 0.4338117 0.6882141 0.7991348 0.5422120 0.6225920 0.0000000 0.7117334 0.4743294 0.4745032 
H          0.5794749 0.7197698 0.8751905 0.9340488 0.7924183 0.7116462 0.7117334 0.0000000 0.6185559 0.7524266 
I          0.3476402 0.4406180 0.5808114 0.7271502 0.5172756 0.5175791 0.4743294 0.6185559 0.0000000 0.4818449 
J          0.4518396 0.5315425 0.6919187 0.7684975 0.6097211 0.5589481 0.4745032 0.7524266 0.4818449 0.0000000 
