10
A          0.0000000 0.4090061 0.5215305 0.5672408 0.4199274 0.4728735 0.4416702 0.4958401 0.3423474 0.4792107 
B          0.4090061 0.0000000 0.5801689 0.6321970 0.5214017 0.5637862 0.5131318 0.6132999 0.4563375 0.5631877 
C          0.5215305 0.5801689 0.0000000 0.6633360 0.6019837 0.6239970 0.6641772 0.6885196 0.5128873 0.6259735 
D          0.5672408 0.6321970 0.6633360 0.0000000 0.6005103 0.6814046 0.7206058 0.7861492 0.5305309 0.6368218 
E          0.4199274 0.5214017 0.6019837 0.6005103 0.0000000 0.4936302 0.4905802 0.5626892 0.4272971 0.5168059 
F          0.4728735 0.5637862 0.6239970 0.6814046 0.4936302 0.0000000 0.5138405 0.6138550 0.4547561 0.6101773 
G          0.4416702 0.5131318 0.6641772 0.7206058 0.4905802 0.5138405 0.0000000 0.6375149 0.4539607 0.5466459 
H          0.4958401 0.6132999 0.6885196 0.7861492 0.5626892 0.6138550 0.6375149 0.0000000 0.5193580 0.7233533 
I          0.3423474 0.4563375 0.5128873 0.5305309 0.4272971 0.4547561 0.4539607 0.5193580 0.0000000 0.4367773 
J          0.4792107 0.5631877 0.6259735 0.6368218 0.5168059 0.6101773 0.5466459 0.7233533 0.4367773 0.0000000 
