10
A          0.0000000 0.4625387 0.5659620 0.6069355 0.4432641 0.5621587 0.3678390 0.5645318 0.3065332 0.4275371 
B          0.4625387 0.0000000 0.6614851 0.7380407 0.5182342 0.6765468 0.4911451 0.6802470 0.3967817 0.6224417 
C          0.5659620 0.6614851 0.0000000 0.9175902 0.6291908 0.7119849 0.5964280 0.7752157 0.5479981 0.6586219 
D          0.6069355 0.7380407 0.9175902 0.0000000 0.7353918 0.9417461 0.7346154 0.8848662 0.6587498 0.8109658 
E          0.4432641 0.5182342 0.6291908 0.7353918 0.0000000 0.7075344 0.4540196 0.7038871 0.4171694 0.5136947 
F          0.5621587 0.6765468 0.7119849 0.9417461 0.7075344 0.0000000 0.6378652 0.9032536 0.5720477 0.7759176 
G          0.3678390 0.4911451 0.5964280 0.7346154 0.4540196 0.6378652 0.0000000 0.6224702 0.3703225 0.5370575 
H          0.5645318 0.6802470 0.7752157 0.8848662 0.7038871 0.9032536 0.6224702 0.0000000 0.6557291 0.7059104 
I          0.3065332 0.3967817 0.5479981 0.6587498 0.4171694 0.5720477 0.3703225 0.6557291 0.0000000 0.4258201 
J          0.4275371 0.6224417 0.6586219 0.8109658 0.5136947 0.7759176 0.5370575 0.7059104 0.4258201 0.0000000 
