10
A          0.0000000 0.5163496 0.6119994 0.5683509 0.5747504 0.6729633 0.4535059 0.5162614 0.3508965 0.5544312 
B          0.5163496 0.0000000 0.6455574 0.7696501 0.5265303 0.7458716 0.5135414 0.7088922 0.5956103 0.5868883 
C          0.6119994 0.6455574 0.0000000 0.8097955 0.7229536 0.7635125 0.6028036 0.7294556 0.6035183 0.7157514 
D          0.5683509 0.7696501 0.8097955 0.0000000 0.7129930 0.8061557 0.6666610 0.7030743 0.5316960 0.7211523 
E          0.5747504 0.5265303 0.7229536 0.7129930 0.0000000 0.6840733 0.4589852 0.6561645 0.5680831 0.5361614 
F          0.6729633 0.7458716 0.7635125 0.8061557 0.6840733 0.0000000 0.6595588 0.7013848 0.6852319 0.7373064 
G          0.4535059 0.5135414 0.6028036 0.6666610 0.4589852 0.6595588 0.0000000 0.5676468 0.4551388 0.4278084 
H          0.5162614 0.7088922 0.7294556 0.7030743 0.6561645 0.7013848 0.5676468 0.0000000 0.5457873 0.6539654 
I          0.3508965 0.5956103 0.6035183 0.5316960 0.5680831 0.6852319 0.4551388 0.5457873 0.0000000 0.4976256 
J          0.5544312 0.5868883 0.7157514 0.7211523 0.5361614 0.7373064 0.4278084 0.6539654 0.4976256 0.0000000 
