10
A          0.0000000 0.4869053 0.5307951 0.6321473 0.4184328 0.4727213 0.3550219 0.5786069 0.2919281 0.3764381 
B          0.4869053 0.0000000 0.7115579 0.7999922 0.5543324 0.6314146 0.4633781 0.7194933 0.4933369 0.6408461 
C          0.5307951 0.7115579 0.0000000 0.9093640 0.6190321 0.7062438 0.5880960 0.9022510 0.5322824 0.6496586 
D          0.6321473 0.7999922 0.9093640 0.0000000 0.7421348 0.7884843 0.6509441 0.8759828 0.5837713 0.7002314 
E          0.4184328 0.5543324 0.6190321 0.7421348 0.0000000 0.5532604 0.4135545 0.7253109 0.3953705 0.4351794 
F          0.4727213 0.6314146 0.7062438 0.7884843 0.5532604 0.0000000 0.5314501 0.7901618 0.4574756 0.5474173 
G          0.3550219 0.4633781 0.5880960 0.6509441 0.4135545 0.5314501 0.0000000 0.6917437 0.3636943 0.4186482 
H          0.5786069 0.7194933 0.9022510 0.8759828 0.7253109 0.7901618 0.6917437 0.0000000 0.5900472 0.7535032 
I          0.2919281 0.4933369 0.5322824 0.5837713 0.3953705 0.4574756 0.3636943 0.5900472 0.0000000 0.3887161 
J          0.3764381 0.6408461 0.6496586 0.7002314 0.4351794 0.5474173 0.4186482 0.7535032 0.3887161 0.0000000 
