10
A          0.0000000 0.6625257 0.2235843 0.3170438 0.3183470 0.2184285 0.6504831 0.4817237 0.5816103 0.1877324 
B          0.6625257 0.0000000 0.6343074 0.7833158 0.7335729 0.6395354 1.0766783 0.9098814 1.0901524 0.6457781 
C          0.2235843 0.6343074 0.0000000 0.3442920 0.3219580 0.2587812 0.6091318 0.5325045 0.6085789 0.2120846 
D          0.3170438 0.7833158 0.3442920 0.0000000 0.4080040 0.3314723 0.7476007 0.6269435 0.7259788 0.2781471 
E          0.3183470 0.7335729 0.3219580 0.4080040 0.0000000 0.3260054 0.6969770 0.6219949 0.7566398 0.2790351 
F          0.2184285 0.6395354 0.2587812 0.3314723 0.3260054 0.0000000 0.6400181 0.4889113 0.6253828 0.2083902 
G          0.6504831 1.0766783 0.6091318 0.7476007 0.6969770 0.6400181 0.0000000 0.9360151 0.9608111 0.5792628 
H          0.4817237 0.9098814 0.5325045 0.6269435 0.6219949 0.4889113 0.9360151 0.0000000 0.8923361 0.4502071 
I          0.5816103 1.0901524 0.6085789 0.7259788 0.7566398 0.6253828 0.9608111 0.8923361 0.0000000 0.5732330 
J          0.1877324 0.6457781 0.2120846 0.2781471 0.2790351 0.2083902 0.5792628 0.4502071 0.5732330 0.0000000 
