10
A          0.0000000 0.5321282 0.2236513 0.3342451 0.3170782 0.2020932 0.5712495 0.3707596 0.5608303 0.1769383 
B          0.5321282 0.0000000 0.6054131 0.6345497 0.6964340 0.5383256 0.9590638 0.7778919 0.9597521 0.5419879 
C          0.2236513 0.6054131 0.0000000 0.3402939 0.3815383 0.2321385 0.6039961 0.4112899 0.5728471 0.2018185 
D          0.3342451 0.6345497 0.3402939 0.0000000 0.4273119 0.3435471 0.7283948 0.4736185 0.6567081 0.2882925 
E          0.3170782 0.6964340 0.3815383 0.4273119 0.0000000 0.3215738 0.6757601 0.4889670 0.6106991 0.3050042 
F          0.2020932 0.5383256 0.2321385 0.3435471 0.3215738 0.0000000 0.5554306 0.3924085 0.5249248 0.2009956 
G          0.5712495 0.9590638 0.6039961 0.7283948 0.6757601 0.5554306 0.0000000 0.7553531 1.0340924 0.5456676 
H          0.3707596 0.7778919 0.4112899 0.4736185 0.4889670 0.3924085 0.7553531 0.0000000 0.7516815 0.3571350 
I          0.5608303 0.9597521 0.5728471 0.6567081 0.6106991 0.5249248 1.0340924 0.7516815 0.0000000 0.5274203 
J          0.1769383 0.5419879 0.2018185 0.2882925 0.3050042 0.2009956 0.5456676 0.3571350 0.5274203 0.0000000 
