10
A          0.0000000 0.6738412 0.2118755 0.2792579 0.3345514 0.2033855 0.6035407 0.5227799 0.4925176 0.1933079 
B          0.6738412 0.0000000 0.6954831 0.6758263 0.6113458 0.6029994 0.8793446 0.7846096 0.9461821 0.6434168 
C          0.2118755 0.6954831 0.0000000 0.3400816 0.3623784 0.2218457 0.5988686 0.5445949 0.5529416 0.2256562 
D          0.2792579 0.6758263 0.3400816 0.0000000 0.4312611 0.2807147 0.6253396 0.6482513 0.5492418 0.3152796 
E          0.3345514 0.6113458 0.3623784 0.4312611 0.0000000 0.3140771 0.7230098 0.6005503 0.6063634 0.3586429 
F          0.2033855 0.6029994 0.2218457 0.2807147 0.3140771 0.0000000 0.5758618 0.5070013 0.4698488 0.1921973 
G          0.6035407 0.8793446 0.5988686 0.6253396 0.7230098 0.5758618 0.0000000 0.9454888 0.9134580 0.5856304 
H          0.5227799 0.7846096 0.5445949 0.6482513 0.6005503 0.5070013 0.9454888 0.0000000 0.8750139 0.4840299 
I          0.4925176 0.9461821 0.5529416 0.5492418 0.6063634 0.4698488 0.9134580 0.8750139 0.0000000 0.4964301 
J          0.1933079 0.6434168 0.2256562 0.3152796 0.3586429 0.1921973 0.5856304 0.4840299 0.4964301 0.0000000 
