10
A          0.0000000 0.5441844 0.2506632 0.2469472 0.2973351 0.2050503 0.5857734 0.3598529 0.5022882 0.1617356 
B          0.5441844 0.0000000 0.6097739 0.6528033 0.6455778 0.5422825 0.8910211 0.8809946 0.8846597 0.5098431 
C          0.2506632 0.6097739 0.0000000 0.3186410 0.3492650 0.2386368 0.6680748 0.4391229 0.5597235 0.2190890 
D          0.2469472 0.6528033 0.3186410 0.0000000 0.3608537 0.2682881 0.7102920 0.4759238 0.5954192 0.2356676 
E          0.2973351 0.6455778 0.3492650 0.3608537 0.0000000 0.2683700 0.6702016 0.4623964 0.6185447 0.2646504 
F          0.2050503 0.5422825 0.2386368 0.2682881 0.2683700 0.0000000 0.6139700 0.3858108 0.5480881 0.1710967 
G          0.5857734 0.8910211 0.6680748 0.7102920 0.6702016 0.6139700 0.0000000 0.7791374 0.9073009 0.5524746 
H          0.3598529 0.8809946 0.4391229 0.4759238 0.4623964 0.3858108 0.7791374 0.0000000 0.7348630 0.3601523 
I          0.5022882 0.8846597 0.5597235 0.5954192 0.6185447 0.5480881 0.9073009 0.7348630 0.0000000 0.5104597 
J          0.1617356 0.5098431 0.2190890 0.2356676 0.2646504 0.1710967 0.5524746 0.3601523 0.5104597 0.0000000 
