10
A          0.0000000 0.8045580 0.2291238 0.3631293 0.5163923 0.2522759 0.6202876 0.5832527 0.6623950 0.2379510 
B          0.8045580 0.0000000 0.8474806 0.8757664 0.8689927 0.7986141 1.1689236 0.9196841 1.1400965 0.8924599 
C          0.2291238 0.8474806 0.0000000 0.4053406 0.4734705 0.2825895 0.6517896 0.6501185 0.6185322 0.2618365 
D          0.3631293 0.8757664 0.4053406 0.0000000 0.5742352 0.2781152 0.7079790 0.6650041 0.7077233 0.4380455 
E          0.5163923 0.8689927 0.4734705 0.5742352 0.0000000 0.3957072 0.8779771 0.6887722 0.8323364 0.5000021 
F          0.2522759 0.7986141 0.2825895 0.2781152 0.3957072 0.0000000 0.6761685 0.5583995 0.6179020 0.2395678 
G          0.6202876 1.1689236 0.6517896 0.7079790 0.8779771 0.6761685 0.0000000 0.8539758 0.9707140 0.5107660 
H          0.5832527 0.9196841 0.6501185 0.6650041 0.6887722 0.5583995 0.8539758 0.0000000 0.8018646 0.6354762 
I          0.6623950 1.1400965 0.6185322 0.7077233 0.8323364 0.6179020 0.9707140 0.8018646 0.0000000 0.6500379 
J          0.2379510 0.8924599 0.2618365 0.4380455 0.5000021 0.2395678 0.5107660 0.6354762 0.6500379 0.0000000 
