10
A          0.0000000 0.5597909 0.1760929 0.2566721 0.2174434 0.1728433 0.5669553 0.3837572 0.3791624 0.1339388 
B          0.5597909 0.0000000 0.6462722 0.7440418 0.7057460 0.6456192 1.0779877 0.7691034 0.8663339 0.6082358 
C          0.1760929 0.6462722 0.0000000 0.3297499 0.2867296 0.2494221 0.6292380 0.4223549 0.4702885 0.1960642 
D          0.2566721 0.7440418 0.3297499 0.0000000 0.3673584 0.3211442 0.7401048 0.5001525 0.5889906 0.2734052 
E          0.2174434 0.7057460 0.2867296 0.3673584 0.0000000 0.2836254 0.7211538 0.5378090 0.4981007 0.2481927 
F          0.1728433 0.6456192 0.2494221 0.3211442 0.2836254 0.0000000 0.7088156 0.4250252 0.4451806 0.1872486 
G          0.5669553 1.0779877 0.6292380 0.7401048 0.7211538 0.7088156 0.0000000 0.8929698 0.8695036 0.6087301 
H          0.3837572 0.7691034 0.4223549 0.5001525 0.5378090 0.4250252 0.8929698 0.0000000 0.6943836 0.4134759 
I          0.3791624 0.8663339 0.4702885 0.5889906 0.4981007 0.4451806 0.8695036 0.6943836 0.0000000 0.4251032 
J          0.1339388 0.6082358 0.1960642 0.2734052 0.2481927 0.1872486 0.6087301 0.4134759 0.4251032 0.0000000 
