10
A          0.0000000 0.5974451 0.2641496 0.3345810 0.3429184 0.2037837 0.6172117 0.3887367 0.4857127 0.1808265 
B          0.5974451 0.0000000 0.6007329 0.7189071 0.7089667 0.6032960 0.9828186 0.8738244 0.8858140 0.5734174 
C          0.2641496 0.6007329 0.0000000 0.3249425 0.3598663 0.2557526 0.6500796 0.4571685 0.5538597 0.2254129 
D          0.3345810 0.7189071 0.3249425 0.0000000 0.4265928 0.2942310 0.6332183 0.5010026 0.5827945 0.2542800 
E          0.3429184 0.7089667 0.3598663 0.4265928 0.0000000 0.3116136 0.7069670 0.5310957 0.6156535 0.2725846 
F          0.2037837 0.6032960 0.2557526 0.2942310 0.3116136 0.0000000 0.6136986 0.3712511 0.5162318 0.1647046 
G          0.6172117 0.9828186 0.6500796 0.6332183 0.7069670 0.6136986 0.0000000 0.8221018 0.9322957 0.5600524 
H          0.3887367 0.8738244 0.4571685 0.5010026 0.5310957 0.3712511 0.8221018 0.0000000 0.7276023 0.3622046 
I          0.4857127 0.8858140 0.5538597 0.5827945 0.6156535 0.5162318 0.9322957 0.7276023 0.0000000 0.4965834 
J          0.1808265 0.5734174 0.2254129 0.2542800 0.2725846 0.1647046 0.5600524 0.3622046 0.4965834 0.0000000 
