10
A          0.0000000 0.5734124 0.2331370 0.3057549 0.2753386 0.1891460 0.6361770 0.3764946 0.4948713 0.1534132 
B          0.5734124 0.0000000 0.6836786 0.7299521 0.6936034 0.6273960 1.0093952 0.7826152 0.8573226 0.5712028 
C          0.2331370 0.6836786 0.0000000 0.3686307 0.3296468 0.2276927 0.6736426 0.4611538 0.5177456 0.2083039 
D          0.3057549 0.7299521 0.3686307 0.0000000 0.3839187 0.2855440 0.7040560 0.5345183 0.5954091 0.2562286 
E          0.2753386 0.6936034 0.3296468 0.3839187 0.0000000 0.2758252 0.6974340 0.4380344 0.5392017 0.2410906 
F          0.1891460 0.6273960 0.2276927 0.2855440 0.2758252 0.0000000 0.6842259 0.3626167 0.4628141 0.1479181 
G          0.6361770 1.0093952 0.6736426 0.7040560 0.6974340 0.6842259 0.0000000 0.8388268 0.9216649 0.6076648 
H          0.3764946 0.7826152 0.4611538 0.5345183 0.4380344 0.3626167 0.8388268 0.0000000 0.7315908 0.3521602 
I          0.4948713 0.8573226 0.5177456 0.5954091 0.5392017 0.4628141 0.9216649 0.7315908 0.0000000 0.4200723 
J          0.1534132 0.5712028 0.2083039 0.2562286 0.2410906 0.1479181 0.6076648 0.3521602 0.4200723 0.0000000 
