10
A          0.0000000 0.4604324 0.5341299 0.5998609 0.8998646 0.5216878 0.6474533 0.4965909 0.9019096 0.9192087 
B          0.4604324 0.0000000 0.2122757 0.3074090 0.5229518 0.2448900 0.3584248 0.1932651 0.5769051 0.5852145 
C          0.5341299 0.2122757 0.0000000 0.3175192 0.5416905 0.2466412 0.3213025 0.2128638 0.5957178 0.6031160 
D          0.5998609 0.3074090 0.3175192 0.0000000 0.6143273 0.3488511 0.4322591 0.3124933 0.6157537 0.6703603 
E          0.8998646 0.5229518 0.5416905 0.6143273 0.0000000 0.5768983 0.7053729 0.5136176 0.8835164 0.8847548 
F          0.5216878 0.2448900 0.2466412 0.3488511 0.5768983 0.0000000 0.3739802 0.2247809 0.5723687 0.6336445 
G          0.6474533 0.3584248 0.3213025 0.4322591 0.7053729 0.3739802 0.0000000 0.3691266 0.6888862 0.7289501 
H          0.4965909 0.1932651 0.2128638 0.3124933 0.5136176 0.2247809 0.3691266 0.0000000 0.5429144 0.5841569 
I          0.9019096 0.5769051 0.5957178 0.6157537 0.8835164 0.5723687 0.6888862 0.5429144 0.0000000 0.9500168 
J          0.9192087 0.5852145 0.6031160 0.6703603 0.8847548 0.6336445 0.7289501 0.5841569 0.9500168 0.0000000 
