10
A          0.0000000 0.4910194 0.4815918 0.5709363 0.9468361 0.5124719 0.6412188 0.4918586 0.8611992 0.8248254 
B          0.4910194 0.0000000 0.2284200 0.3354770 0.6063568 0.2502612 0.4276347 0.2085597 0.6449968 0.5595423 
C          0.4815918 0.2284200 0.0000000 0.2785444 0.5742800 0.1945749 0.3182676 0.1727199 0.5737087 0.4961720 
D          0.5709363 0.3354770 0.2785444 0.0000000 0.6868063 0.3035039 0.4855715 0.2674258 0.6700986 0.6023966 
E          0.9468361 0.6063568 0.5742800 0.6868063 0.0000000 0.6400159 0.7887410 0.5640555 1.0030833 0.9177878 
F          0.5124719 0.2502612 0.1945749 0.3035039 0.6400159 0.0000000 0.4286317 0.2230555 0.6697653 0.5576140 
G          0.6412188 0.4276347 0.3182676 0.4855715 0.7887410 0.4286317 0.0000000 0.3410663 0.7558320 0.7098142 
H          0.4918586 0.2085597 0.1727199 0.2674258 0.5640555 0.2230555 0.3410663 0.0000000 0.5587071 0.5302348 
I          0.8611992 0.6449968 0.5737087 0.6700986 1.0030833 0.6697653 0.7558320 0.5587071 0.0000000 0.8471925 
J          0.8248254 0.5595423 0.4961720 0.6023966 0.9177878 0.5576140 0.7098142 0.5302348 0.8471925 0.0000000 
