10
A          0.0000000 0.4769533 0.4121418 0.5604336 0.7606903 0.5257058 0.6459616 0.4187252 0.7953178 0.7748213 
B          0.4769533 0.0000000 0.2053956 0.3389496 0.5265057 0.3125603 0.4076617 0.2211445 0.6122710 0.5840106 
C          0.4121418 0.2053956 0.0000000 0.3123276 0.4947730 0.2410698 0.3606971 0.1915891 0.4648027 0.5805378 
D          0.5604336 0.3389496 0.3123276 0.0000000 0.6107142 0.4111458 0.5470967 0.2901612 0.6748320 0.7386609 
E          0.7606903 0.5265057 0.4947730 0.6107142 0.0000000 0.6060468 0.7008486 0.4906611 0.7571586 0.8428970 
F          0.5257058 0.3125603 0.2410698 0.4111458 0.6060468 0.0000000 0.4615678 0.2797125 0.5881602 0.6374170 
G          0.6459616 0.4076617 0.3606971 0.5470967 0.7008486 0.4615678 0.0000000 0.4185685 0.6831771 0.8549345 
H          0.4187252 0.2211445 0.1915891 0.2901612 0.4906611 0.2797125 0.4185685 0.0000000 0.4912723 0.5806477 
I          0.7953178 0.6122710 0.4648027 0.6748320 0.7571586 0.5881602 0.6831771 0.4912723 0.0000000 0.9515956 
J          0.7748213 0.5840106 0.5805378 0.7386609 0.8428970 0.6374170 0.8549345 0.5806477 0.9515956 0.0000000 
