10
A          0.0000000 0.5437656 0.5927274 0.6615943 0.8082030 0.5683248 0.7709384 0.4920681 0.8609447 0.8044879 
B          0.5437656 0.0000000 0.2525242 0.3708857 0.5736972 0.2984390 0.4774138 0.2083358 0.6905122 0.4968496 
C          0.5927274 0.2525242 0.0000000 0.3618604 0.5395538 0.2207704 0.3329301 0.2310409 0.6033871 0.5468795 
D          0.6615943 0.3708857 0.3618604 0.0000000 0.7261006 0.4298743 0.6103432 0.2595484 0.7920586 0.6383921 
E          0.8082030 0.5736972 0.5395538 0.7261006 0.0000000 0.5516404 0.7396473 0.5318082 0.8607663 0.9271105 
F          0.5683248 0.2984390 0.2207704 0.4298743 0.5516404 0.0000000 0.3788255 0.2678109 0.5918855 0.6013337 
G          0.7709384 0.4774138 0.3329301 0.6103432 0.7396473 0.3788255 0.0000000 0.4056800 0.7704320 0.7340231 
H          0.4920681 0.2083358 0.2310409 0.2595484 0.5318082 0.2678109 0.4056800 0.0000000 0.6488665 0.4856801 
I          0.8609447 0.6905122 0.6033871 0.7920586 0.8607663 0.5918855 0.7704320 0.6488665 0.0000000 0.9066017 
J          0.8044879 0.4968496 0.5468795 0.6383921 0.9271105 0.6013337 0.7340231 0.4856801 0.9066017 0.0000000 
