10
A          0.0000000 0.5252698 0.4369924 0.5426152 0.8720352 0.4710792 0.5496635 0.4473811 0.8004836 0.8682581 
B          0.5252698 0.0000000 0.2134139 0.3312415 0.5952915 0.2369967 0.3866827 0.2065388 0.5200988 0.5982179 
C          0.4369924 0.2134139 0.0000000 0.2564081 0.5442300 0.1739819 0.3526664 0.1392330 0.5471520 0.4875684 
D          0.5426152 0.3312415 0.2564081 0.0000000 0.6288961 0.3018467 0.4195813 0.2747906 0.6242846 0.6539116 
E          0.8720352 0.5952915 0.5442300 0.6288961 0.0000000 0.5701437 0.6615709 0.5456480 0.9213821 0.9369451 
F          0.4710792 0.2369967 0.1739819 0.3018467 0.5701437 0.0000000 0.3774543 0.1689132 0.5925008 0.5769364 
G          0.5496635 0.3866827 0.3526664 0.4195813 0.6615709 0.3774543 0.0000000 0.3353216 0.6899724 0.7703509 
H          0.4473811 0.2065388 0.1392330 0.2747906 0.5456480 0.1689132 0.3353216 0.0000000 0.5575571 0.5164644 
I          0.8004836 0.5200988 0.5471520 0.6242846 0.9213821 0.5925008 0.6899724 0.5575571 0.0000000 0.9813508 
J          0.8682581 0.5982179 0.4875684 0.6539116 0.9369451 0.5769364 0.7703509 0.5164644 0.9813508 0.0000000 
