10
A          0.0000000 0.6018115 0.6227347 0.7188010 0.8503966 0.5873554 0.8896629 0.5431978 1.2649061 0.9713605 
B          0.6018115 0.0000000 0.2526651 0.4641652 0.6318867 0.2878256 0.5387020 0.2848721 0.7509256 0.6491807 
C          0.6227347 0.2526651 0.0000000 0.4326663 0.5607987 0.2426348 0.4299309 0.2863207 0.7981866 0.6529803 
D          0.7188010 0.4641652 0.4326663 0.0000000 0.8745166 0.4550834 0.5849453 0.3464784 0.9217182 0.7289006 
E          0.8503966 0.6318867 0.5607987 0.8745166 0.0000000 0.6413533 0.8387973 0.6522172 1.1965486 1.0844956 
F          0.5873554 0.2878256 0.2426348 0.4550834 0.6413533 0.0000000 0.4389362 0.2867241 0.8876181 0.6879029 
G          0.8896629 0.5387020 0.4299309 0.5849453 0.8387973 0.4389362 0.0000000 0.4570486 1.0168728 0.8811769 
H          0.5431978 0.2848721 0.2863207 0.3464784 0.6522172 0.2867241 0.4570486 0.0000000 0.7504371 0.5888432 
I          1.2649061 0.7509256 0.7981866 0.9217182 1.1965486 0.8876181 1.0168728 0.7504371 0.0000000 1.3118799 
J          0.9713605 0.6491807 0.6529803 0.7289006 1.0844956 0.6879029 0.8811769 0.5888432 1.3118799 0.0000000 
