10
A          0.0000000 0.3156049 0.2467820 0.2866100 0.7762169 0.2715007 0.5243243 0.2793819 0.3664321 0.3432954 
B          0.3156049 0.0000000 0.1978451 0.2520138 0.5928307 0.2230946 0.5071656 0.2121008 0.2832371 0.2692686 
C          0.2467820 0.1978451 0.0000000 0.1808881 0.5538612 0.1543704 0.4113916 0.1180897 0.2261639 0.2110445 
D          0.2866100 0.2520138 0.1808881 0.0000000 0.6449549 0.1920377 0.5172428 0.1979122 0.3097708 0.2530265 
E          0.7762169 0.5928307 0.5538612 0.6449549 0.0000000 0.5767738 0.9534568 0.5564079 0.6986949 0.6578029 
F          0.2715007 0.2230946 0.1543704 0.1920377 0.5767738 0.0000000 0.4395389 0.1636422 0.2616105 0.2312061 
G          0.5243243 0.5071656 0.4113916 0.5172428 0.9534568 0.4395389 0.0000000 0.4550549 0.6081497 0.5171683 
H          0.2793819 0.2121008 0.1180897 0.1979122 0.5564079 0.1636422 0.4550549 0.0000000 0.2164325 0.2281562 
I          0.3664321 0.2832371 0.2261639 0.3097708 0.6986949 0.2616105 0.6081497 0.2164325 0.0000000 0.3126688 
J          0.3432954 0.2692686 0.2110445 0.2530265 0.6578029 0.2312061 0.5171683 0.2281562 0.3126688 0.0000000 
