10
A          0.0000000 0.2946817 0.2415787 0.3065821 0.6626215 0.2639681 0.4715589 0.2351497 0.3637617 0.2708916 
B          0.2946817 0.0000000 0.1660934 0.2070352 0.5944194 0.1910551 0.4046607 0.1779277 0.2781014 0.2042074 
C          0.2415787 0.1660934 0.0000000 0.1677243 0.5270031 0.1436868 0.3420039 0.1066581 0.2019984 0.1646578 
D          0.3065821 0.2070352 0.1677243 0.0000000 0.5990760 0.1942028 0.4363777 0.1754217 0.2860900 0.2104241 
E          0.6626215 0.5944194 0.5270031 0.5990760 0.0000000 0.5455280 0.8173843 0.5310335 0.6775878 0.5690119 
F          0.2639681 0.1910551 0.1436868 0.1942028 0.5455280 0.0000000 0.3508004 0.1436535 0.2653204 0.2012097 
G          0.4715589 0.4046607 0.3420039 0.4363777 0.8173843 0.3508004 0.0000000 0.3405710 0.4737201 0.4083806 
H          0.2351497 0.1779277 0.1066581 0.1754217 0.5310335 0.1436535 0.3405710 0.0000000 0.1918035 0.1625196 
I          0.3637617 0.2781014 0.2019984 0.2860900 0.6775878 0.2653204 0.4737201 0.1918035 0.0000000 0.2910863 
J          0.2708916 0.2042074 0.1646578 0.2104241 0.5690119 0.2012097 0.4083806 0.1625196 0.2910863 0.0000000 
