10
A          0.0000000 0.3392354 0.2702727 0.3081743 0.7793278 0.2886682 0.5123325 0.2864237 0.4545814 0.3693686 
B          0.3392354 0.0000000 0.2032242 0.2437853 0.6582486 0.2203675 0.4334120 0.2083340 0.3621056 0.3111621 
C          0.2702727 0.2032242 0.0000000 0.1674749 0.5511824 0.1438582 0.3791551 0.1131928 0.2612135 0.2248033 
D          0.3081743 0.2437853 0.1674749 0.0000000 0.6018679 0.1736917 0.4249806 0.1639876 0.2911348 0.2615278 
E          0.7793278 0.6582486 0.5511824 0.6018679 0.0000000 0.6365702 0.8170412 0.5521448 0.6684004 0.6396791 
F          0.2886682 0.2203675 0.1438582 0.1736917 0.6365702 0.0000000 0.3939386 0.1405890 0.2782117 0.2317319 
G          0.5123325 0.4334120 0.3791551 0.4249806 0.8170412 0.3939386 0.0000000 0.3764189 0.4874342 0.4981598 
H          0.2864237 0.2083340 0.1131928 0.1639876 0.5521448 0.1405890 0.3764189 0.0000000 0.2464924 0.2348371 
I          0.4545814 0.3621056 0.2612135 0.2911348 0.6684004 0.2782117 0.4874342 0.2464924 0.0000000 0.3694382 
J          0.3693686 0.3111621 0.2248033 0.2615278 0.6396791 0.2317319 0.4981598 0.2348371 0.3694382 0.0000000 
