10
A          0.0000000 0.1672803 0.1616760 0.1872770 0.2932979 0.1508469 0.2658198 0.1592990 0.1958628 0.1760645 
B          0.1672803 0.0000000 0.1265494 0.1553869 0.2906137 0.1351886 0.2479926 0.1197243 0.1569570 0.1466919 
C          0.1616760 0.1265494 0.0000000 0.1087831 0.2676847 0.0872454 0.2023494 0.0838273 0.1347344 0.1119170 
D          0.1872770 0.1553869 0.1087831 0.0000000 0.2730874 0.1066483 0.2248118 0.1087873 0.1581702 0.1436237 
E          0.2932979 0.2906137 0.2676847 0.2730874 0.0000000 0.2704297 0.3134955 0.2522296 0.3114334 0.2887326 
F          0.1508469 0.1351886 0.0872454 0.1066483 0.2704297 0.0000000 0.2082013 0.0866862 0.1351032 0.1120495 
G          0.2658198 0.2479926 0.2023494 0.2248118 0.3134955 0.2082013 0.0000000 0.2074238 0.2473218 0.2465556 
H          0.1592990 0.1197243 0.0838273 0.1087873 0.2522296 0.0866862 0.2074238 0.0000000 0.1331577 0.1107309 
I          0.1958628 0.1569570 0.1347344 0.1581702 0.3114334 0.1351032 0.2473218 0.1331577 0.0000000 0.1559123 
J          0.1760645 0.1466919 0.1119170 0.1436237 0.2887326 0.1120495 0.2465556 0.1107309 0.1559123 0.0000000 
