10
A          0.0000000 0.3767999 0.3777901 0.3384716 0.7664860 0.3312483 0.6325535 0.3707990 0.4735109 0.3657553 
B          0.3767999 0.0000000 0.2824588 0.3170461 0.7793348 0.2638305 0.6106711 0.3032530 0.4174026 0.3312886 
C          0.3777901 0.2824588 0.0000000 0.2794932 0.6714527 0.2327206 0.4831665 0.1489727 0.2395571 0.2608065 
D          0.3384716 0.3170461 0.2794932 0.0000000 0.7327055 0.2060687 0.5334701 0.2838954 0.3933318 0.2925630 
E          0.7664860 0.7793348 0.6714527 0.7327055 0.0000000 0.7417631 0.8892284 0.6680875 0.7858242 0.7879781 
F          0.3312483 0.2638305 0.2327206 0.2060687 0.7417631 0.0000000 0.4919893 0.2275339 0.3110975 0.2104244 
G          0.6325535 0.6106711 0.4831665 0.5334701 0.8892284 0.4919893 0.0000000 0.4749996 0.5517935 0.5530727 
H          0.3707990 0.3032530 0.1489727 0.2838954 0.6680875 0.2275339 0.4749996 0.0000000 0.2338727 0.2807287 
I          0.4735109 0.4174026 0.2395571 0.3933318 0.7858242 0.3110975 0.5517935 0.2338727 0.0000000 0.3636838 
J          0.3657553 0.3312886 0.2608065 0.2925630 0.7879781 0.2104244 0.5530727 0.2807287 0.3636838 0.0000000 
