10
A          0.0000000 0.3159804 0.2736043 0.3360382 0.6005373 0.2602559 0.4143714 0.2935860 0.3880199 0.3006525 
B          0.3159804 0.0000000 0.1914583 0.2384538 0.5398148 0.2005278 0.3717949 0.1953370 0.2734780 0.2167371 
C          0.2736043 0.1914583 0.0000000 0.1930427 0.5151869 0.1506631 0.3212726 0.1292121 0.2227484 0.1729126 
D          0.3360382 0.2384538 0.1930427 0.0000000 0.5354386 0.1834330 0.4234020 0.1887484 0.2723504 0.2322092 
E          0.6005373 0.5398148 0.5151869 0.5354386 0.0000000 0.4795469 0.7401501 0.4702253 0.6193823 0.5295630 
F          0.2602559 0.2005278 0.1506631 0.1834330 0.4795469 0.0000000 0.3656594 0.1445144 0.2374223 0.1684761 
G          0.4143714 0.3717949 0.3212726 0.4234020 0.7401501 0.3656594 0.0000000 0.3275703 0.4762397 0.3842726 
H          0.2935860 0.1953370 0.1292121 0.1887484 0.4702253 0.1445144 0.3275703 0.0000000 0.1858509 0.1818748 
I          0.3880199 0.2734780 0.2227484 0.2723504 0.6193823 0.2374223 0.4762397 0.1858509 0.0000000 0.2582222 
J          0.3006525 0.2167371 0.1729126 0.2322092 0.5295630 0.1684761 0.3842726 0.1818748 0.2582222 0.0000000 
