10
A          0.0000000 0.3301609 0.3201934 0.3728081 0.7410981 0.3236543 0.5937293 0.3411166 0.3886222 0.3467749 
B          0.3301609 0.0000000 0.1882813 0.2032417 0.6002291 0.2023832 0.4314715 0.2117783 0.3304389 0.2223714 
C          0.3201934 0.1882813 0.0000000 0.1896159 0.5370599 0.1607935 0.3727351 0.1389597 0.2642459 0.1799461 
D          0.3728081 0.2032417 0.1896159 0.0000000 0.6045885 0.1849848 0.4483094 0.1979851 0.3121645 0.2214264 
E          0.7410981 0.6002291 0.5370599 0.6045885 0.0000000 0.5388503 0.7819489 0.5773865 0.7575623 0.5529430 
F          0.3236543 0.2023832 0.1607935 0.1849848 0.5388503 0.0000000 0.4069756 0.1690505 0.2773623 0.1801186 
G          0.5937293 0.4314715 0.3727351 0.4483094 0.7819489 0.4069756 0.0000000 0.4168398 0.4789040 0.4021119 
H          0.3411166 0.2117783 0.1389597 0.1979851 0.5773865 0.1690505 0.4168398 0.0000000 0.2426204 0.1930550 
I          0.3886222 0.3304389 0.2642459 0.3121645 0.7575623 0.2773623 0.4789040 0.2426204 0.0000000 0.3015941 
J          0.3467749 0.2223714 0.1799461 0.2214264 0.5529430 0.1801186 0.4021119 0.1930550 0.3015941 0.0000000 
