10
A          0.0000000 0.4095634 0.3066038 0.3661218 0.7999519 0.3305317 0.6603243 0.3077902 0.4541948 0.4048922 
B          0.4095634 0.0000000 0.2250500 0.2555879 0.6409050 0.2163875 0.5353054 0.2078088 0.3293488 0.2594382 
C          0.3066038 0.2250500 0.0000000 0.1823357 0.6101969 0.1560665 0.4197992 0.1215706 0.2586313 0.1974159 
D          0.3661218 0.2555879 0.1823357 0.0000000 0.6058776 0.1964513 0.4700681 0.1659080 0.2866645 0.2356413 
E          0.7999519 0.6409050 0.6101969 0.6058776 0.0000000 0.5837682 0.9351505 0.5643431 0.7424420 0.6868759 
F          0.3305317 0.2163875 0.1560665 0.1964513 0.5837682 0.0000000 0.4465100 0.1458757 0.2673167 0.2115458 
G          0.6603243 0.5353054 0.4197992 0.4700681 0.9351505 0.4465100 0.0000000 0.3986676 0.5757342 0.5302126 
H          0.3077902 0.2078088 0.1215706 0.1659080 0.5643431 0.1458757 0.3986676 0.0000000 0.2326639 0.1907359 
I          0.4541948 0.3293488 0.2586313 0.2866645 0.7424420 0.2673167 0.5757342 0.2326639 0.0000000 0.3363751 
J          0.4048922 0.2594382 0.1974159 0.2356413 0.6868759 0.2115458 0.5302126 0.1907359 0.3363751 0.0000000 
