10
A          0.0000000 0.3169414 0.2596086 0.3704529 0.6402566 0.2951523 0.5471570 0.2787989 0.4114245 0.3410501 
B          0.3169414 0.0000000 0.2121635 0.2858278 0.6170707 0.2208237 0.5105509 0.2232540 0.3571118 0.2811938 
C          0.2596086 0.2121635 0.0000000 0.1876093 0.5809595 0.1546935 0.4011985 0.1281205 0.2610703 0.1996275 
D          0.3704529 0.2858278 0.1876093 0.0000000 0.6212688 0.1785697 0.4374356 0.2006805 0.3584657 0.2261346 
E          0.6402566 0.6170707 0.5809595 0.6212688 0.0000000 0.6215584 0.8594312 0.5736470 0.6976301 0.6271175 
F          0.2951523 0.2208237 0.1546935 0.1785697 0.6215584 0.0000000 0.3932462 0.1590667 0.2890257 0.1884264 
G          0.5471570 0.5105509 0.4011985 0.4374356 0.8594312 0.3932462 0.0000000 0.4055332 0.5094335 0.4981048 
H          0.2787989 0.2232540 0.1281205 0.2006805 0.5736470 0.1590667 0.4055332 0.0000000 0.2485256 0.2127865 
I          0.4114245 0.3571118 0.2610703 0.3584657 0.6976301 0.2890257 0.5094335 0.2485256 0.0000000 0.3506986 
J          0.3410501 0.2811938 0.1996275 0.2261346 0.6271175 0.1884264 0.4981048 0.2127865 0.3506986 0.0000000 
