10
A          0.0000000 0.3070475 0.2400676 0.2815301 0.7455131 0.2804711 0.6030834 0.2230186 0.3384250 0.3164873 
B          0.3070475 0.0000000 0.1638559 0.2098644 0.6186966 0.2043566 0.4523049 0.1710492 0.2833917 0.2135769 
C          0.2400676 0.1638559 0.0000000 0.1289079 0.5584150 0.1164529 0.3643814 0.0823257 0.1968691 0.1539674 
D          0.2815301 0.2098644 0.1289079 0.0000000 0.6050971 0.1685611 0.4234716 0.1302919 0.2355161 0.1848279 
E          0.7455131 0.6186966 0.5584150 0.6050971 0.0000000 0.5754788 0.8442802 0.5475571 0.6705401 0.6146067 
F          0.2804711 0.2043566 0.1164529 0.1685611 0.5754788 0.0000000 0.4308542 0.1181726 0.2548012 0.1955933 
G          0.6030834 0.4523049 0.3643814 0.4234716 0.8442802 0.4308542 0.0000000 0.3733276 0.5151471 0.4820029 
H          0.2230186 0.1710492 0.0823257 0.1302919 0.5475571 0.1181726 0.3733276 0.0000000 0.1992323 0.1493013 
I          0.3384250 0.2833917 0.1968691 0.2355161 0.6705401 0.2548012 0.5151471 0.1992323 0.0000000 0.2875946 
J          0.3164873 0.2135769 0.1539674 0.1848279 0.6146067 0.1955933 0.4820029 0.1493013 0.2875946 0.0000000 
