10
A          0.0000000 0.2963792 0.2392892 0.3301009 0.7305976 0.2742584 0.5067600 0.2254241 0.3269549 0.3015599 
B          0.2963792 0.0000000 0.1700884 0.2385130 0.6581477 0.1892862 0.4515470 0.1694374 0.2603419 0.2459871 
C          0.2392892 0.1700884 0.0000000 0.1530149 0.6123982 0.1342256 0.3865785 0.1098850 0.2140469 0.1758639 
D          0.3301009 0.2385130 0.1530149 0.0000000 0.6635323 0.1764959 0.4274175 0.1643808 0.2739965 0.2203120 
E          0.7305976 0.6581477 0.6123982 0.6635323 0.0000000 0.6520789 0.7502261 0.6350939 0.6278314 0.6789538 
F          0.2742584 0.1892862 0.1342256 0.1764959 0.6520789 0.0000000 0.3808297 0.1285855 0.2316337 0.1903487 
G          0.5067600 0.4515470 0.3865785 0.4274175 0.7502261 0.3808297 0.0000000 0.3707000 0.4773466 0.4242049 
H          0.2254241 0.1694374 0.1098850 0.1643808 0.6350939 0.1285855 0.3707000 0.0000000 0.2069612 0.1783729 
I          0.3269549 0.2603419 0.2140469 0.2739965 0.6278314 0.2316337 0.4773466 0.2069612 0.0000000 0.2804268 
J          0.3015599 0.2459871 0.1758639 0.2203120 0.6789538 0.1903487 0.4242049 0.1783729 0.2804268 0.0000000 
