10
A          0.0000000 0.6600990 0.7950021 0.5429288 0.7674358 0.4767111 0.4411120 0.3625904 0.8057709 0.7241466 
B          0.6600990 0.0000000 0.7267398 0.5310650 0.7739062 0.4381044 0.4161624 0.3515401 0.6907052 0.6561240 
C          0.7950021 0.7267398 0.0000000 0.7617732 0.8961104 0.6200453 0.6343347 0.5795183 0.8762670 0.9615214 
D          0.5429288 0.5310650 0.7617732 0.0000000 0.7827224 0.3819139 0.4275901 0.3113825 0.5780218 0.6697901 
E          0.7674358 0.7739062 0.8961104 0.7827224 0.0000000 0.6066822 0.6245075 0.5316126 0.8031341 0.8152870 
F          0.4767111 0.4381044 0.6200453 0.3819139 0.6066822 0.0000000 0.2790940 0.2007926 0.5532096 0.4797570 
G          0.4411120 0.4161624 0.6343347 0.4275901 0.6245075 0.2790940 0.0000000 0.1937159 0.5360272 0.5401879 
H          0.3625904 0.3515401 0.5795183 0.3113825 0.5316126 0.2007926 0.1937159 0.0000000 0.4214748 0.4285776 
I          0.8057709 0.6907052 0.8762670 0.5780218 0.8031341 0.5532096 0.5360272 0.4214748 0.0000000 0.8350280 
J          0.7241466 0.6561240 0.9615214 0.6697901 0.8152870 0.4797570 0.5401879 0.4285776 0.8350280 0.0000000 
