10
A          0.0000000 0.6120522 0.9646283 0.5368152 0.8758658 0.5656009 0.4728565 0.4318450 0.7152391 0.7226850 
B          0.6120522 0.0000000 0.8465361 0.4952113 0.7735992 0.5278052 0.4047629 0.3611312 0.6871674 0.6441230 
C          0.9646283 0.8465361 0.0000000 0.8860621 0.9436167 0.8265482 0.7839274 0.6593881 1.0386656 0.9377224 
D          0.5368152 0.4952113 0.8860621 0.0000000 0.7395079 0.4485410 0.4270594 0.3052284 0.6679405 0.6695402 
E          0.8758658 0.7735992 0.9436167 0.7395079 0.0000000 0.6943596 0.6321274 0.5061975 0.8792979 0.7735610 
F          0.5656009 0.5278052 0.8265482 0.4485410 0.6943596 0.0000000 0.3906598 0.2762429 0.6465558 0.6078293 
G          0.4728565 0.4047629 0.7839274 0.4270594 0.6321274 0.3906598 0.0000000 0.2070236 0.5230530 0.5365711 
H          0.4318450 0.3611312 0.6593881 0.3052284 0.5061975 0.2762429 0.2070236 0.0000000 0.4548315 0.4295824 
I          0.7152391 0.6871674 1.0386656 0.6679405 0.8792979 0.6465558 0.5230530 0.4548315 0.0000000 0.7138239 
J          0.7226850 0.6441230 0.9377224 0.6695402 0.7735610 0.6078293 0.5365711 0.4295824 0.7138239 0.0000000 
