10
A          0.0000000 0.7066386 0.9691480 0.7458723 0.9471264 0.6676978 0.6205373 0.5977262 0.9202581 0.7634099 
B          0.7066386 0.0000000 0.8693828 0.6405816 0.7994854 0.5450455 0.4354964 0.4322489 0.7184417 0.7535244 
C          0.9691480 0.8693828 0.0000000 0.8815565 0.9785125 0.7170354 0.7710221 0.6569961 0.9317310 0.9362960 
D          0.7458723 0.6405816 0.8815565 0.0000000 0.7693102 0.4747264 0.5051571 0.3243221 0.6858433 0.7319839 
E          0.9471264 0.7994854 0.9785125 0.7693102 0.0000000 0.6879744 0.7044847 0.5922804 0.9240775 0.8073564 
F          0.6676978 0.5450455 0.7170354 0.4747264 0.6879744 0.0000000 0.3908361 0.2491674 0.6398033 0.5879066 
G          0.6205373 0.4354964 0.7710221 0.5051571 0.7044847 0.3908361 0.0000000 0.2749936 0.6379482 0.5979001 
H          0.5977262 0.4322489 0.6569961 0.3243221 0.5922804 0.2491674 0.2749936 0.0000000 0.4963171 0.4902028 
I          0.9202581 0.7184417 0.9317310 0.6858433 0.9240775 0.6398033 0.6379482 0.4963171 0.0000000 0.8848964 
J          0.7634099 0.7535244 0.9362960 0.7319839 0.8073564 0.5879066 0.5979001 0.4902028 0.8848964 0.0000000 
