10
A          0.0000000 0.6927733 1.1421604 0.5640447 0.7271285 0.5430033 0.5541208 0.4154157 0.6803978 0.7196043 
B          0.6927733 0.0000000 0.9656393 0.5305245 0.7236422 0.4550818 0.4571917 0.3572600 0.6226867 0.7396665 
C          1.1421604 0.9656393 0.0000000 0.8883300 1.3554816 0.9683683 0.7685673 0.7374841 0.9887940 1.0293447 
D          0.5640447 0.5305245 0.8883300 0.0000000 0.7838654 0.4255113 0.4144672 0.3194820 0.6953111 0.6591145 
E          0.7271285 0.7236422 1.3554816 0.7838654 0.0000000 0.6062339 0.5628074 0.5001585 0.8299894 0.8096679 
F          0.5430033 0.4550818 0.9683683 0.4255113 0.6062339 0.0000000 0.3302593 0.2436846 0.4804210 0.5314751 
G          0.5541208 0.4571917 0.7685673 0.4144672 0.5628074 0.3302593 0.0000000 0.2230202 0.4877394 0.5544237 
H          0.4154157 0.3572600 0.7374841 0.3194820 0.5001585 0.2436846 0.2230202 0.0000000 0.3978917 0.4425850 
I          0.6803978 0.6226867 0.9887940 0.6953111 0.8299894 0.4804210 0.4877394 0.3978917 0.0000000 0.7200508 
J          0.7196043 0.7396665 1.0293447 0.6591145 0.8096679 0.5314751 0.5544237 0.4425850 0.7200508 0.0000000 
