10
A          0.0000000 0.6445534 0.7785734 0.5352382 0.7750700 0.5649199 0.6179568 0.4295298 0.7455112 0.7661703 
B          0.6445534 0.0000000 0.7348987 0.5564185 0.6893252 0.4692063 0.4879784 0.3535769 0.6260795 0.6982680 
C          0.7785734 0.7348987 0.0000000 0.7473038 1.0433658 0.6002292 0.6302443 0.5804118 0.7318230 0.8826304 
D          0.5352382 0.5564185 0.7473038 0.0000000 0.7122862 0.3517932 0.4092772 0.2815059 0.5829246 0.5128738 
E          0.7750700 0.6893252 1.0433658 0.7122862 0.0000000 0.6321192 0.6544495 0.4983437 0.7210092 0.8067208 
F          0.5649199 0.4692063 0.6002292 0.3517932 0.6321192 0.0000000 0.3104911 0.1996037 0.4981054 0.4481220 
G          0.6179568 0.4879784 0.6302443 0.4092772 0.6544495 0.3104911 0.0000000 0.2183928 0.5234883 0.5022436 
H          0.4295298 0.3535769 0.5804118 0.2815059 0.4983437 0.1996037 0.2183928 0.0000000 0.3671955 0.4234400 
I          0.7455112 0.6260795 0.7318230 0.5829246 0.7210092 0.4981054 0.5234883 0.3671955 0.0000000 0.7065655 
J          0.7661703 0.6982680 0.8826304 0.5128738 0.8067208 0.4481220 0.5022436 0.4234400 0.7065655 0.0000000 
