10
A          0.0000000 0.5303234 0.9237132 0.5197521 0.8207311 0.4388380 0.4422757 0.3476594 0.6779249 0.6274144 
B          0.5303234 0.0000000 0.8561167 0.4757236 0.7455879 0.4526944 0.4068127 0.3188808 0.6264391 0.6364186 
C          0.9237132 0.8561167 0.0000000 0.8143383 0.9965031 0.7070165 0.6636965 0.6013491 0.9525090 0.9328298 
D          0.5197521 0.4757236 0.8143383 0.0000000 0.6767098 0.4143324 0.3600769 0.2962262 0.6211858 0.6007498 
E          0.8207311 0.7455879 0.9965031 0.6767098 0.0000000 0.5953105 0.6493353 0.5024695 0.8543498 0.7731318 
F          0.4388380 0.4526944 0.7070165 0.4143324 0.5953105 0.0000000 0.2981094 0.2257145 0.5088888 0.5271043 
G          0.4422757 0.4068127 0.6636965 0.3600769 0.6493353 0.2981094 0.0000000 0.2154473 0.5487764 0.5258094 
H          0.3476594 0.3188808 0.6013491 0.2962262 0.5024695 0.2257145 0.2154473 0.0000000 0.4097526 0.4419037 
I          0.6779249 0.6264391 0.9525090 0.6211858 0.8543498 0.5088888 0.5487764 0.4097526 0.0000000 0.7735203 
J          0.6274144 0.6364186 0.9328298 0.6007498 0.7731318 0.5271043 0.5258094 0.4419037 0.7735203 0.0000000 
