10
A          0.0000000 0.8301754 1.1618297 0.9429828 0.8739772 0.7612620 0.6911697 0.7314326 1.0515880 0.8790246 
B          0.8301754 0.0000000 1.1693013 0.9093614 0.8247614 0.6260360 0.4943971 0.5845914 0.9832760 0.8068434 
C          1.1618297 1.1693013 0.0000000 1.0478473 1.1953143 0.8516397 0.8850842 0.8538739 1.1035602 1.3021446 
D          0.9429828 0.9093614 1.0478473 0.0000000 0.9147543 0.4397259 0.6205518 0.3682397 0.7128535 0.8896545 
E          0.8739772 0.8247614 1.1953143 0.9147543 0.0000000 0.7226225 0.6600574 0.6740944 1.0906323 1.0175459 
F          0.7612620 0.6260360 0.8516397 0.4397259 0.7226225 0.0000000 0.4437974 0.2683635 0.6230572 0.6091587 
G          0.6911697 0.4943971 0.8850842 0.6205518 0.6600574 0.4437974 0.0000000 0.4032503 0.7224661 0.7216262 
H          0.7314326 0.5845914 0.8538739 0.3682397 0.6740944 0.2683635 0.4032503 0.0000000 0.5504730 0.6511739 
I          1.0515880 0.9832760 1.1035602 0.7128535 1.0906323 0.6230572 0.7224661 0.5504730 0.0000000 0.8356677 
J          0.8790246 0.8068434 1.3021446 0.8896545 1.0175459 0.6091587 0.7216262 0.6511739 0.8356677 0.0000000 
