10
A          0.0000000 0.6195277 0.8872644 0.5743766 0.7393842 0.5660671 0.4666205 0.3817852 0.7221958 0.7540443 
B          0.6195277 0.0000000 0.7288741 0.5146526 0.7089558 0.4576592 0.4880173 0.3400144 0.5940416 0.7190144 
C          0.8872644 0.7288741 0.0000000 0.7648744 0.8660882 0.7285585 0.6850539 0.5783985 0.9294345 1.0298720 
D          0.5743766 0.5146526 0.7648744 0.0000000 0.7110176 0.4131637 0.4097545 0.2779621 0.5803176 0.6650140 
E          0.7393842 0.7089558 0.8660882 0.7110176 0.0000000 0.6766359 0.5605876 0.4853122 0.7338046 0.7432905 
F          0.5660671 0.4576592 0.7285585 0.4131637 0.6766359 0.0000000 0.3660204 0.2385758 0.5353519 0.5863403 
G          0.4666205 0.4880173 0.6850539 0.4097545 0.5605876 0.3660204 0.0000000 0.2238267 0.5429537 0.5457536 
H          0.3817852 0.3400144 0.5783985 0.2779621 0.4853122 0.2385758 0.2238267 0.0000000 0.3982375 0.4472292 
I          0.7221958 0.5940416 0.9294345 0.5803176 0.7338046 0.5353519 0.5429537 0.3982375 0.0000000 0.7273880 
J          0.7540443 0.7190144 1.0298720 0.6650140 0.7432905 0.5863403 0.5457536 0.4472292 0.7273880 0.0000000 
