10
A          0.0000000 0.6959940 0.9181110 0.7406915 0.9894001 0.6898217 0.6177991 0.5362365 0.8490225 0.8318841 
B          0.6959940 0.0000000 0.7708347 0.5640679 0.9650717 0.5153599 0.3749834 0.3668575 0.6554289 0.6669629 
C          0.9181110 0.7708347 0.0000000 0.6655061 1.0343857 0.7397696 0.6401774 0.6321486 0.8675331 0.8185870 
D          0.7406915 0.5640679 0.6655061 0.0000000 0.8505376 0.4067324 0.4642657 0.2583847 0.6630634 0.5723199 
E          0.9894001 0.9650717 1.0343857 0.8505376 0.0000000 0.7749095 0.7319802 0.6318646 1.2465607 0.9124478 
F          0.6898217 0.5153599 0.7397696 0.4067324 0.7749095 0.0000000 0.4188125 0.2329693 0.5779577 0.5080789 
G          0.6177991 0.3749834 0.6401774 0.4642657 0.7319802 0.4188125 0.0000000 0.2772322 0.5947117 0.5006279 
H          0.5362365 0.3668575 0.6321486 0.2583847 0.6318646 0.2329693 0.2772322 0.0000000 0.4737597 0.4081104 
I          0.8490225 0.6554289 0.8675331 0.6630634 1.2465607 0.5779577 0.5947117 0.4737597 0.0000000 0.7818387 
J          0.8318841 0.6669629 0.8185870 0.5723199 0.9124478 0.5080789 0.5006279 0.4081104 0.7818387 0.0000000 
