10
A          0.0000000 0.6844740 1.0459218 0.7112903 0.9610887 0.6417146 0.6059672 0.4946867 0.8602618 0.8446950 
B          0.6844740 0.0000000 0.9044357 0.6580221 0.8244024 0.5802307 0.4470206 0.3707472 0.7667223 0.7348200 
C          1.0459218 0.9044357 0.0000000 0.7988563 1.1046420 0.8328820 0.8795927 0.6619679 0.9928270 0.8776411 
D          0.7112903 0.6580221 0.7988563 0.0000000 0.8520775 0.4672326 0.4790411 0.3429238 0.7589446 0.7261412 
E          0.9610887 0.8244024 1.1046420 0.8520775 0.0000000 0.7971386 0.7654315 0.5678726 0.9350019 0.8584811 
F          0.6417146 0.5802307 0.8328820 0.4672326 0.7971386 0.0000000 0.4561927 0.2584112 0.6133499 0.6798629 
G          0.6059672 0.4470206 0.8795927 0.4790411 0.7654315 0.4561927 0.0000000 0.2970412 0.6117397 0.6408802 
H          0.4946867 0.3707472 0.6619679 0.3429238 0.5678726 0.2584112 0.2970412 0.0000000 0.4583127 0.4649279 
I          0.8602618 0.7667223 0.9928270 0.7589446 0.9350019 0.6133499 0.6117397 0.4583127 0.0000000 0.7535254 
J          0.8446950 0.7348200 0.8776411 0.7261412 0.8584811 0.6798629 0.6408802 0.4649279 0.7535254 0.0000000 
