10
A          0.0000000 0.5745124 0.8447428 0.5973213 0.8491766 0.4803340 0.5086124 0.3888071 0.7387831 0.7278511 
B          0.5745124 0.0000000 0.7982581 0.5609403 0.7440800 0.4963670 0.3946906 0.3417235 0.7333591 0.6368364 
C          0.8447428 0.7982581 0.0000000 0.8452116 1.0461190 0.7645843 0.7181614 0.6251763 1.0131509 0.8871554 
D          0.5973213 0.5609403 0.8452116 0.0000000 0.7500347 0.4069274 0.4623949 0.2754729 0.7092818 0.6819716 
E          0.8491766 0.7440800 1.0461190 0.7500347 0.0000000 0.7001889 0.6437222 0.5317716 1.0227241 0.8114769 
F          0.4803340 0.4963670 0.7645843 0.4069274 0.7001889 0.0000000 0.3961524 0.2504657 0.6063590 0.5536943 
G          0.5086124 0.3946906 0.7181614 0.4623949 0.6437222 0.3961524 0.0000000 0.2612348 0.6628743 0.5085667 
H          0.3888071 0.3417235 0.6251763 0.2754729 0.5317716 0.2504657 0.2612348 0.0000000 0.5043479 0.4380944 
I          0.7387831 0.7333591 1.0131509 0.7092818 1.0227241 0.6063590 0.6628743 0.5043479 0.0000000 0.7806022 
J          0.7278511 0.6368364 0.8871554 0.6819716 0.8114769 0.5536943 0.5085667 0.4380944 0.7806022 0.0000000 
