10
A          0.0000000 0.6931548 0.7702561 0.7748723 0.7296859 0.5350997 0.4732016 0.4795072 0.7277865 0.8583678 
B          0.6931548 0.0000000 0.7477115 0.6407313 0.6834546 0.4110795 0.4044694 0.3674936 0.6399019 0.6825816 
C          0.7702561 0.7477115 0.0000000 0.7803398 0.9795370 0.6778101 0.6101130 0.5652307 0.8636651 0.7998087 
D          0.7748723 0.6407313 0.7803398 0.0000000 0.8162058 0.4772238 0.4694207 0.3465154 0.6188805 0.7361418 
E          0.7296859 0.6834546 0.9795370 0.8162058 0.0000000 0.5910674 0.5350732 0.5204709 0.8426116 0.8264175 
F          0.5350997 0.4110795 0.6778101 0.4772238 0.5910674 0.0000000 0.3171816 0.2291689 0.5232185 0.5545811 
G          0.4732016 0.4044694 0.6101130 0.4694207 0.5350732 0.3171816 0.0000000 0.2344999 0.4627664 0.5200870 
H          0.4795072 0.3674936 0.5652307 0.3465154 0.5204709 0.2291689 0.2344999 0.0000000 0.4232983 0.4901242 
I          0.7277865 0.6399019 0.8636651 0.6188805 0.8426116 0.5232185 0.4627664 0.4232983 0.0000000 0.6917920 
J          0.8583678 0.6825816 0.7998087 0.7361418 0.8264175 0.5545811 0.5200870 0.4901242 0.6917920 0.0000000 
