10
A          0.0000000 0.7548413 0.8735798 0.5792069 0.9301670 0.6312506 0.4966347 0.4870837 0.7437065 0.7201511 
B          0.7548413 0.0000000 0.7523994 0.4946244 0.8362931 0.4974266 0.4814803 0.3524197 0.6739731 0.6487484 
C          0.8735798 0.7523994 0.0000000 0.6615524 1.1088405 0.6476988 0.7073308 0.5470954 0.8458803 0.8407134 
D          0.5792069 0.4946244 0.6615524 0.0000000 0.6851090 0.3703492 0.3837934 0.2786753 0.5966739 0.5513652 
E          0.9301670 0.8362931 1.1088405 0.6851090 0.0000000 0.7530014 0.6664919 0.6162646 0.8177260 0.8425216 
F          0.6312506 0.4974266 0.6476988 0.3703492 0.7530014 0.0000000 0.3738669 0.2440988 0.5246434 0.5186106 
G          0.4966347 0.4814803 0.7073308 0.3837934 0.6664919 0.3738669 0.0000000 0.2412753 0.5661707 0.5421206 
H          0.4870837 0.3524197 0.5470954 0.2786753 0.6162646 0.2440988 0.2412753 0.0000000 0.4354194 0.4105837 
I          0.7437065 0.6739731 0.8458803 0.5966739 0.8177260 0.5246434 0.5661707 0.4354194 0.0000000 0.7466385 
J          0.7201511 0.6487484 0.8407134 0.5513652 0.8425216 0.5186106 0.5421206 0.4105837 0.7466385 0.0000000 
