10
A          0.0000000 0.7244320 0.8373572 0.6687957 0.9060455 0.6276176 0.5676372 0.5279421 0.7830677 0.7138976 
B          0.7244320 0.0000000 0.8236961 0.5459467 0.8001474 0.4651051 0.4299471 0.3480874 0.6656600 0.5978345 
C          0.8373572 0.8236961 0.0000000 0.7520368 1.0012591 0.8396103 0.7097628 0.6106391 0.8560548 0.8730667 
D          0.6687957 0.5459467 0.7520368 0.0000000 0.8307504 0.4784079 0.4527972 0.3371776 0.6282445 0.5678857 
E          0.9060455 0.8001474 1.0012591 0.8307504 0.0000000 0.7687310 0.7175020 0.6107075 0.8012489 0.8202598 
F          0.6276176 0.4651051 0.8396103 0.4784079 0.7687310 0.0000000 0.3821636 0.2628680 0.5530655 0.5128148 
G          0.5676372 0.4299471 0.7097628 0.4527972 0.7175020 0.3821636 0.0000000 0.2865775 0.6249239 0.4775475 
H          0.5279421 0.3480874 0.6106391 0.3371776 0.6107075 0.2628680 0.2865775 0.0000000 0.4711172 0.3896549 
I          0.7830677 0.6656600 0.8560548 0.6282445 0.8012489 0.5530655 0.6249239 0.4711172 0.0000000 0.6641007 
J          0.7138976 0.5978345 0.8730667 0.5678857 0.8202598 0.5128148 0.4775475 0.3896549 0.6641007 0.0000000 
