10
A          0.0000000 0.7418071 0.6953988 0.6278649 0.6423168 0.7444764 0.5903412 0.6271975 0.6238267 0.8034421 
B          0.7418071 0.0000000 1.0350155 0.8642723 0.9519830 1.0505643 0.8513040 0.9456410 0.9960092 1.0896229 
C          0.6953988 1.0350155 0.0000000 0.8923635 0.8527854 0.9663643 0.7321321 0.8163660 0.8301912 0.8605798 
D          0.6278649 0.8642723 0.8923635 0.0000000 0.8476381 0.9121132 0.8679047 0.8477118 0.8304073 0.8647093 
E          0.6423168 0.9519830 0.8527854 0.8476381 0.0000000 1.0113632 0.8102843 0.7890828 0.9131016 1.0402901 
F          0.7444764 1.0505643 0.9663643 0.9121132 1.0113632 0.0000000 0.8390742 0.9498702 0.9658747 0.9870252 
G          0.5903412 0.8513040 0.7321321 0.8679047 0.8102843 0.8390742 0.0000000 0.6680228 0.6865704 0.8167670 
H          0.6271975 0.9456410 0.8163660 0.8477118 0.7890828 0.9498702 0.6680228 0.0000000 0.7244777 0.9680063 
I          0.6238267 0.9960092 0.8301912 0.8304073 0.9131016 0.9658747 0.6865704 0.7244777 0.0000000 1.0631327 
J          0.8034421 1.0896229 0.8605798 0.8647093 1.0402901 0.9870252 0.8167670 0.9680063 1.0631327 0.0000000 
