10
A          0.0000000 0.8953281 0.7142639 0.7549533 0.7123734 0.9425987 0.7682640 0.7124101 0.9012734 0.9105324 
B          0.8953281 0.0000000 1.0841187 0.9229524 0.9055626 1.1747701 0.9752228 1.0199550 1.1371582 1.0951342 
C          0.7142639 1.0841187 0.0000000 0.9929560 0.8362844 1.0060519 0.7466633 1.0483329 0.9858509 1.0827981 
D          0.7549533 0.9229524 0.9929560 0.0000000 0.8819912 0.9739518 0.8408442 0.8329150 0.9846117 1.1332959 
E          0.7123734 0.9055626 0.8362844 0.8819912 0.0000000 0.9904808 0.8515610 0.9947438 0.9431536 1.0114058 
F          0.9425987 1.1747701 1.0060519 0.9739518 0.9904808 0.0000000 0.9303444 1.1441852 1.0496707 1.1375346 
G          0.7682640 0.9752228 0.7466633 0.8408442 0.8515610 0.9303444 0.0000000 0.7334929 0.8152471 0.8143955 
H          0.7124101 1.0199550 1.0483329 0.8329150 0.9947438 1.1441852 0.7334929 0.0000000 1.0068097 0.9901916 
I          0.9012734 1.1371582 0.9858509 0.9846117 0.9431536 1.0496707 0.8152471 1.0068097 0.0000000 1.0580307 
J          0.9105324 1.0951342 1.0827981 1.1332959 1.0114058 1.1375346 0.8143955 0.9901916 1.0580307 0.0000000 
