10
A          0.0000000 0.6884605 0.6027099 0.6380088 0.5925316 0.6918919 0.5509367 0.4878883 0.6352385 0.7657948 
B          0.6884605 0.0000000 0.9731438 0.8073828 0.8686044 0.9675761 0.7984416 0.7290279 0.8403287 1.0642099 
C          0.6027099 0.9731438 0.0000000 0.7639597 0.8124134 0.8572280 0.7336489 0.7797945 0.6980205 0.8745415 
D          0.6380088 0.8073828 0.7639597 0.0000000 0.8430643 0.8505639 0.7692750 0.7268473 0.8178433 0.9008609 
E          0.5925316 0.8686044 0.8124134 0.8430643 0.0000000 0.8994820 0.7711872 0.6399307 0.8050909 0.9299971 
F          0.6918919 0.9675761 0.8572280 0.8505639 0.8994820 0.0000000 0.8503920 0.8065565 0.9023946 0.9756234 
G          0.5509367 0.7984416 0.7336489 0.7692750 0.7711872 0.8503920 0.0000000 0.6209135 0.6570071 0.8637581 
H          0.4878883 0.7290279 0.7797945 0.7268473 0.6399307 0.8065565 0.6209135 0.0000000 0.7196031 0.8450155 
I          0.6352385 0.8403287 0.6980205 0.8178433 0.8050909 0.9023946 0.6570071 0.7196031 0.0000000 0.9448898 
J          0.7657948 1.0642099 0.8745415 0.9008609 0.9299971 0.9756234 0.8637581 0.8450155 0.9448898 0.0000000 
