10
A          0.0000000 0.6590263 0.5616352 0.5983222 0.5693207 0.7602432 0.5959113 0.6733633 0.7010230 0.7003333 
B          0.6590263 0.0000000 0.7393726 0.7873653 0.7651994 1.0010453 0.7358371 0.8569175 0.8340543 0.7433825 
C          0.5616352 0.7393726 0.0000000 0.7731168 0.7386491 0.9033999 0.6796870 0.8093409 0.7877323 0.8269750 
D          0.5983222 0.7873653 0.7731168 0.0000000 0.7789998 0.8354253 0.7774594 0.8740774 0.8627412 0.7920953 
E          0.5693207 0.7651994 0.7386491 0.7789998 0.0000000 0.9777877 0.7757243 0.8668289 0.9148452 0.8585925 
F          0.7602432 1.0010453 0.9033999 0.8354253 0.9777877 0.0000000 0.8664120 0.9032880 1.0377346 1.0674873 
G          0.5959113 0.7358371 0.6796870 0.7774594 0.7757243 0.8664120 0.0000000 0.7273920 0.6671974 0.6043751 
H          0.6733633 0.8569175 0.8093409 0.8740774 0.8668289 0.9032880 0.7273920 0.0000000 0.8378514 0.7568043 
I          0.7010230 0.8340543 0.7877323 0.8627412 0.9148452 1.0377346 0.6671974 0.8378514 0.0000000 0.8063471 
J          0.7003333 0.7433825 0.8269750 0.7920953 0.8585925 1.0674873 0.6043751 0.7568043 0.8063471 0.0000000 
