10
A          0.0000000 0.6932155 0.6396200 0.6526010 0.6679943 0.6789005 0.5074340 0.5562623 0.6135939 0.6804092 
B          0.6932155 0.0000000 0.9401857 0.9365700 0.8862758 1.0396892 0.7820375 0.8319929 0.7927813 0.9461823 
C          0.6396200 0.9401857 0.0000000 0.8300208 0.8955434 1.0262265 0.7724496 0.7935813 0.8531167 0.9296115 
D          0.6526010 0.9365700 0.8300208 0.0000000 0.7349470 0.9418318 0.7007271 0.6747078 0.7682765 0.8237652 
E          0.6679943 0.8862758 0.8955434 0.7349470 0.0000000 0.8422565 0.6758022 0.6704455 0.8028846 0.8462961 
F          0.6789005 1.0396892 1.0262265 0.9418318 0.8422565 0.0000000 0.6801193 0.7335955 0.8360417 0.8892849 
G          0.5074340 0.7820375 0.7724496 0.7007271 0.6758022 0.6801193 0.0000000 0.5631061 0.5939522 0.5718449 
H          0.5562623 0.8319929 0.7935813 0.6747078 0.6704455 0.7335955 0.5631061 0.0000000 0.6885744 0.7849378 
I          0.6135939 0.7927813 0.8531167 0.7682765 0.8028846 0.8360417 0.5939522 0.6885744 0.0000000 0.6911472 
J          0.6804092 0.9461823 0.9296115 0.8237652 0.8462961 0.8892849 0.5718449 0.7849378 0.6911472 0.0000000 
