10
A          0.0000000 0.6040299 0.5350846 0.5244373 0.5906718 0.6706197 0.4610283 0.5321582 0.6290899 0.6452740 
B          0.6040299 0.0000000 0.7183640 0.7544639 0.7375236 0.7698971 0.6465527 0.7263109 0.7455116 0.8773241 
C          0.5350846 0.7183640 0.0000000 0.6630174 0.6394491 0.7880045 0.5413389 0.6002513 0.7759630 0.7658824 
D          0.5244373 0.7544639 0.6630174 0.0000000 0.7998460 0.6953740 0.6537398 0.7633396 0.7183173 0.9663219 
E          0.5906718 0.7375236 0.6394491 0.7998460 0.0000000 0.7813565 0.6768114 0.7535262 0.7593583 0.9190749 
F          0.6706197 0.7698971 0.7880045 0.6953740 0.7813565 0.0000000 0.6735360 0.8018585 0.8437665 0.8733327 
G          0.4610283 0.6465527 0.5413389 0.6537398 0.6768114 0.6735360 0.0000000 0.6189299 0.6654152 0.7292340 
H          0.5321582 0.7263109 0.6002513 0.7633396 0.7535262 0.8018585 0.6189299 0.0000000 0.8103696 0.8347424 
I          0.6290899 0.7455116 0.7759630 0.7183173 0.7593583 0.8437665 0.6654152 0.8103696 0.0000000 0.7984630 
J          0.6452740 0.8773241 0.7658824 0.9663219 0.9190749 0.8733327 0.7292340 0.8347424 0.7984630 0.0000000 
