10
A          0.0000000 0.5778345 0.5964511 0.6143546 0.6077661 0.6964323 0.4753646 0.5198354 0.5817873 0.6591114 
B          0.5778345 0.0000000 0.8098145 0.8103156 0.7540620 0.9388956 0.6740839 0.7681127 0.8047365 0.9534078 
C          0.5964511 0.8098145 0.0000000 0.8135465 0.7818555 0.7042306 0.6854335 0.7587081 0.7835472 0.8471777 
D          0.6143546 0.8103156 0.8135465 0.0000000 0.8221011 0.8503961 0.6820243 0.7053566 0.7763231 0.8015686 
E          0.6077661 0.7540620 0.7818555 0.8221011 0.0000000 0.8712921 0.6861554 0.8112628 0.7413880 0.9601986 
F          0.6964323 0.9388956 0.7042306 0.8503961 0.8712921 0.0000000 0.8172958 0.8685779 0.8615996 0.9674153 
G          0.4753646 0.6740839 0.6854335 0.6820243 0.6861554 0.8172958 0.0000000 0.5903385 0.6467933 0.8265579 
H          0.5198354 0.7681127 0.7587081 0.7053566 0.8112628 0.8685779 0.5903385 0.0000000 0.6889942 0.9056198 
I          0.5817873 0.8047365 0.7835472 0.7763231 0.7413880 0.8615996 0.6467933 0.6889942 0.0000000 0.7530040 
J          0.6591114 0.9534078 0.8471777 0.8015686 0.9601986 0.9674153 0.8265579 0.9056198 0.7530040 0.0000000 
