10
A          0.0000000 0.7229148 0.7432617 0.7877453 0.7000953 0.8094533 0.6098525 0.6360616 0.8120679 0.9636565 
B          0.7229148 0.0000000 0.8819026 0.9959095 1.0416182 1.0081474 0.7688542 0.8989550 1.0256360 1.1190466 
C          0.7432617 0.8819026 0.0000000 0.9203267 0.9715346 0.9082038 0.7739105 0.8438826 0.8754848 1.1919687 
D          0.7877453 0.9959095 0.9203267 0.0000000 0.9137791 1.0608070 0.9127634 0.9120683 0.9698438 1.1555397 
E          0.7000953 1.0416182 0.9715346 0.9137791 0.0000000 1.0018942 0.8591044 0.8009387 0.8934380 1.0067620 
F          0.8094533 1.0081474 0.9082038 1.0608070 1.0018942 0.0000000 0.8943009 0.7437808 0.9116756 1.2004181 
G          0.6098525 0.7688542 0.7739105 0.9127634 0.8591044 0.8943009 0.0000000 0.7680172 0.7056968 0.7429256 
H          0.6360616 0.8989550 0.8438826 0.9120683 0.8009387 0.7437808 0.7680172 0.0000000 0.7516774 0.9882191 
I          0.8120679 1.0256360 0.8754848 0.9698438 0.8934380 0.9116756 0.7056968 0.7516774 0.0000000 0.9687003 
J          0.9636565 1.1190466 1.1919687 1.1555397 1.0067620 1.2004181 0.7429256 0.9882191 0.9687003 0.0000000 
