10
A          0.0000000 0.5758747 0.6133441 0.5459205 0.6273592 0.6975969 0.5205633 0.5006072 0.6846517 0.7260420 
B          0.5758747 0.0000000 0.8313762 0.7732545 0.8741319 1.0041998 0.7678339 0.7341416 0.8231099 0.9154196 
C          0.6133441 0.8313762 0.0000000 0.7949426 0.9536982 0.9044498 0.8112472 0.7280228 0.8061225 0.8685289 
D          0.5459205 0.7732545 0.7949426 0.0000000 0.8784307 0.9313497 0.6292310 0.6717325 0.7270466 0.9091140 
E          0.6273592 0.8741319 0.9536982 0.8784307 0.0000000 0.9820614 0.7228995 0.7343463 0.8687676 0.9257821 
F          0.6975969 1.0041998 0.9044498 0.9313497 0.9820614 0.0000000 0.8019196 0.7809367 0.9832200 1.0136974 
G          0.5205633 0.7678339 0.8112472 0.6292310 0.7228995 0.8019196 0.0000000 0.5999828 0.7485220 0.7913583 
H          0.5006072 0.7341416 0.7280228 0.6717325 0.7343463 0.7809367 0.5999828 0.0000000 0.7527114 0.7147902 
I          0.6846517 0.8231099 0.8061225 0.7270466 0.8687676 0.9832200 0.7485220 0.7527114 0.0000000 0.8339042 
J          0.7260420 0.9154196 0.8685289 0.9091140 0.9257821 1.0136974 0.7913583 0.7147902 0.8339042 0.0000000 
