10
A          0.0000000 0.6134131 0.5396649 0.6200591 0.5872325 0.6363673 0.5010439 0.5324902 0.5175975 0.7039914 
B          0.6134131 0.0000000 0.8009853 0.7043340 0.7816617 0.8056149 0.6668405 0.7345699 0.7391540 0.8001901 
C          0.5396649 0.8009853 0.0000000 0.8490666 0.7513565 0.8958153 0.6290834 0.7114941 0.7579685 0.8753895 
D          0.6200591 0.7043340 0.8490666 0.0000000 0.7925097 0.9816942 0.6327435 0.7012814 0.6754432 0.9615159 
E          0.5872325 0.7816617 0.7513565 0.7925097 0.0000000 0.8432969 0.6423679 0.7255824 0.6440685 0.8881606 
F          0.6363673 0.8056149 0.8958153 0.9816942 0.8432969 0.0000000 0.7910600 0.8632491 0.8008132 1.0230977 
G          0.5010439 0.6668405 0.6290834 0.6327435 0.6423679 0.7910600 0.0000000 0.5894034 0.5605859 0.6623913 
H          0.5324902 0.7345699 0.7114941 0.7012814 0.7255824 0.8632491 0.5894034 0.0000000 0.6495178 0.7422161 
I          0.5175975 0.7391540 0.7579685 0.6754432 0.6440685 0.8008132 0.5605859 0.6495178 0.0000000 0.8234699 
J          0.7039914 0.8001901 0.8753895 0.9615159 0.8881606 1.0230977 0.6623913 0.7422161 0.8234699 0.0000000 
