10
A          0.0000000 0.7464283 0.6605378 0.7566911 0.7442899 0.8537035 0.5588752 0.6508780 0.8114381 0.9074733 
B          0.7464283 0.0000000 0.8999843 1.0695903 0.9862927 0.9863792 0.8819200 0.8301412 0.9453894 1.1059937 
C          0.6605378 0.8999843 0.0000000 0.8307065 0.7191358 0.9059278 0.6832092 0.7200987 0.8630700 0.9376296 
D          0.7566911 1.0695903 0.8307065 0.0000000 0.8075448 1.0841722 0.7322446 0.8371550 0.9206915 1.0783478 
E          0.7442899 0.9862927 0.7191358 0.8075448 0.0000000 0.9839404 0.7427266 0.7686530 0.9487832 0.9810772 
F          0.8537035 0.9863792 0.9059278 1.0841722 0.9839404 0.0000000 0.9096016 0.9023746 1.0259045 1.1801739 
G          0.5588752 0.8819200 0.6832092 0.7322446 0.7427266 0.9096016 0.0000000 0.6194999 0.7542241 0.8671740 
H          0.6508780 0.8301412 0.7200987 0.8371550 0.7686530 0.9023746 0.6194999 0.0000000 0.8589033 1.0166668 
I          0.8114381 0.9453894 0.8630700 0.9206915 0.9487832 1.0259045 0.7542241 0.8589033 0.0000000 1.0684374 
J          0.9074733 1.1059937 0.9376296 1.0783478 0.9810772 1.1801739 0.8671740 1.0166668 1.0684374 0.0000000 
