10
A          0.0000000 0.6481889 0.5964873 0.6341698 0.5655827 0.7497956 0.5485678 0.5441543 0.5819537 0.8651954 
B          0.6481889 0.0000000 0.7823726 0.8327281 0.7409554 1.0398928 0.7459067 0.8233661 0.7619943 0.9157446 
C          0.5964873 0.7823726 0.0000000 0.7944110 0.6831834 1.0269016 0.7127394 0.8472849 0.7160204 0.9385525 
D          0.6341698 0.8327281 0.7944110 0.0000000 0.7629835 0.9060641 0.7116787 0.7442045 0.7369674 1.0752432 
E          0.5655827 0.7409554 0.6831834 0.7629835 0.0000000 0.8930167 0.6030486 0.7965909 0.7722918 0.8561026 
F          0.7497956 1.0398928 1.0269016 0.9060641 0.8930167 0.0000000 0.9011309 0.9903762 0.9230002 1.1502185 
G          0.5485678 0.7459067 0.7127394 0.7116787 0.6030486 0.9011309 0.0000000 0.7036245 0.6715407 0.8593139 
H          0.5441543 0.8233661 0.8472849 0.7442045 0.7965909 0.9903762 0.7036245 0.0000000 0.7169760 0.9776552 
I          0.5819537 0.7619943 0.7160204 0.7369674 0.7722918 0.9230002 0.6715407 0.7169760 0.0000000 0.8791764 
J          0.8651954 0.9157446 0.9385525 1.0752432 0.8561026 1.1502185 0.8593139 0.9776552 0.8791764 0.0000000 
