10
A          0.0000000 0.8805222 0.7993070 0.7115085 0.7271575 0.9491159 0.5955089 0.7497459 0.8622216 1.0035306 
B          0.8805222 0.0000000 1.0906295 0.9702148 1.0600044 1.1580810 0.8379286 1.0545626 1.0591591 1.2483533 
C          0.7993070 1.0906295 0.0000000 0.8976782 0.8721586 1.2252862 0.7240367 0.9810072 1.0715735 1.3544230 
D          0.7115085 0.9702148 0.8976782 0.0000000 0.8447547 0.9944150 0.6865002 0.8560401 0.9043156 1.2013750 
E          0.7271575 1.0600044 0.8721586 0.8447547 0.0000000 1.0086675 0.7025856 0.9921757 0.8563489 1.1755814 
F          0.9491159 1.1580810 1.2252862 0.9944150 1.0086675 0.0000000 0.8977052 1.1445422 1.0622065 1.4563579 
G          0.5955089 0.8379286 0.7240367 0.6865002 0.7025856 0.8977052 0.0000000 0.7308705 0.8000750 0.9993778 
H          0.7497459 1.0545626 0.9810072 0.8560401 0.9921757 1.1445422 0.7308705 0.0000000 0.9526185 1.0333025 
I          0.8622216 1.0591591 1.0715735 0.9043156 0.8563489 1.0622065 0.8000750 0.9526185 0.0000000 1.1291542 
J          1.0035306 1.2483533 1.3544230 1.2013750 1.1755814 1.4563579 0.9993778 1.0333025 1.1291542 0.0000000 
