10
A          0.0000000 0.5821616 0.5260391 0.6275647 0.6715781 0.6828729 0.4629392 0.5976322 0.6418128 0.7423754 
B          0.5821616 0.0000000 0.6791322 0.7901249 0.8576257 0.8488213 0.6536158 0.7225137 0.8176639 0.8934713 
C          0.5260391 0.6791322 0.0000000 0.6678612 0.7480134 0.7170793 0.6371321 0.6660047 0.7410162 0.8128660 
D          0.6275647 0.7901249 0.6678612 0.0000000 0.8660976 0.8194762 0.7509567 0.8223284 0.7791295 0.8912171 
E          0.6715781 0.8576257 0.7480134 0.8660976 0.0000000 0.8495696 0.7181072 0.8453361 0.8855233 0.9105179 
F          0.6828729 0.8488213 0.7170793 0.8194762 0.8495696 0.0000000 0.6850535 0.9243100 0.7547861 0.9707846 
G          0.4629392 0.6536158 0.6371321 0.7509567 0.7181072 0.6850535 0.0000000 0.6323576 0.6315959 0.8129495 
H          0.5976322 0.7225137 0.6660047 0.8223284 0.8453361 0.9243100 0.6323576 0.0000000 0.8103877 0.8746214 
I          0.6418128 0.8176639 0.7410162 0.7791295 0.8855233 0.7547861 0.6315959 0.8103877 0.0000000 0.8726760 
J          0.7423754 0.8934713 0.8128660 0.8912171 0.9105179 0.9707846 0.8129495 0.8746214 0.8726760 0.0000000 
