10
A          0.0000000 0.4920693 0.5823033 0.5337978 0.2805179 0.6027698 0.5518726 0.5207084 0.5646398 0.2941771 
B          0.4920693 0.0000000 0.7565414 0.7236734 0.4972834 0.7568489 0.7639690 0.7400418 0.7572200 0.4895716 
C          0.5823033 0.7565414 0.0000000 0.9052182 0.6173189 0.9186086 0.8431465 0.7859151 0.8829832 0.5954093 
D          0.5337978 0.7236734 0.9052182 0.0000000 0.5377818 0.7828210 0.8367243 0.8715541 0.8254186 0.5608712 
E          0.2805179 0.4972834 0.6173189 0.5377818 0.0000000 0.6483853 0.5670375 0.5680640 0.5663870 0.3293534 
F          0.6027698 0.7568489 0.9186086 0.7828210 0.6483853 0.0000000 0.8379071 0.8019410 0.8973642 0.6058606 
G          0.5518726 0.7639690 0.8431465 0.8367243 0.5670375 0.8379071 0.0000000 0.8143380 0.9025684 0.5509386 
H          0.5207084 0.7400418 0.7859151 0.8715541 0.5680640 0.8019410 0.8143380 0.0000000 0.7932068 0.5855375 
I          0.5646398 0.7572200 0.8829832 0.8254186 0.5663870 0.8973642 0.9025684 0.7932068 0.0000000 0.5928828 
J          0.2941771 0.4895716 0.5954093 0.5608712 0.3293534 0.6058606 0.5509386 0.5855375 0.5928828 0.0000000 
