10
A          0.0000000 0.5603461 0.6267027 0.5137642 0.3643862 0.6253610 0.6699021 0.5276798 0.6169948 0.3304637 
B          0.5603461 0.0000000 0.8379079 0.7380393 0.5526124 0.8393488 0.8410179 0.7953081 0.8431496 0.6267718 
C          0.6267027 0.8379079 0.0000000 0.8180665 0.5851471 0.8805231 0.9266612 0.9052438 0.9333289 0.6518034 
D          0.5137642 0.7380393 0.8180665 0.0000000 0.4989975 0.7601834 0.7751500 0.6858669 0.8220090 0.5680823 
E          0.3643862 0.5526124 0.5851471 0.4989975 0.0000000 0.5916696 0.6627197 0.6127363 0.6087786 0.4340300 
F          0.6253610 0.8393488 0.8805231 0.7601834 0.5916696 0.0000000 0.7968103 0.8460000 0.9195157 0.6650617 
G          0.6699021 0.8410179 0.9266612 0.7751500 0.6627197 0.7968103 0.0000000 0.8874156 1.0003015 0.6687070 
H          0.5276798 0.7953081 0.9052438 0.6858669 0.6127363 0.8460000 0.8874156 0.0000000 0.8190692 0.5938095 
I          0.6169948 0.8431496 0.9333289 0.8220090 0.6087786 0.9195157 1.0003015 0.8190692 0.0000000 0.6629211 
J          0.3304637 0.6267718 0.6518034 0.5680823 0.4340300 0.6650617 0.6687070 0.5938095 0.6629211 0.0000000 
