10
A          0.0000000 0.4986587 0.6064146 0.5504684 0.4017258 0.7477711 0.7074854 0.6480322 0.6877010 0.3507509 
B          0.4986587 0.0000000 0.7765925 0.7833805 0.5583208 0.8745868 0.7597573 0.8291321 0.8794551 0.5354347 
C          0.6064146 0.7765925 0.0000000 0.7245180 0.6670125 0.9090912 0.7902847 0.8740756 0.9713817 0.5656202 
D          0.5504684 0.7833805 0.7245180 0.0000000 0.5981474 0.9901471 0.9806963 0.8210634 0.9605406 0.5229323 
E          0.4017258 0.5583208 0.6670125 0.5981474 0.0000000 0.7198126 0.7545097 0.7088245 0.7466096 0.3593271 
F          0.7477711 0.8745868 0.9090912 0.9901471 0.7198126 0.0000000 1.1723313 0.8942987 1.1369721 0.6717381 
G          0.7074854 0.7597573 0.7902847 0.9806963 0.7545097 1.1723313 0.0000000 0.9023872 1.1045350 0.6557909 
H          0.6480322 0.8291321 0.8740756 0.8210634 0.7088245 0.8942987 0.9023872 0.0000000 0.9190256 0.5675545 
I          0.6877010 0.8794551 0.9713817 0.9605406 0.7466096 1.1369721 1.1045350 0.9190256 0.0000000 0.6577951 
J          0.3507509 0.5354347 0.5656202 0.5229323 0.3593271 0.6717381 0.6557909 0.5675545 0.6577951 0.0000000 
