10
A          0.0000000 0.5632433 0.6201449 0.6242284 0.3632330 0.8312321 0.6345973 0.6913763 0.6070780 0.3927326 
B          0.5632433 0.0000000 0.8975396 0.8114656 0.5845874 0.8782490 0.8935180 0.8887447 0.8113218 0.6212653 
C          0.6201449 0.8975396 0.0000000 1.0071264 0.6314788 1.0831881 0.9234341 0.9694511 0.9098425 0.6946825 
D          0.6242284 0.8114656 1.0071264 0.0000000 0.6086422 1.0368347 0.9631772 0.7856721 0.7839045 0.6089311 
E          0.3632330 0.5845874 0.6314788 0.6086422 0.0000000 0.7735449 0.6399055 0.6586832 0.6595899 0.3564089 
F          0.8312321 0.8782490 1.0831881 1.0368347 0.7735449 0.0000000 1.1325377 1.0261020 0.9886125 0.8114271 
G          0.6345973 0.8935180 0.9234341 0.9631772 0.6399055 1.1325377 0.0000000 0.9602949 0.8879536 0.7325396 
H          0.6913763 0.8887447 0.9694511 0.7856721 0.6586832 1.0261020 0.9602949 0.0000000 0.9215287 0.6328154 
I          0.6070780 0.8113218 0.9098425 0.7839045 0.6595899 0.9886125 0.8879536 0.9215287 0.0000000 0.5753795 
J          0.3927326 0.6212653 0.6946825 0.6089311 0.3564089 0.8114271 0.7325396 0.6328154 0.5753795 0.0000000 
