10
A          0.0000000 0.6936789 0.7440612 0.6636215 0.5770003 0.7207330 0.6401205 0.4979983 0.6635408 0.3643473 
B          0.6936789 0.0000000 0.8341462 0.6487639 0.5528095 0.8900058 0.8130754 0.7947991 0.8630920 0.5774678 
C          0.7440612 0.8341462 0.0000000 0.8342873 0.5600604 0.9135473 0.8987437 0.9217733 1.0731861 0.7329202 
D          0.6636215 0.6487639 0.8342873 0.0000000 0.5886508 0.9030279 0.8173259 0.8573366 0.9305789 0.6714818 
E          0.5770003 0.5528095 0.5600604 0.5886508 0.0000000 0.7422451 0.7695690 0.7685265 0.8758839 0.5284996 
F          0.7207330 0.8900058 0.9135473 0.9030279 0.7422451 0.0000000 0.8164130 0.9025967 0.9993998 0.6947537 
G          0.6401205 0.8130754 0.8987437 0.8173259 0.7695690 0.8164130 0.0000000 0.7196633 0.8605720 0.5863172 
H          0.4979983 0.7947991 0.9217733 0.8573366 0.7685265 0.9025967 0.7196633 0.0000000 0.8800700 0.5693605 
I          0.6635408 0.8630920 1.0731861 0.9305789 0.8758839 0.9993998 0.8605720 0.8800700 0.0000000 0.5760565 
J          0.3643473 0.5774678 0.7329202 0.6714818 0.5284996 0.6947537 0.5863172 0.5693605 0.5760565 0.0000000 
