10
A          0.0000000 0.5495975 0.5963386 0.5975034 0.3624991 0.6929182 0.5522668 0.5723371 0.6039768 0.3542151 
B          0.5495975 0.0000000 0.7310773 0.7147528 0.5573922 0.9039449 0.7444898 0.7346286 0.7719410 0.4615061 
C          0.5963386 0.7310773 0.0000000 0.8175806 0.6555633 0.8897207 0.7880943 0.7848242 0.8880344 0.6148959 
D          0.5975034 0.7147528 0.8175806 0.0000000 0.6516433 0.9689819 0.7733397 0.9218799 0.9076059 0.5787482 
E          0.3624991 0.5573922 0.6555633 0.6516433 0.0000000 0.7142585 0.5931929 0.5858950 0.6721553 0.3631018 
F          0.6929182 0.9039449 0.8897207 0.9689819 0.7142585 0.0000000 1.0062302 0.9573695 1.0139037 0.5996660 
G          0.5522668 0.7444898 0.7880943 0.7733397 0.5931929 1.0062302 0.0000000 0.8461845 0.8448699 0.5836995 
H          0.5723371 0.7346286 0.7848242 0.9218799 0.5858950 0.9573695 0.8461845 0.0000000 0.8705216 0.5798338 
I          0.6039768 0.7719410 0.8880344 0.9076059 0.6721553 1.0139037 0.8448699 0.8705216 0.0000000 0.6423180 
J          0.3542151 0.4615061 0.6148959 0.5787482 0.3631018 0.5996660 0.5836995 0.5798338 0.6423180 0.0000000 
