10
A          0.0000000 0.5526406 0.5641775 0.5850864 0.3168762 0.6884846 0.5435952 0.5351156 0.4685536 0.3175628 
B          0.5526406 0.0000000 0.7908297 0.8247281 0.5048976 0.7920514 0.7672681 0.6979736 0.7174312 0.5303889 
C          0.5641775 0.7908297 0.0000000 0.8505602 0.6324230 0.9439348 0.9043056 0.9350974 0.7540868 0.5914645 
D          0.5850864 0.8247281 0.8505602 0.0000000 0.6235078 0.9291388 0.8826587 0.7942693 0.7620277 0.5361684 
E          0.3168762 0.5048976 0.6324230 0.6235078 0.0000000 0.6494455 0.6277131 0.5348004 0.4790393 0.3224095 
F          0.6884846 0.7920514 0.9439348 0.9291388 0.6494455 0.0000000 0.9360802 0.7751328 0.8868689 0.6371786 
G          0.5435952 0.7672681 0.9043056 0.8826587 0.6277131 0.9360802 0.0000000 0.7835012 0.7533665 0.5825425 
H          0.5351156 0.6979736 0.9350974 0.7942693 0.5348004 0.7751328 0.7835012 0.0000000 0.5779575 0.5588762 
I          0.4685536 0.7174312 0.7540868 0.7620277 0.4790393 0.8868689 0.7533665 0.5779575 0.0000000 0.4887095 
J          0.3175628 0.5303889 0.5914645 0.5361684 0.3224095 0.6371786 0.5825425 0.5588762 0.4887095 0.0000000 
