10
A          0.0000000 0.4834421 0.6001431 0.5374618 0.6875851 0.4028088 0.6544886 0.8580865 0.8004890 0.8439733 
B          0.4834421 0.0000000 0.4496246 0.2863341 0.5787551 0.1700888 0.4536671 0.6375191 0.5129951 0.5870846 
C          0.6001431 0.4496246 0.0000000 0.4728242 0.7651676 0.3440159 0.6689280 0.7559106 0.6817202 0.7565566 
D          0.5374618 0.2863341 0.4728242 0.0000000 0.6495504 0.2286672 0.5141833 0.6700661 0.5628194 0.6407744 
E          0.6875851 0.5787551 0.7651676 0.6495504 0.0000000 0.5171910 0.8524895 1.0008301 0.7745712 0.9516562 
F          0.4028088 0.1700888 0.3440159 0.2286672 0.5171910 0.0000000 0.3680574 0.5515518 0.4424134 0.5203999 
G          0.6544886 0.4536671 0.6689280 0.5141833 0.8524895 0.3680574 0.0000000 0.8773553 0.7172585 0.8250025 
H          0.8580865 0.6375191 0.7559106 0.6700661 1.0008301 0.5515518 0.8773553 0.0000000 0.9031179 0.9403952 
I          0.8004890 0.5129951 0.6817202 0.5628194 0.7745712 0.4424134 0.7172585 0.9031179 0.0000000 0.8327438 
J          0.8439733 0.5870846 0.7565566 0.6407744 0.9516562 0.5203999 0.8250025 0.9403952 0.8327438 0.0000000 
