10
A          0.0000000 0.5161029 0.6359414 0.5672063 0.7556833 0.4285460 0.6245917 1.2092118 0.6992928 0.9565261 
B          0.5161029 0.0000000 0.5130967 0.3646989 0.6108413 0.2209865 0.4648440 0.8533508 0.5106335 0.7532259 
C          0.6359414 0.5130967 0.0000000 0.5654848 0.8062473 0.4007177 0.6074465 0.8707911 0.7336215 1.0667476 
D          0.5672063 0.3646989 0.5654848 0.0000000 0.6067583 0.2542975 0.5390626 0.9042564 0.5929089 0.9107583 
E          0.7556833 0.6108413 0.8062473 0.6067583 0.0000000 0.4825000 0.7763792 1.0576204 0.8121485 0.9572318 
F          0.4285460 0.2209865 0.4007177 0.2542975 0.4825000 0.0000000 0.3770049 0.7830619 0.4607268 0.6854020 
G          0.6245917 0.4648440 0.6074465 0.5390626 0.7763792 0.3770049 0.0000000 1.0699410 0.7559625 0.9906382 
H          1.2092118 0.8533508 0.8707911 0.9042564 1.0576204 0.7830619 1.0699410 0.0000000 1.0133219 1.3650131 
I          0.6992928 0.5106335 0.7336215 0.5929089 0.8121485 0.4607268 0.7559625 1.0133219 0.0000000 1.0182757 
J          0.9565261 0.7532259 1.0667476 0.9107583 0.9572318 0.6854020 0.9906382 1.3650131 1.0182757 0.0000000 
