10
A          0.0000000 0.5672306 0.7576563 0.8518271 0.8873293 0.5958957 1.0735349 1.2683547 0.7983797 1.0019055 
B          0.5672306 0.0000000 0.4535240 0.4102326 0.6015071 0.2321602 0.5654490 0.8095361 0.5046616 0.5914545 
C          0.7576563 0.4535240 0.0000000 0.5548274 0.8478589 0.3858061 0.8203030 0.9970541 0.6845896 0.8760368 
D          0.8518271 0.4102326 0.5548274 0.0000000 0.8881446 0.2894516 0.6516692 0.7969744 0.6586876 0.7638868 
E          0.8873293 0.6015071 0.8478589 0.8881446 0.0000000 0.6611858 1.0154347 1.4162142 0.8114638 0.9767785 
F          0.5958957 0.2321602 0.3858061 0.2894516 0.6611858 0.0000000 0.5589499 0.7341345 0.5209074 0.6353496 
G          1.0735349 0.5654490 0.8203030 0.6516692 1.0154347 0.5589499 0.0000000 1.3187039 0.8564091 1.0471618 
H          1.2683547 0.8095361 0.9970541 0.7969744 1.4162142 0.7341345 1.3187039 0.0000000 1.1251836 1.2565074 
I          0.7983797 0.5046616 0.6845896 0.6586876 0.8114638 0.5209074 0.8564091 1.1251836 0.0000000 0.8387727 
J          1.0019055 0.5914545 0.8760368 0.7638868 0.9767785 0.6353496 1.0471618 1.2565074 0.8387727 0.0000000 
