10
A          0.0000000 0.4522688 0.7499355 0.5747036 0.7959066 0.4226765 0.6293147 0.9375126 0.7040268 0.8051733 
B          0.4522688 0.0000000 0.4318054 0.2707808 0.5667368 0.1805748 0.4092054 0.6757039 0.4416938 0.5610502 
C          0.7499355 0.4318054 0.0000000 0.4707075 0.7209846 0.3656465 0.6719222 0.8632646 0.7337515 0.8207877 
D          0.5747036 0.2707808 0.4707075 0.0000000 0.6261699 0.2065438 0.4786439 0.7207777 0.5788886 0.6600445 
E          0.7959066 0.5667368 0.7209846 0.6261699 0.0000000 0.4562319 0.7679904 1.0064823 0.8049557 0.9318019 
F          0.4226765 0.1805748 0.3656465 0.2065438 0.4562319 0.0000000 0.3657601 0.5939818 0.4218255 0.5367972 
G          0.6293147 0.4092054 0.6719222 0.4786439 0.7679904 0.3657601 0.0000000 0.9666420 0.6779742 0.7525407 
H          0.9375126 0.6757039 0.8632646 0.7207777 1.0064823 0.5939818 0.9666420 0.0000000 0.9664724 1.0716403 
I          0.7040268 0.4416938 0.7337515 0.5788886 0.8049557 0.4218255 0.6779742 0.9664724 0.0000000 0.8416562 
J          0.8051733 0.5610502 0.8207877 0.6600445 0.9318019 0.5367972 0.7525407 1.0716403 0.8416562 0.0000000 
