10
A          0.0000000 0.4667378 0.6365247 0.5046758 0.7535125 0.3729436 0.7325410 0.7067383 0.6519375 0.7588014 
B          0.4667378 0.0000000 0.4324782 0.2957960 0.5432172 0.1804116 0.4750353 0.4927174 0.4517789 0.5792763 
C          0.6365247 0.4324782 0.0000000 0.5003358 0.8103885 0.3946369 0.6873201 0.7006336 0.7399353 0.7370498 
D          0.5046758 0.2957960 0.5003358 0.0000000 0.6689153 0.2452314 0.5908511 0.5688764 0.5143512 0.6695145 
E          0.7535125 0.5432172 0.8103885 0.6689153 0.0000000 0.5537302 0.8695562 0.8140172 0.8449780 0.8788859 
F          0.3729436 0.1804116 0.3946369 0.2452314 0.5537302 0.0000000 0.4380084 0.4907521 0.4193234 0.5242416 
G          0.7325410 0.4750353 0.6873201 0.5908511 0.8695562 0.4380084 0.0000000 0.7631753 0.8077603 0.8398391 
H          0.7067383 0.4927174 0.7006336 0.5688764 0.8140172 0.4907521 0.7631753 0.0000000 0.7934699 0.7446171 
I          0.6519375 0.4517789 0.7399353 0.5143512 0.8449780 0.4193234 0.8077603 0.7934699 0.0000000 0.8296918 
J          0.7588014 0.5792763 0.7370498 0.6695145 0.8788859 0.5242416 0.8398391 0.7446171 0.8296918 0.0000000 
