10
A          0.0000000 0.4615144 0.6399035 0.5474739 0.7724284 0.4229615 0.6935712 0.8111400 0.6689175 0.7232327 
B          0.4615144 0.0000000 0.4123062 0.3425341 0.5527372 0.1896676 0.4210763 0.6577704 0.4182437 0.6013388 
C          0.6399035 0.4123062 0.0000000 0.5060973 0.6811405 0.3694145 0.6186312 0.7028199 0.5914631 0.8014631 
D          0.5474739 0.3425341 0.5060973 0.0000000 0.6852971 0.2953238 0.5436028 0.7907118 0.5351671 0.6334221 
E          0.7724284 0.5527372 0.6811405 0.6852971 0.0000000 0.4819675 0.7760512 0.9237883 0.6905303 0.7576539 
F          0.4229615 0.1896676 0.3694145 0.2953238 0.4819675 0.0000000 0.3482409 0.6430045 0.4049570 0.5253626 
G          0.6935712 0.4210763 0.6186312 0.5436028 0.7760512 0.3482409 0.0000000 0.8546444 0.5842758 0.7790978 
H          0.8111400 0.6577704 0.7028199 0.7907118 0.9237883 0.6430045 0.8546444 0.0000000 0.8521938 0.9027396 
I          0.6689175 0.4182437 0.5914631 0.5351671 0.6905303 0.4049570 0.5842758 0.8521938 0.0000000 0.7554698 
J          0.7232327 0.6013388 0.8014631 0.6334221 0.7576539 0.5253626 0.7790978 0.9027396 0.7554698 0.0000000 
