10
A          0.0000000 0.4757649 0.7434432 0.6491623 0.8610385 0.4739044 0.9187076 0.9729736 0.7692276 0.8678854 
B          0.4757649 0.0000000 0.4676082 0.3549025 0.4748965 0.1786816 0.5325831 0.6922517 0.5093144 0.5365452 
C          0.7434432 0.4676082 0.0000000 0.5011841 0.6303239 0.3301319 0.6565046 0.7960022 0.5931548 0.7153130 
D          0.6491623 0.3549025 0.5011841 0.0000000 0.6727323 0.2493181 0.5964209 0.7544483 0.5842644 0.6725625 
E          0.8610385 0.4748965 0.6303239 0.6727323 0.0000000 0.5005667 0.7809081 0.9654456 0.7309373 0.8778878 
F          0.4739044 0.1786816 0.3301319 0.2493181 0.5005667 0.0000000 0.4734589 0.5881954 0.4711945 0.5195264 
G          0.9187076 0.5325831 0.6565046 0.5964209 0.7809081 0.4734589 0.0000000 0.9219116 0.8111443 0.9296006 
H          0.9729736 0.6922517 0.7960022 0.7544483 0.9654456 0.5881954 0.9219116 0.0000000 0.9725651 1.0805909 
I          0.7692276 0.5093144 0.5931548 0.5842644 0.7309373 0.4711945 0.8111443 0.9725651 0.0000000 0.9740661 
J          0.8678854 0.5365452 0.7153130 0.6725625 0.8778878 0.5195264 0.9296006 1.0805909 0.9740661 0.0000000 
