10
A          0.0000000 0.7067158 0.2280920 0.5461635 0.5383786 0.3236279 0.3862980 0.3068620 0.3796850 0.4792916 
B          0.7067158 0.0000000 0.7269784 0.9200073 1.1254645 0.7074632 0.8651769 0.8454083 0.8484950 1.0633156 
C          0.2280920 0.7269784 0.0000000 0.5743816 0.6441680 0.3207648 0.4074372 0.3455537 0.4120368 0.5708655 
D          0.5461635 0.9200073 0.5743816 0.0000000 0.8763501 0.7019158 0.7374521 0.5042261 0.7486586 0.9416381 
E          0.5383786 1.1254645 0.6441680 0.8763501 0.0000000 0.7397363 0.7843380 0.5705767 0.7424257 0.9400019 
F          0.3236279 0.7074632 0.3207648 0.7019158 0.7397363 0.0000000 0.5429476 0.4788173 0.5662786 0.6702015 
G          0.3862980 0.8651769 0.4074372 0.7374521 0.7843380 0.5429476 0.0000000 0.4702373 0.4145377 0.5565034 
H          0.3068620 0.8454083 0.3455537 0.5042261 0.5705767 0.4788173 0.4702373 0.0000000 0.4963768 0.6052069 
I          0.3796850 0.8484950 0.4120368 0.7486586 0.7424257 0.5662786 0.4145377 0.4963768 0.0000000 0.5758587 
J          0.4792916 1.0633156 0.5708655 0.9416381 0.9400019 0.6702015 0.5565034 0.6052069 0.5758587 0.0000000 
