10
A          0.0000000 0.5443493 0.2085419 0.4807309 0.5896304 0.2914237 0.3645956 0.2492094 0.3805796 0.4476258 
B          0.5443493 0.0000000 0.5425808 0.8399943 1.0395819 0.6850445 0.7715076 0.7011271 0.6456302 0.8322871 
C          0.2085419 0.5425808 0.0000000 0.5110000 0.6108999 0.2988241 0.4136424 0.2686419 0.3790713 0.4531350 
D          0.4807309 0.8399943 0.5110000 0.0000000 0.8203232 0.5412780 0.5748139 0.4749921 0.6157858 0.7007287 
E          0.5896304 1.0395819 0.6108999 0.8203232 0.0000000 0.6618056 0.7522587 0.5860623 0.6335784 0.7794384 
F          0.2914237 0.6850445 0.2988241 0.5412780 0.6618056 0.0000000 0.4530033 0.3534691 0.5168586 0.5166894 
G          0.3645956 0.7715076 0.4136424 0.5748139 0.7522587 0.4530033 0.0000000 0.3996302 0.3978467 0.5445641 
H          0.2492094 0.7011271 0.2686419 0.4749921 0.5860623 0.3534691 0.3996302 0.0000000 0.4016900 0.4791298 
I          0.3805796 0.6456302 0.3790713 0.6157858 0.6335784 0.5168586 0.3978467 0.4016900 0.0000000 0.6042713 
J          0.4476258 0.8322871 0.4531350 0.7007287 0.7794384 0.5166894 0.5445641 0.4791298 0.6042713 0.0000000 
