10
A          0.0000000 0.6715246 0.1898414 0.5484986 0.4735983 0.3151029 0.3086397 0.3022690 0.3368039 0.5728667 
B          0.6715246 0.0000000 0.5892803 0.9593403 1.0710390 0.6667965 0.9101004 0.7769052 0.9444361 1.2519679 
C          0.1898414 0.5892803 0.0000000 0.5570768 0.5258136 0.2638477 0.3290184 0.3317930 0.3720107 0.5913270 
D          0.5484986 0.9593403 0.5570768 0.0000000 0.7894025 0.6643855 0.6616074 0.4798793 0.6718353 0.9131514 
E          0.4735983 1.0710390 0.5258136 0.7894025 0.0000000 0.5903537 0.5924948 0.5060335 0.6377062 0.8834066 
F          0.3151029 0.6667965 0.2638477 0.6643855 0.5903537 0.0000000 0.4498317 0.4274564 0.5011323 0.7004555 
G          0.3086397 0.9101004 0.3290184 0.6616074 0.5924948 0.4498317 0.0000000 0.3851886 0.3755986 0.6354693 
H          0.3022690 0.7769052 0.3317930 0.4798793 0.5060335 0.4274564 0.3851886 0.0000000 0.4365007 0.6603179 
I          0.3368039 0.9444361 0.3720107 0.6718353 0.6377062 0.5011323 0.3755986 0.4365007 0.0000000 0.6773688 
J          0.5728667 1.2519679 0.5913270 0.9131514 0.8834066 0.7004555 0.6354693 0.6603179 0.6773688 0.0000000 
