10
A          0.0000000 0.5101002 0.2064215 0.3997420 0.5723376 0.3103682 0.2459767 0.2360291 0.3694682 0.4799243 
B          0.5101002 0.0000000 0.5736909 0.7095114 0.9505125 0.7115052 0.6365479 0.5691746 0.7443660 0.8921972 
C          0.2064215 0.5736909 0.0000000 0.4224552 0.5724744 0.3065771 0.2747399 0.2791325 0.3834143 0.5132015 
D          0.3997420 0.7095114 0.4224552 0.0000000 0.8332275 0.4965890 0.4694915 0.4553139 0.5415003 0.7030145 
E          0.5723376 0.9505125 0.5724744 0.8332275 0.0000000 0.6746709 0.7076480 0.5808403 0.7801106 1.0301106 
F          0.3103682 0.7115052 0.3065771 0.4965890 0.6746709 0.0000000 0.3748499 0.3351118 0.5288054 0.6492380 
G          0.2459767 0.6365479 0.2747399 0.4694915 0.7076480 0.3748499 0.0000000 0.3429372 0.4473300 0.5708331 
H          0.2360291 0.5691746 0.2791325 0.4553139 0.5808403 0.3351118 0.3429372 0.0000000 0.4473661 0.6029927 
I          0.3694682 0.7443660 0.3834143 0.5415003 0.7801106 0.5288054 0.4473300 0.4473661 0.0000000 0.7506066 
J          0.4799243 0.8921972 0.5132015 0.7030145 1.0301106 0.6492380 0.5708331 0.6029927 0.7506066 0.0000000 
