10
A          0.0000000 0.6155420 0.1845262 0.4764268 0.5526573 0.2409397 0.2786861 0.2270369 0.3652278 0.3926453 
B          0.6155420 0.0000000 0.5825225 0.8484957 0.8484344 0.6643019 0.6846783 0.6116489 0.8934020 0.7828094 
C          0.1845262 0.5825225 0.0000000 0.4320694 0.5078252 0.2692221 0.2601933 0.2256406 0.3727419 0.4178964 
D          0.4764268 0.8484957 0.4320694 0.0000000 0.7593805 0.5130322 0.5705805 0.4293658 0.6091489 0.6690115 
E          0.5526573 0.8484344 0.5078252 0.7593805 0.0000000 0.6000355 0.6316093 0.5379912 0.7467616 0.7359147 
F          0.2409397 0.6643019 0.2692221 0.5130322 0.6000355 0.0000000 0.3297421 0.2948096 0.4255451 0.4549813 
G          0.2786861 0.6846783 0.2601933 0.5705805 0.6316093 0.3297421 0.0000000 0.3319229 0.4921084 0.4824996 
H          0.2270369 0.6116489 0.2256406 0.4293658 0.5379912 0.2948096 0.3319229 0.0000000 0.4092451 0.4146475 
I          0.3652278 0.8934020 0.3727419 0.6091489 0.7467616 0.4255451 0.4921084 0.4092451 0.0000000 0.6086423 
J          0.3926453 0.7828094 0.4178964 0.6690115 0.7359147 0.4549813 0.4824996 0.4146475 0.6086423 0.0000000 
