10
A          0.0000000 0.6156835 0.2220707 0.4986666 0.4933225 0.2583980 0.2840024 0.2124537 0.3571917 0.4792292 
B          0.6156835 0.0000000 0.6955855 0.9530445 0.9988930 0.7251027 0.7441815 0.6690462 0.8087693 0.8972412 
C          0.2220707 0.6955855 0.0000000 0.5029779 0.5744588 0.3085090 0.3243453 0.2607999 0.4111912 0.5309363 
D          0.4986666 0.9530445 0.5029779 0.0000000 0.7802290 0.5154147 0.5785222 0.4969298 0.6392766 0.7530783 
E          0.4933225 0.9988930 0.5744588 0.7802290 0.0000000 0.6702101 0.7077279 0.5923034 0.6964764 0.9071359 
F          0.2583980 0.7251027 0.3085090 0.5154147 0.6702101 0.0000000 0.3636569 0.3194236 0.4523669 0.5296136 
G          0.2840024 0.7441815 0.3243453 0.5785222 0.7077279 0.3636569 0.0000000 0.3591019 0.4732640 0.5649096 
H          0.2124537 0.6690462 0.2607999 0.4969298 0.5923034 0.3194236 0.3591019 0.0000000 0.4421226 0.5188933 
I          0.3571917 0.8087693 0.4111912 0.6392766 0.6964764 0.4523669 0.4732640 0.4421226 0.0000000 0.6565325 
J          0.4792292 0.8972412 0.5309363 0.7530783 0.9071359 0.5296136 0.5649096 0.5188933 0.6565325 0.0000000 
