10
A          0.0000000 0.6000163 0.2128825 0.4355696 0.5046807 0.2678451 0.2494174 0.1914297 0.2996397 0.4111820 
B          0.6000163 0.0000000 0.6114663 0.8150245 0.9211068 0.7260105 0.6723412 0.6471699 0.7112832 0.8337302 
C          0.2128825 0.6114663 0.0000000 0.4545219 0.5387698 0.2685275 0.2699276 0.2057212 0.3120165 0.4302817 
D          0.4355696 0.8150245 0.4545219 0.0000000 0.7195489 0.4846250 0.5309433 0.4107822 0.5578709 0.6792137 
E          0.5046807 0.9211068 0.5387698 0.7195489 0.0000000 0.5530794 0.5676489 0.5029483 0.6728350 0.7635500 
F          0.2678451 0.7260105 0.2685275 0.4846250 0.5530794 0.0000000 0.3472353 0.2775754 0.4112632 0.4701911 
G          0.2494174 0.6723412 0.2699276 0.5309433 0.5676489 0.3472353 0.0000000 0.2429772 0.3693558 0.4542491 
H          0.1914297 0.6471699 0.2057212 0.4107822 0.5029483 0.2775754 0.2429772 0.0000000 0.3177215 0.4254713 
I          0.2996397 0.7112832 0.3120165 0.5578709 0.6728350 0.4112632 0.3693558 0.3177215 0.0000000 0.5444030 
J          0.4111820 0.8337302 0.4302817 0.6792137 0.7635500 0.4701911 0.4542491 0.4254713 0.5444030 0.0000000 
