10
A          0.0000000 0.5143036 0.1979262 0.4290826 0.5066302 0.2494898 0.2451760 0.1798782 0.3111688 0.4308777 
B          0.5143036 0.0000000 0.5734399 0.9086421 0.9443005 0.6719059 0.6557681 0.6366045 0.7523015 0.9227983 
C          0.1979262 0.5734399 0.0000000 0.4807019 0.5503360 0.2834177 0.3085847 0.2515938 0.3777207 0.4687389 
D          0.4290826 0.9086421 0.4807019 0.0000000 0.6736046 0.5138145 0.5339731 0.4118435 0.5614364 0.7568653 
E          0.5066302 0.9443005 0.5503360 0.6736046 0.0000000 0.6001577 0.6051703 0.5437396 0.6556190 0.7642160 
F          0.2494898 0.6719059 0.2834177 0.5138145 0.6001577 0.0000000 0.3343670 0.3152290 0.4381775 0.5276673 
G          0.2451760 0.6557681 0.3085847 0.5339731 0.6051703 0.3343670 0.0000000 0.2952245 0.3906748 0.5098606 
H          0.1798782 0.6366045 0.2515938 0.4118435 0.5437396 0.3152290 0.2952245 0.0000000 0.3504657 0.4369584 
I          0.3111688 0.7523015 0.3777207 0.5614364 0.6556190 0.4381775 0.3906748 0.3504657 0.0000000 0.5529858 
J          0.4308777 0.9227983 0.4687389 0.7568653 0.7642160 0.5276673 0.5098606 0.4369584 0.5529858 0.0000000 
