10
A          0.0000000 0.4889667 0.1689053 0.4384919 0.4785341 0.2529568 0.2305036 0.1943637 0.3007163 0.3977294 
B          0.4889667 0.0000000 0.5213981 0.8824593 0.8646607 0.5951518 0.6019617 0.5188999 0.6214324 0.7945585 
C          0.1689053 0.5213981 0.0000000 0.4678926 0.5028129 0.2957076 0.2325433 0.2090839 0.3493162 0.4014967 
D          0.4384919 0.8824593 0.4678926 0.0000000 0.7838218 0.5726308 0.5528296 0.4763078 0.6327032 0.7334579 
E          0.4785341 0.8646607 0.5028129 0.7838218 0.0000000 0.5671472 0.5308961 0.5669790 0.6039459 0.6635416 
F          0.2529568 0.5951518 0.2957076 0.5726308 0.5671472 0.0000000 0.3579651 0.3048924 0.4005807 0.4879009 
G          0.2305036 0.6019617 0.2325433 0.5528296 0.5308961 0.3579651 0.0000000 0.2584320 0.4127868 0.4657890 
H          0.1943637 0.5188999 0.2090839 0.4763078 0.5669790 0.3048924 0.2584320 0.0000000 0.3633476 0.4784638 
I          0.3007163 0.6214324 0.3493162 0.6327032 0.6039459 0.4005807 0.4127868 0.3633476 0.0000000 0.5595508 
J          0.3977294 0.7945585 0.4014967 0.7334579 0.6635416 0.4879009 0.4657890 0.4784638 0.5595508 0.0000000 
