10
A          0.0000000 0.5411977 0.1803904 0.3121803 0.4913333 0.2657907 0.2268016 0.1986268 0.3248179 0.3823848 
B          0.5411977 0.0000000 0.5860029 0.7651922 0.9932387 0.7001150 0.6756759 0.5484826 0.7576172 0.8528717 
C          0.1803904 0.5860029 0.0000000 0.3729378 0.5673940 0.2894311 0.2638488 0.2288156 0.3523006 0.4161295 
D          0.3121803 0.7651922 0.3729378 0.0000000 0.6803891 0.4000439 0.4266232 0.3855842 0.5209544 0.5587488 
E          0.4913333 0.9932387 0.5673940 0.6803891 0.0000000 0.6406244 0.6311183 0.5936172 0.6823946 0.6739281 
F          0.2657907 0.7001150 0.2894311 0.4000439 0.6406244 0.0000000 0.3308336 0.3072550 0.4239362 0.4729690 
G          0.2268016 0.6756759 0.2638488 0.4266232 0.6311183 0.3308336 0.0000000 0.2731609 0.4221133 0.4236979 
H          0.1986268 0.5484826 0.2288156 0.3855842 0.5936172 0.3072550 0.2731609 0.0000000 0.3927892 0.4525736 
I          0.3248179 0.7576172 0.3523006 0.5209544 0.6823946 0.4239362 0.4221133 0.3927892 0.0000000 0.5400547 
J          0.3823848 0.8528717 0.4161295 0.5587488 0.6739281 0.4729690 0.4236979 0.4525736 0.5400547 0.0000000 
