10
A          0.0000000 0.5072253 0.1607328 0.3828294 0.4775995 0.2309373 0.2331059 0.1795142 0.2750066 0.4421386 
B          0.5072253 0.0000000 0.4932831 0.6985947 0.8169560 0.6107571 0.6490111 0.5339677 0.6406380 0.6921174 
C          0.1607328 0.4932831 0.0000000 0.3775324 0.4751797 0.2222137 0.2415936 0.2150142 0.3012468 0.4290747 
D          0.3828294 0.6985947 0.3775324 0.0000000 0.6871531 0.4997182 0.4369002 0.4173872 0.5552223 0.6732773 
E          0.4775995 0.8169560 0.4751797 0.6871531 0.0000000 0.6102368 0.6147676 0.5241610 0.6271116 0.7272962 
F          0.2309373 0.6107571 0.2222137 0.4997182 0.6102368 0.0000000 0.3149191 0.2755091 0.3888960 0.5320243 
G          0.2331059 0.6490111 0.2415936 0.4369002 0.6147676 0.3149191 0.0000000 0.2651451 0.3699949 0.4902380 
H          0.1795142 0.5339677 0.2150142 0.4173872 0.5241610 0.2755091 0.2651451 0.0000000 0.3279833 0.4758199 
I          0.2750066 0.6406380 0.3012468 0.5552223 0.6271116 0.3888960 0.3699949 0.3279833 0.0000000 0.5744297 
J          0.4421386 0.6921174 0.4290747 0.6732773 0.7272962 0.5320243 0.4902380 0.4758199 0.5744297 0.0000000 
