10
A          0.0000000 0.6205871 0.1924311 0.4368114 0.5333761 0.2915263 0.2203895 0.2362509 0.3083298 0.3816263 
B          0.6205871 0.0000000 0.6173837 0.8727621 0.9484846 0.6871810 0.6343501 0.7299087 0.7703170 0.7415381 
C          0.1924311 0.6173837 0.0000000 0.4295560 0.5889393 0.3037597 0.2736278 0.2308783 0.3510797 0.4398200 
D          0.4368114 0.8727621 0.4295560 0.0000000 0.7649197 0.5927214 0.4733794 0.4865060 0.5902430 0.5429203 
E          0.5333761 0.9484846 0.5889393 0.7649197 0.0000000 0.6419572 0.6339242 0.6326602 0.6771145 0.7554408 
F          0.2915263 0.6871810 0.3037597 0.5927214 0.6419572 0.0000000 0.3730355 0.3697181 0.4247567 0.4961431 
G          0.2203895 0.6343501 0.2736278 0.4733794 0.6339242 0.3730355 0.0000000 0.3184215 0.3746623 0.4658095 
H          0.2362509 0.7299087 0.2308783 0.4865060 0.6326602 0.3697181 0.3184215 0.0000000 0.3991094 0.4653232 
I          0.3083298 0.7703170 0.3510797 0.5902430 0.6771145 0.4247567 0.3746623 0.3991094 0.0000000 0.5153314 
J          0.3816263 0.7415381 0.4398200 0.5429203 0.7554408 0.4961431 0.4658095 0.4653232 0.5153314 0.0000000 
