10
A          0.0000000 0.2555785 0.6876447 0.3962027 0.3093129 0.5392434 0.5789618 0.4230304 0.4063251 0.4514404 
B          0.2555785 0.0000000 0.6206815 0.2647760 0.1962700 0.3906859 0.4559218 0.2932760 0.2618174 0.3571069 
C          0.6876447 0.6206815 0.0000000 0.6932150 0.6554725 0.7678008 0.9613124 0.7621902 0.7074916 0.8007510 
D          0.3962027 0.2647760 0.6932150 0.0000000 0.3201540 0.5354416 0.5944855 0.3885634 0.3748154 0.4205130 
E          0.3093129 0.1962700 0.6554725 0.3201540 0.0000000 0.4450826 0.5013684 0.3579016 0.3374558 0.3716572 
F          0.5392434 0.3906859 0.7678008 0.5354416 0.4450826 0.0000000 0.6849891 0.5576958 0.5096686 0.6063672 
G          0.5789618 0.4559218 0.9613124 0.5944855 0.5013684 0.6849891 0.0000000 0.5735346 0.5836622 0.6069781 
H          0.4230304 0.2932760 0.7621902 0.3885634 0.3579016 0.5576958 0.5735346 0.0000000 0.3814163 0.5070842 
I          0.4063251 0.2618174 0.7074916 0.3748154 0.3374558 0.5096686 0.5836622 0.3814163 0.0000000 0.4480313 
J          0.4514404 0.3571069 0.8007510 0.4205130 0.3716572 0.6063672 0.6069781 0.5070842 0.4480313 0.0000000 
