10
A          0.0000000 0.3033581 0.6660299 0.5216755 0.3587364 0.6305142 0.5888238 0.4437598 0.3981745 0.5631963 
B          0.3033581 0.0000000 0.5143400 0.3411031 0.1773277 0.4114806 0.4258306 0.2930462 0.2820593 0.3990429 
C          0.6660299 0.5143400 0.0000000 0.7445404 0.5272493 0.7442735 0.7630226 0.6371347 0.6396580 0.8080655 
D          0.5216755 0.3411031 0.7445404 0.0000000 0.3577340 0.6452512 0.6550642 0.4857473 0.4901303 0.6639580 
E          0.3587364 0.1773277 0.5272493 0.3577340 0.0000000 0.4611361 0.4983869 0.3628639 0.3572110 0.4421168 
F          0.6305142 0.4114806 0.7442735 0.6452512 0.4611361 0.0000000 0.8146159 0.5799679 0.5830523 0.6944630 
G          0.5888238 0.4258306 0.7630226 0.6550642 0.4983869 0.8146159 0.0000000 0.5585454 0.5441148 0.6928071 
H          0.4437598 0.2930462 0.6371347 0.4857473 0.3628639 0.5799679 0.5585454 0.0000000 0.4272483 0.5183842 
I          0.3981745 0.2820593 0.6396580 0.4901303 0.3572110 0.5830523 0.5441148 0.4272483 0.0000000 0.5502707 
J          0.5631963 0.3990429 0.8080655 0.6639580 0.4421168 0.6944630 0.6928071 0.5183842 0.5502707 0.0000000 
