10
A          0.0000000 0.2497685 0.6262101 0.4538260 0.2865638 0.4497679 0.4966123 0.4253245 0.3421720 0.4875813 
B          0.2497685 0.0000000 0.5610429 0.2992275 0.1977317 0.3925384 0.4706332 0.2698059 0.2607622 0.3491648 
C          0.6262101 0.5610429 0.0000000 0.7186876 0.6781688 0.7331732 0.7572581 0.7038501 0.7041453 0.7748394 
D          0.4538260 0.2992275 0.7186876 0.0000000 0.3936087 0.5039998 0.5621679 0.4389182 0.3918589 0.5353666 
E          0.2865638 0.1977317 0.6781688 0.3936087 0.0000000 0.4401170 0.4715911 0.3440412 0.3255779 0.3818654 
F          0.4497679 0.3925384 0.7331732 0.5039998 0.4401170 0.0000000 0.6070023 0.5634829 0.4989201 0.6545391 
G          0.4966123 0.4706332 0.7572581 0.5621679 0.4715911 0.6070023 0.0000000 0.6291195 0.5309323 0.6672767 
H          0.4253245 0.2698059 0.7038501 0.4389182 0.3440412 0.5634829 0.6291195 0.0000000 0.3901232 0.4612750 
I          0.3421720 0.2607622 0.7041453 0.3918589 0.3255779 0.4989201 0.5309323 0.3901232 0.0000000 0.4167368 
J          0.4875813 0.3491648 0.7748394 0.5353666 0.3818654 0.6545391 0.6672767 0.4612750 0.4167368 0.0000000 
