10
A          0.0000000 0.2567165 0.6963329 0.4173858 0.2877431 0.5528278 0.4993221 0.4789409 0.4248655 0.5236709 
B          0.2567165 0.0000000 0.5614712 0.2672560 0.1910782 0.4156123 0.3720700 0.4024309 0.3001656 0.4338197 
C          0.6963329 0.5614712 0.0000000 0.7287604 0.6158640 0.8200681 0.7355421 0.8575954 0.7282792 0.8554643 
D          0.4173858 0.2672560 0.7287604 0.0000000 0.3361398 0.5632887 0.5976846 0.4878707 0.4085413 0.5621474 
E          0.2877431 0.1910782 0.6158640 0.3361398 0.0000000 0.4297706 0.4125714 0.4347189 0.3461401 0.4665479 
F          0.5528278 0.4156123 0.8200681 0.5632887 0.4297706 0.0000000 0.5883859 0.6870078 0.5744922 0.7231434 
G          0.4993221 0.3720700 0.7355421 0.5976846 0.4125714 0.5883859 0.0000000 0.6869147 0.5460709 0.6952226 
H          0.4789409 0.4024309 0.8575954 0.4878707 0.4347189 0.6870078 0.6869147 0.0000000 0.4491202 0.5933338 
I          0.4248655 0.3001656 0.7282792 0.4085413 0.3461401 0.5744922 0.5460709 0.4491202 0.0000000 0.4544126 
J          0.5236709 0.4338197 0.8554643 0.5621474 0.4665479 0.7231434 0.6952226 0.5933338 0.4544126 0.0000000 
