10
A          0.0000000 0.3182801 0.8134387 0.5341763 0.3569496 0.6340415 0.6442421 0.5558868 0.4638677 0.5987802 
B          0.3182801 0.0000000 0.6609667 0.3398744 0.2164612 0.4828429 0.5646639 0.3695124 0.3065090 0.3774867 
C          0.8134387 0.6609667 0.0000000 0.8733183 0.6489290 0.8592229 0.9559006 0.8217179 0.8835773 0.8825547 
D          0.5341763 0.3398744 0.8733183 0.0000000 0.4133039 0.7255061 0.6663997 0.5052966 0.5003989 0.5049160 
E          0.3569496 0.2164612 0.6489290 0.4133039 0.0000000 0.4993316 0.5363513 0.4960812 0.3915855 0.5247278 
F          0.6340415 0.4828429 0.8592229 0.7255061 0.4993316 0.0000000 0.6775226 0.7093525 0.6436530 0.7412512 
G          0.6442421 0.5646639 0.9559006 0.6663997 0.5363513 0.6775226 0.0000000 0.7439033 0.7055965 0.7967153 
H          0.5558868 0.3695124 0.8217179 0.5052966 0.4960812 0.7093525 0.7439033 0.0000000 0.4917193 0.6359886 
I          0.4638677 0.3065090 0.8835773 0.5003989 0.3915855 0.6436530 0.7055965 0.4917193 0.0000000 0.5078433 
J          0.5987802 0.3774867 0.8825547 0.5049160 0.5247278 0.7412512 0.7967153 0.6359886 0.5078433 0.0000000 
