10
A          0.0000000 0.3173913 0.6969911 0.5518185 0.3302008 0.5518038 0.6857719 0.4696283 0.5162500 0.5699886 
B          0.3173913 0.0000000 0.5274872 0.3094243 0.1777237 0.3434020 0.4269026 0.3057604 0.2716137 0.3250770 
C          0.6969911 0.5274872 0.0000000 0.6344040 0.5602896 0.7948582 0.7704003 0.7005006 0.6654091 0.8127656 
D          0.5518185 0.3094243 0.6344040 0.0000000 0.3670804 0.5374185 0.5718650 0.4765627 0.5220949 0.5701121 
E          0.3302008 0.1777237 0.5602896 0.3670804 0.0000000 0.3601868 0.4441390 0.3180578 0.3291084 0.4040281 
F          0.5518038 0.3434020 0.7948582 0.5374185 0.3601868 0.0000000 0.5636304 0.5252400 0.5131293 0.5870914 
G          0.6857719 0.4269026 0.7704003 0.5718650 0.4441390 0.5636304 0.0000000 0.5590278 0.5719363 0.5917496 
H          0.4696283 0.3057604 0.7005006 0.4765627 0.3180578 0.5252400 0.5590278 0.0000000 0.4670673 0.5531552 
I          0.5162500 0.2716137 0.6654091 0.5220949 0.3291084 0.5131293 0.5719363 0.4670673 0.0000000 0.5199710 
J          0.5699886 0.3250770 0.8127656 0.5701121 0.4040281 0.5870914 0.5917496 0.5531552 0.5199710 0.0000000 
