10
A          0.0000000 0.2752129 0.6602642 0.4284520 0.3334166 0.5009537 0.5490653 0.4353101 0.4166207 0.4374323 
B          0.2752129 0.0000000 0.4955400 0.2696663 0.1769069 0.3162251 0.3510247 0.2821400 0.2447113 0.2713640 
C          0.6602642 0.4955400 0.0000000 0.6588718 0.5844781 0.6953122 0.7749439 0.6994247 0.6373499 0.6763353 
D          0.4284520 0.2696663 0.6588718 0.0000000 0.3286013 0.4545830 0.5303484 0.4217365 0.4048736 0.4435811 
E          0.3334166 0.1769069 0.5844781 0.3286013 0.0000000 0.3926472 0.4329458 0.3558698 0.3297841 0.3273945 
F          0.5009537 0.3162251 0.6953122 0.4545830 0.3926472 0.0000000 0.5670431 0.5431552 0.4322701 0.5123825 
G          0.5490653 0.3510247 0.7749439 0.5303484 0.4329458 0.5670431 0.0000000 0.5512078 0.4529552 0.4757131 
H          0.4353101 0.2821400 0.6994247 0.4217365 0.3558698 0.5431552 0.5512078 0.0000000 0.4312176 0.3863859 
I          0.4166207 0.2447113 0.6373499 0.4048736 0.3297841 0.4322701 0.4529552 0.4312176 0.0000000 0.4013294 
J          0.4374323 0.2713640 0.6763353 0.4435811 0.3273945 0.5123825 0.4757131 0.3863859 0.4013294 0.0000000 
