10
A          0.0000000 0.2788432 0.6832136 0.4818867 0.3596905 0.4769823 0.5453840 0.4569079 0.3909265 0.5020412 
B          0.2788432 0.0000000 0.5050495 0.2828923 0.1683262 0.2934755 0.3268210 0.3106472 0.2354034 0.3258153 
C          0.6832136 0.5050495 0.0000000 0.6216023 0.5106270 0.5954544 0.6497022 0.6289131 0.6084665 0.6213020 
D          0.4818867 0.2828923 0.6216023 0.0000000 0.3360355 0.5179189 0.5784937 0.5226263 0.3806638 0.4801968 
E          0.3596905 0.1683262 0.5106270 0.3360355 0.0000000 0.3671293 0.4184102 0.3769159 0.2935017 0.3931485 
F          0.4769823 0.2934755 0.5954544 0.5179189 0.3671293 0.0000000 0.5108359 0.5286155 0.4001669 0.4841051 
G          0.5453840 0.3268210 0.6497022 0.5784937 0.4184102 0.5108359 0.0000000 0.5293552 0.4625098 0.5514826 
H          0.4569079 0.3106472 0.6289131 0.5226263 0.3769159 0.5286155 0.5293552 0.0000000 0.4134730 0.4769078 
I          0.3909265 0.2354034 0.6084665 0.3806638 0.2935017 0.4001669 0.4625098 0.4134730 0.0000000 0.4410953 
J          0.5020412 0.3258153 0.6213020 0.4801968 0.3931485 0.4841051 0.5514826 0.4769078 0.4410953 0.0000000 
