10
A          0.0000000 0.2772300 0.7352773 0.4602342 0.3127338 0.4597729 0.5442080 0.4692981 0.4130945 0.5183000 
B          0.2772300 0.0000000 0.5067162 0.2460199 0.1396432 0.3182666 0.3657352 0.2874877 0.2398078 0.3820406 
C          0.7352773 0.5067162 0.0000000 0.7032515 0.5869084 0.7382118 0.7472548 0.7216269 0.7054601 0.7729356 
D          0.4602342 0.2460199 0.7032515 0.0000000 0.3150437 0.4756518 0.5205557 0.4798943 0.4245961 0.5296368 
E          0.3127338 0.1396432 0.5869084 0.3150437 0.0000000 0.3852597 0.4158306 0.3504350 0.2768931 0.4192883 
F          0.4597729 0.3182666 0.7382118 0.4756518 0.3852597 0.0000000 0.6130599 0.4973719 0.5002614 0.5811336 
G          0.5442080 0.3657352 0.7472548 0.5205557 0.4158306 0.6130599 0.0000000 0.5580552 0.5316330 0.5265368 
H          0.4692981 0.2874877 0.7216269 0.4798943 0.3504350 0.4973719 0.5580552 0.0000000 0.4308960 0.5063986 
I          0.4130945 0.2398078 0.7054601 0.4245961 0.2768931 0.5002614 0.5316330 0.4308960 0.0000000 0.5154333 
J          0.5183000 0.3820406 0.7729356 0.5296368 0.4192883 0.5811336 0.5265368 0.5063986 0.5154333 0.0000000 
